<?xml version="1.0"?>
<opencv_storage>
<vocabulary type_id="opencv-matrix">
  <rows>81</rows>
  <cols>1</cols>
  <dt>f</dt>
  <data>
    -1.14770234e-01 1.67652607e-01 -9.25966352e-02 -1.00128278e-01
    4.19044755e-02 5.07679097e-02 -1.21559903e-01 6.39911648e-03
    -1.14881601e-02 2.16407925e-01 -2.84957170e-01 2.74537094e-02
    4.48588997e-01 -1.82225138e-01 -4.19171192e-02 3.86250243e-02
    1.52608335e-01 1.13307545e-02 -1.66853383e-01 1.77568972e-01
    2.20177010e-01 -8.90348494e-01 2.90547609e-01 1.57839015e-01
    -5.22334218e-01 1.02012224e-01 -1.34050786e-01 1.14863209e-01
    -7.07749948e-02 -3.62583458e-01 1.29572749e+00 -8.80878747e-01
    1.58331737e-01 1.10307598e+00 -6.72693312e-01 3.66883993e-01
    -2.19629139e-01 5.43795526e-01 -7.06772387e-01 -4.14465338e-01
    1.55733442e+00 3.97822112e-01 -1.43640721e+00 7.89291024e-01
    -4.16011691e-01 4.13231879e-01 -1.33521438e+00 2.23486567e+00
    -1.42518485e+00 1.20886064e+00 -1.29493904e+00 1.35584700e+00
    -7.03848898e-01 4.21865374e-01 -4.15286690e-01 1.61849260e+00
    -2.95386434e+00 2.55538678e+00 -1.99016845e+00 1.56184411e+00
    -1.21576393e+00 5.95869064e-01 -3.74714792e-01 2.88635105e-01
    -1.21990597e+00 2.11192155e+00 -1.86927104e+00 1.18756509e+00
    -7.67222703e-01 3.27177465e-01 -1.18466783e-02 1.51678503e-01
    -1.11119695e-01 4.28679138e-01 -6.48016453e-01 4.95390326e-01
    -1.71568632e-01 -1.23819169e-02 1.61497489e-01 -1.90671086e-01
    -4.86085773e-04</data></vocabulary>
</opencv_storage>
