<?xml version="1.0"?>
<opencv_storage>
<vocabulary type_id="opencv-matrix">
  <rows>81</rows>
  <cols>1</cols>
  <dt>f</dt>
  <data>
    -4.58855677e+00 1.91414146e+01 -3.93126345e+00 -1.67613716e+01
    2.23091736e+01 -1.48252785e+00 -9.30113029e+00 1.13424931e+01
    -1.60728951e+01 5.98477030e+00 -3.85800247e+01 1.73472633e+01
    5.00897598e+00 -2.13703499e+01 -2.83924055e+00 2.01904602e+01
    -1.40087585e+01 2.19402256e+01 1.60593152e+00 2.69162006e+01
    -8.84629154e+00 1.93401718e+01 2.18484545e+00 -5.09007215e+00
    -9.42463589e+00 -1.21345291e+01 1.10587132e+00 -1.14974041e+01
    -3.02599478e+00 -1.00996990e+01 -5.17374659e+00 -8.01296806e+00
    2.42565441e+01 -2.45701480e+00 1.67081833e+01 -1.46326327e+00
    2.18433380e+01 -1.58801565e+01 1.76880658e+00 -8.01805079e-01
    -3.77516556e+00 -1.95879345e+01 -9.96156693e+00 1.61470089e+01
    -2.56737366e+01 -1.77076550e+01 1.63450108e+01 8.97754765e+00
    7.65533304e+00 1.28213511e+01 1.15886831e+01 1.42335644e+01
    -2.85132504e+01 1.19784279e+01 -2.02363297e-01 -3.24759936e+00
    -1.34992962e+01 -2.58151226e+01 -3.18378496e+00 -1.21172628e+01
    -2.33639717e+00 1.51994410e+01 4.33031120e+01 6.70618391e+00
    -1.52630508e+00 1.02710400e+01 2.68713055e+01 -2.23762870e+00
    1.00189838e+01 -2.99835777e+00 -6.35285091e+00 -5.24043846e+01
    -2.02255654e+00 -6.41752779e-01 -1.36346257e+00 -1.04253654e+01
    1.82944632e+00 -4.27308559e+00 1.86778367e+00 1.58554804e+00
    1.73132763e+01</data></vocabulary>
</opencv_storage>
