<?xml version="1.0"?>
<opencv_storage>
<vocabulary type_id="opencv-matrix">
  <rows>81</rows>
  <cols>1</cols>
  <dt>f</dt>
  <data>
    6.80617332e+00 -1.22225523e+01 4.30724220e+01 -1.66120255e+02
    1.98306580e+02 -1.26443726e+02 6.31679993e+01 -2.25281467e+01
    1.36569557e+01 -3.06887379e+01 6.01617317e+01 -5.70029736e+00
    2.09586391e+01 -1.76918106e+01 -3.74987183e+01 5.82394638e+01
    1.16764460e+01 -5.12844849e+01 1.65345116e+01 -6.95659866e+01
    2.51988354e+01 -9.57805557e+01 7.22111588e+01 4.74998360e+01
    -1.86211796e+01 1.02020426e+01 7.44913578e+00 7.69521790e+01
    -5.37920151e+01 1.08942238e+02 -3.86176944e+00 -3.54284210e+01
    -1.26231209e+02 6.51054955e+00 3.49045029e+01 -7.08259726e+00
    -1.51344500e+01 -8.84254684e+01 4.47204285e+01 -2.42473602e+01
    -3.35772443e+00 1.10410866e+02 -5.22935982e+01 -6.56961517e+01
    5.33490295e+01 4.33790627e+01 -5.61063232e+01 1.23763390e+01
    -2.46030445e+01 -1.42815752e+01 1.56433350e+02 -6.75904312e+01
    1.05383545e+02 -6.80648041e+01 -1.25007362e+01 8.70658951e+01
    7.04981136e+00 1.63194199e+01 -5.32997971e+01 -4.29957695e+01
    -1.29091385e+02 -2.23892212e+01 8.16628952e+01 -6.47113647e+01
    1.15297935e+02 -1.03682014e+02 -1.65722466e+01 1.10594490e+02
    8.71090240e+01 -7.99462652e+00 -7.95569420e+00 -7.31331348e+00
    -5.97959566e+00 -1.57513180e+01 -3.01915874e+01 4.72401619e+01
    -6.06534119e+01 -7.82613449e+01 4.78865280e+01 5.35456963e+01
    -4.15973434e+01</data></vocabulary>
</opencv_storage>
