<?xml version="1.0"?>
<opencv_storage>
<vocabulary type_id="opencv-matrix">
  <rows>81</rows>
  <cols>1</cols>
  <dt>f</dt>
  <data>
    1.09055710e+00 -1.72724009e+00 6.74823642e-01 2.67686033e+00
    -6.80329800e+00 1.02172241e+01 -1.21684208e+01 9.15928173e+00
    -3.51948476e+00 -2.14792657e+00 2.14405608e+00 2.32652879e+00
    -1.07917156e+01 2.03242798e+01 -2.83188381e+01 3.34967613e+01
    -2.58850327e+01 9.95180321e+00 2.65572453e+00 2.08918616e-01
    -1.12571783e+01 2.62320919e+01 -4.10225487e+01 4.78946991e+01
    -4.93342400e+01 3.63402786e+01 -1.38055410e+01 -3.47778702e+00
    -2.09418869e+00 1.87839508e+01 -3.94352303e+01 5.85810852e+01
    -6.26782265e+01 5.80344849e+01 -4.07314758e+01 1.56410646e+01
    7.18697357e+00 -1.03744125e+01 2.89849830e+00 1.63653717e+01
    -3.63461914e+01 4.55038261e+01 -4.48070374e+01 3.26886940e+01
    -1.36995153e+01 -1.13988619e+01 2.95396042e+01 -4.03830605e+01
    2.61511955e+01 -2.71084881e+00 -1.23499708e+01 1.98015022e+01
    -1.76960220e+01 9.34600163e+00 8.71879196e+00 -2.44342060e+01
    3.52024345e+01 -2.25279388e+01 9.88981903e-01 1.19899120e+01
    -1.67750664e+01 1.34978142e+01 -6.85191679e+00 -2.39393711e+00
    5.67780590e+00 -5.66006660e+00 -5.06907940e+00 1.81373196e+01
    -2.43519611e+01 2.36741657e+01 -1.48871326e+01 5.48332691e+00
    -5.82249351e-02 4.95791793e-01 -2.07818842e+00 6.64940500e+00
    -1.13834982e+01 1.40952692e+01 -1.37257643e+01 8.18826771e+00
    -2.56593418e+00</data></vocabulary>
</opencv_storage>
