<?xml version="1.0"?>
<opencv_storage>
<vocabulary type_id="opencv-matrix">
  <rows>81</rows>
  <cols>1</cols>
  <dt>f</dt>
  <data>
    9.67070088e-02 -9.45533812e-02 2.43200716e-02 2.31402233e-01
    -2.17207089e-01 4.31386560e-01 -9.65477705e-01 6.45995617e-01
    -1.90111965e-01 -2.64397174e-01 4.28660542e-01 -4.28718030e-01
    -1.86201096e-01 3.72346014e-01 -9.46154296e-01 2.32948756e+00
    -1.84899437e+00 6.04663372e-01 2.90832400e-01 -7.33829379e-01
    9.85906780e-01 -1.65299401e-01 -4.97288764e-01 1.03393734e+00
    -2.55466604e+00 1.91403198e+00 -6.52892411e-01 -2.85601228e-01
    9.31252539e-01 -1.31421030e+00 5.72299778e-01 -3.81546527e-01
    4.00752306e-01 1.56211698e+00 -1.40420985e+00 5.55819273e-01
    3.55838656e-01 -8.99006724e-01 9.32601273e-01 -4.04815465e-01
    1.70074880e+00 -4.77773994e-01 -1.27867055e+00 1.20492566e+00
    -4.98842984e-01 -4.14937198e-01 6.25613928e-01 3.10258549e-02
    -1.09068894e+00 1.32852817e+00 -1.09010756e+00 1.61298287e+00
    -1.30402064e+00 5.34287453e-01 3.24214518e-01 -2.14028254e-01
    -9.42890882e-01 2.02842188e+00 -1.97693706e+00 1.24444783e+00
    -1.10931373e+00 7.92621136e-01 -3.58705699e-01 -2.06959322e-01
    1.19155385e-01 6.15175128e-01 -1.18773913e+00 1.05613554e+00
    -5.17124176e-01 1.19095184e-01 2.49171574e-02 6.34649396e-02
    1.14930704e-01 -1.39146164e-01 -1.50566086e-01 4.39397782e-01
    -3.51364881e-01 4.81487028e-02 1.52845442e-01 -1.50033548e-01
    1.37482146e-02</data></vocabulary>
</opencv_storage>
