<?xml version="1.0"?>
<opencv_storage>
<vocabulary type_id="opencv-matrix">
  <rows>81</rows>
  <cols>1</cols>
  <dt>f</dt>
  <data>
    6.70688987e-01 -3.08695853e-01 -7.54366159e-01 -1.53409913e-01
    2.24286175e+00 -3.15758491e+00 3.12220311e+00 -2.16399550e+00
    6.52204692e-01 -1.72033000e+00 6.48878872e-01 2.39402437e+00
    -1.28979281e-01 -5.09089422e+00 7.60786724e+00 -8.00159836e+00
    5.71685362e+00 -1.73391998e+00 2.45392036e+00 -7.25320876e-01
    -4.51293421e+00 9.42407131e-01 6.87510586e+00 -1.10705471e+01
    1.19681692e+01 -8.70126534e+00 2.72768116e+00 -2.88861942e+00
    4.39526051e-01 7.03380346e+00 -2.67703581e+00 -7.14382648e+00
    1.28750868e+01 -1.49619980e+01 1.12845087e+01 -3.63457847e+00
    2.56394172e+00 8.03986192e-01 -9.89649105e+00 6.39797211e+00
    5.16172838e+00 -1.04705925e+01 1.31121511e+01 -1.02949123e+01
    3.43550873e+00 -1.99211848e+00 -1.65195310e+00 1.05648861e+01
    -8.20815563e+00 -1.25695276e+00 7.76894951e+00 -1.03994923e+01
    8.11840057e+00 -2.74391747e+00 1.49064243e+00 1.04097116e+00
    -7.35479021e+00 5.37623978e+00 1.63851690e+00 -6.31961250e+00
    8.29155445e+00 -6.37724495e+00 2.11110091e+00 -9.88811910e-01
    8.12120661e-02 2.75852942e+00 -1.32370842e+00 -2.64582467e+00
    4.81133223e+00 -5.60625458e+00 4.12087297e+00 -1.33076835e+00
    4.26239312e-01 -2.18774274e-01 -6.42244816e-01 3.47091332e-02
    1.40506995e+00 -2.09175467e+00 2.31462288e+00 -1.67370701e+00
    5.33826470e-01</data></vocabulary>
</opencv_storage>
