<?xml version="1.0"?>
<opencv_storage>
<vocabulary type_id="opencv-matrix">
  <rows>81</rows>
  <cols>1</cols>
  <dt>f</dt>
  <data>
    -2.72612005e-01 -9.13566113e-01 3.34027481e+00 -2.73630595e+00
    6.12661064e-01 7.21129030e-02 -4.35039222e-01 5.88483572e-01
    -1.27521276e-01 6.16832018e-01 6.27654314e-01 -3.88221836e+00
    3.05744481e+00 -4.94107366e-01 3.82892907e-01 -9.99992266e-02
    -6.29703045e-01 1.90339476e-01 -1.26154912e+00 4.74076748e-01
    3.82810688e+00 -3.03445077e+00 -1.50513560e-01 -8.20155799e-01
    8.11318874e-01 1.16700709e-01 5.33455424e-02 1.69282186e+00
    -2.16978955e+00 -1.60916007e+00 1.13323843e+00 1.48695886e+00
    9.15240467e-01 -1.09202743e+00 2.20081862e-02 -2.76493341e-01
    -1.65174973e+00 2.71373272e+00 -6.30487680e-01 2.67803133e-01
    1.05469532e-01 -7.28537202e-01 -1.27317593e-01 7.72573233e-01
    2.70451516e-01 1.18645525e+00 -2.61992145e+00 2.76023197e+00
    -1.95177937e+00 5.57354748e-01 4.88999009e-01 1.86652815e+00
    -2.21655083e+00 -2.21662652e-02 -7.11604238e-01 1.72875488e+00
    -2.05300021e+00 1.34418893e+00 3.93165469e-01 -9.28284287e-01
    -1.66965544e+00 2.17914200e+00 -7.01043382e-02 2.49324009e-01
    -4.84999597e-01 8.81966352e-02 9.36054587e-01 -2.90988803e+00
    2.36417747e+00 7.92866826e-01 -1.55642736e+00 9.17579606e-03
    2.70916596e-02 -4.63730283e-02 4.17859182e-02 -1.91951156e-01
    1.02496052e+00 -7.36060083e-01 -8.43562126e-01 1.08735490e+00
    -1.23489283e-01</data></vocabulary>
</opencv_storage>
