<?xml version="1.0"?>
<opencv_storage>
<vocabulary type_id="opencv-matrix">
  <rows>81</rows>
  <cols>1</cols>
  <dt>f</dt>
  <data>
    2.71984220e+00 2.85568148e-01 -2.25260377e+00 -6.62785006e+00
    3.48022366e+00 5.68336821e+00 -7.85755098e-01 8.58858871e+00
    -8.53797913e+00 -5.08648062e+00 -5.35642147e+00 1.52075052e+01
    4.62537289e-01 2.67957139e+00 -1.41472750e+01 -6.09420443e+00
    7.76979828e+00 -2.13231778e+00 1.65751898e+00 -1.36372983e+00
    -3.01441133e-01 1.35299635e+00 1.11331758e+01 -3.75737691e+00
    1.65878639e+01 -1.32850809e+01 -7.25006962e+00 3.05736423e+00
    2.04931378e+00 -5.44692898e+00 -2.07899895e+01 -3.31058455e+00
    8.84701431e-01 -4.90526199e+00 2.97015667e+00 2.41000195e+01
    -1.26129799e+01 4.94638824e+00 -2.88799357e+00 1.22019701e+01
    6.57572603e+00 4.55093622e+00 -4.02958822e+00 -8.63471889e+00
    -6.57227182e+00 2.04979134e+01 -7.03883457e+00 1.07603054e+01
    -9.38768673e+00 1.27461128e+01 -1.75019665e+01 8.72357368e+00
    4.50099087e+00 -3.35167050e+00 2.03094029e+00 -6.32155514e+00
    1.11860065e+01 -4.17881107e+00 -2.62921143e+01 3.16297779e+01
    -1.47476130e+01 7.53682423e+00 -9.58503056e+00 -1.73762379e+01
    -1.13464966e+01 8.50749207e+00 1.54318132e+01 3.75951719e+00
    -1.54079895e+01 -7.16879225e+00 1.70754299e+01 5.88331938e+00
    1.55006819e+01 -7.07994127e+00 -2.23332477e+00 -2.14423037e+00
    -4.95994234e+00 1.06377401e+01 -2.18741703e+00 -4.66724348e+00
    -5.24813175e+00</data></vocabulary>
</opencv_storage>
