<?xml version="1.0"?>
<opencv_storage>
<vocabulary type_id="opencv-matrix">
  <rows>81</rows>
  <cols>1</cols>
  <dt>f</dt>
  <data>
    -9.70222056e-02 1.60678640e-01 -3.59575182e-01 5.49355745e-01
    -5.54849684e-01 3.85712773e-01 -3.33726525e-01 1.41508564e-01
    1.45815909e-02 2.19055012e-01 -3.79294991e-01 8.03377092e-01
    -1.16353869e+00 7.11217821e-01 -2.82415971e-02 1.49886176e-01
    -5.86687885e-02 -4.27499712e-02 -1.20928749e-01 2.86692858e-01
    -1.08720899e+00 1.42883325e+00 -7.77728498e-01 -5.02303720e-01
    4.33125824e-01 -3.05081338e-01 1.28181696e-01 1.08260907e-01
    -5.14343441e-01 1.83830118e+00 -2.03950500e+00 1.01461959e+00
    7.90874183e-01 -9.02757943e-01 6.36552155e-01 -2.00332716e-01
    -3.45931560e-01 1.61014915e+00 -4.01292229e+00 4.12257099e+00
    -1.12546170e+00 4.11650151e-01 -4.16888356e-01 2.47289583e-01
    -5.22837639e-02 4.48318392e-01 -2.12628460e+00 4.78222179e+00
    -5.14333105e+00 3.52870464e+00 -1.83372474e+00 1.81657302e+00
    -1.37809300e+00 4.27187681e-01 -3.72399449e-01 1.54968882e+00
    -3.13058591e+00 3.08075714e+00 -1.91131973e+00 1.12669480e+00
    -1.52744758e+00 1.20410717e+00 -4.10957664e-01 2.75045365e-01
    -6.70495212e-01 9.20860469e-01 -3.74467343e-01 -6.02360129e-01
    4.46653634e-01 4.25522923e-01 -4.55204457e-01 1.55603856e-01
    -1.27237737e-01 2.17890471e-01 -1.68067098e-01 -1.56310320e-01
    5.98083198e-01 -4.33494627e-01 -5.26547581e-02 1.25853300e-01
    -2.62495112e-02</data></vocabulary>
</opencv_storage>
