<?xml version="1.0"?>
<opencv_storage>
<vocabulary type_id="opencv-matrix">
  <rows>81</rows>
  <cols>1</cols>
  <dt>f</dt>
  <data>
    -6.04178619e+00 -8.97211194e-01 7.40953684e+00 6.56475663e-01
    -1.41957254e+01 2.37671871e+01 -1.52827749e+01 2.17429886e+01
    -1.29716921e+01 1.16141291e+01 6.01270866e+00 -1.94628391e+01
    3.39576077e+00 -8.38978195e+00 -6.93301058e+00 -8.03205585e+00
    -1.12026024e+01 1.88836651e+01 -1.74933453e+01 1.21790022e-01
    3.55248380e+00 1.27581196e+01 2.41061459e+01 5.22691298e+00
    -2.70857358e+00 8.52591896e+00 -2.21895866e+01 2.16813087e+01
    1.42818856e+00 1.52203286e+00 1.02035275e+01 -1.77947216e+01
    -1.71218605e+01 -2.85514563e-01 -1.14070139e+01 1.50217075e+01
    -9.59368515e+00 -7.85175419e+00 -2.51028681e+00 -3.92581100e+01
    -1.20041084e+01 1.66538143e+01 7.39600067e+01 -2.40460720e+01
    8.74321556e+00 2.40680265e+00 7.55905390e+00 -2.72375846e+00
    1.03709669e+01 5.62958450e+01 -7.13422928e+01 -1.62305908e+01
    -6.25606632e+00 -3.02054482e+01 -1.36519461e+01 -2.52280521e+00
    3.38822556e+01 6.91045189e+00 9.10951138e+00 3.34799271e+01
    -2.31036205e+01 -6.17124462e+00 8.81048737e+01 1.13442535e+01
    -1.23435555e+01 -9.19368386e-01 -4.77267723e+01 -2.33435764e+01
    6.95659781e+00 -4.25311518e+00 4.28583641e+01 -9.81892929e+01
    -1.45755124e+00 1.06605377e+01 -2.09330254e+01 3.90778923e+01
    -5.39923191e+00 1.94692492e+00 2.80986476e+00 -1.94741688e+01
    3.41598587e+01</data></vocabulary>
</opencv_storage>
