<?xml version="1.0"?>
<opencv_storage>
<vocabulary type_id="opencv-matrix">
  <rows>81</rows>
  <cols>1</cols>
  <dt>f</dt>
  <data>
    -5.57441525e-02 1.86207449e+00 -2.75080395e+00 -6.26833498e-01
    3.68615127e+00 -3.83660173e+00 1.72517323e+00 8.40493143e-01
    -8.19239914e-01 4.21914518e-01 -5.76330805e+00 7.74333525e+00
    2.57343245e+00 -1.17610846e+01 1.24303207e+01 -6.11245155e+00
    -1.71519494e+00 2.17214417e+00 1.76564908e+00 1.72605431e+00
    -6.19870090e+00 -1.81593072e+00 1.01610069e+01 -8.54730415e+00
    1.03667033e+00 5.64697647e+00 -3.74446034e+00 -6.93447590e+00
    1.13229523e+01 -3.51880264e+00 1.89462066e-01 -8.46198261e-01
    -6.12943649e+00 1.27071571e+01 -1.24478607e+01 5.45356703e+00
    8.74264717e+00 -1.62898254e+01 8.08093452e+00 -7.53306508e-01
    -1.47964132e+00 1.22998877e+01 -1.87191467e+01 1.56184196e+01
    -6.55353212e+00 -6.15797472e+00 1.04493818e+01 -3.87600493e+00
    -4.83596593e-01 4.29972506e+00 -1.35166178e+01 1.93659897e+01
    -1.68700962e+01 7.58162403e+00 4.00265932e+00 -6.64021254e+00
    2.27148485e+00 1.60351992e-01 -3.30493855e+00 9.93479347e+00
    -1.39670773e+01 1.25289869e+01 -5.77402973e+00 -3.39452600e+00
    7.10540390e+00 -5.89471006e+00 4.47560596e+00 -2.91681218e+00
    5.94278537e-02 2.25806665e+00 -3.09051585e+00 1.70382071e+00
    1.96802270e+00 -4.33504629e+00 4.18322802e+00 -3.53040767e+00
    3.22948480e+00 -2.86674094e+00 2.00332880e+00 -8.67594004e-01
    1.31026030e-01</data></vocabulary>
</opencv_storage>
