<?xml version="1.0"?>
<opencv_storage>
<vocabulary type_id="opencv-matrix">
  <rows>81</rows>
  <cols>1</cols>
  <dt>f</dt>
  <data>
    -1.27651703e+00 -3.34381151e+00 -1.11439303e-01 -1.05890059e+00
    -1.25727701e+01 8.79801464e+00 -2.44508505e+00 -5.23990393e-01
    8.15543175e+00 3.18142444e-01 6.56401730e+00 2.65814209e+00
    6.68093383e-01 6.64669371e+00 3.32622337e+00 -4.75692844e+00
    -2.41123652e+00 -1.08024540e+01 4.78659296e+00 -8.28414822e+00
    -3.75294417e-01 4.36487532e+00 -3.68106318e+00 1.28816295e+00
    6.82306957e+00 8.82559967e+00 6.51791525e+00 -5.31205225e+00
    5.43576384e+00 -1.94704175e+00 4.89429092e+00 -7.09986734e+00
    -5.39180946e+00 -1.00913467e+01 1.00673542e+01 -1.77435417e+01
    3.46177602e+00 -5.85762620e-01 -3.88018394e+00 2.27669144e+00
    2.70453024e+00 -6.96846724e+00 1.12543287e+01 -3.24377775e+00
    7.06349325e+00 -2.61862779e+00 -1.68348241e+00 5.25999308e+00
    -1.47178292e+00 1.47516382e+00 6.95586014e+00 -3.84356070e+00
    -2.19647145e+00 -3.02172446e+00 5.22708035e+00 -8.59202027e-01
    -3.61625218e+00 -1.98371863e+00 2.32376695e+00 -2.13644624e+00
    -8.00922140e-02 1.29550755e+00 7.04780102e+00 -3.34959102e+00
    -4.03081989e+00 5.85491848e+00 2.14928269e+00 -5.22758627e+00
    -4.46023083e+00 3.95951509e+00 -4.92017365e+00 -5.60761547e+00
    7.92709768e-01 9.52805504e-02 2.01083851e+00 -3.18243027e+00
    4.44593811e+00 -1.57171142e+00 4.09581089e+00 -3.07281423e+00
    5.51143885e+00</data></vocabulary>
</opencv_storage>
