<?xml version="1.0"?>
<opencv_storage>
<vocabulary type_id="opencv-matrix">
  <rows>81</rows>
  <cols>1</cols>
  <dt>f</dt>
  <data>
    -1.31267622e-01 2.33381227e-01 4.68184054e-02 -4.07121897e-01
    3.06485742e-01 -3.22487652e-01 3.53241682e-01 -9.61379260e-02
    -1.18724275e-02 3.03456157e-01 -5.86943567e-01 3.77482362e-02
    8.11904907e-01 -5.83418906e-01 5.38654566e-01 -7.15133846e-01
    2.70922095e-01 -4.76172846e-03 -3.65210831e-01 8.11427951e-01
    -2.16298446e-01 -5.72523117e-01 -1.59558039e-02 -2.25769952e-02
    5.04936457e-01 -7.69375741e-01 2.80514598e-01 3.15843791e-01
    -8.15414071e-01 3.57232541e-01 2.05964595e-01 4.98850226e-01
    -2.49628767e-01 -5.70162594e-01 1.46428323e+00 -6.28489256e-01
    -3.16361524e-02 1.61234140e-01 -7.05324039e-02 -3.57325792e-01
    8.56308520e-01 3.10816944e-01 4.53429163e-01 -1.35841107e+00
    5.84019721e-01 -1.66293845e-01 4.19036061e-01 -6.52083993e-01
    1.19893992e+00 -4.10212040e-01 8.42422596e-04 -5.34088373e-01
    9.96124625e-01 -3.86845380e-01 2.02844381e-01 -5.35926402e-01
    4.71897334e-01 -5.04720867e-01 2.74053477e-02 1.76020265e-01
    2.15437800e-01 -5.54359615e-01 2.13310361e-01 -2.23363757e-01
    5.82499623e-01 -4.09794569e-01 7.16736019e-02 2.01953165e-02
    -1.71701789e-01 -2.42849421e-02 2.76543885e-01 -1.50672302e-01
    1.73269153e-01 -4.26006556e-01 3.31769824e-01 -7.21726641e-02
    1.17019855e-03 8.72047767e-02 -2.74852235e-02 -8.03372860e-02
    5.87142445e-02</data></vocabulary>
</opencv_storage>
