<?xml version="1.0"?>
<opencv_storage>
<vocabulary type_id="opencv-matrix">
  <rows>81</rows>
  <cols>1</cols>
  <dt>f</dt>
  <data>
    -6.66698456e-01 2.61383700e+00 -4.99463558e+00 5.76729155e+00
    -5.41678524e+00 4.05419016e+00 -2.13793087e+00 9.88429248e-01
    -2.94118047e-01 -1.04533382e-01 -1.43132365e+00 4.72360945e+00
    -5.32735825e+00 5.20702791e+00 -3.32884264e+00 7.66058624e-01
    2.45199755e-01 -3.68839741e-01 2.77477503e+00 -5.28427744e+00
    4.52815247e+00 -6.50098610e+00 7.10688782e+00 -8.05914974e+00
    8.34496975e+00 -6.31651068e+00 2.75526714e+00 -4.13384151e+00
    9.03374195e+00 -1.01558561e+01 1.34792271e+01 -1.30388260e+01
    1.25586014e+01 -1.21265926e+01 8.71534920e+00 -3.67697644e+00
    3.68639040e+00 -7.66962576e+00 6.76341677e+00 -8.34702206e+00
    8.09043026e+00 -7.12097120e+00 8.52016735e+00 -6.48367310e+00
    2.97285342e+00 -3.55358243e+00 6.61616278e+00 -4.59902287e+00
    5.16898775e+00 -4.12316656e+00 5.36318064e+00 -7.46905756e+00
    5.69486284e+00 -2.77676177e+00 3.84501195e+00 -6.65923071e+00
    5.43056154e+00 -7.13460732e+00 8.10045242e+00 -9.67638016e+00
    9.95981979e+00 -6.70762157e+00 3.29643488e+00 -2.94536519e+00
    4.90270662e+00 -4.42997360e+00 6.43124008e+00 -8.07598782e+00
    8.85021305e+00 -8.01094437e+00 5.00022936e+00 -2.59916210e+00
    8.91253352e-01 -1.36075687e+00 1.12274873e+00 -1.83998823e+00
    2.49611425e+00 -2.67741466e+00 2.28952026e+00 -1.34536827e+00
    8.07205617e-01</data></vocabulary>
</opencv_storage>
