<?xml version="1.0"?>
<opencv_storage>
<vocabulary type_id="opencv-matrix">
  <rows>81</rows>
  <cols>1</cols>
  <dt>f</dt>
  <data>
    6.62817657e-01 2.07102895e-01 -1.97788668e+00 1.83028769e+00
    -2.76086062e-01 2.67008305e+00 -5.91208172e+00 2.67896795e+00
    5.94716787e-01 -4.02247477e+00 2.00084877e+00 5.15819263e+00
    -5.37491989e+00 1.25431836e+00 -4.30535698e+00 8.62561321e+00
    -4.76438332e+00 5.66066504e-01 4.46051788e+00 1.75853693e+00
    -1.01877117e+01 8.50339603e+00 -8.06731761e-01 2.14689344e-01
    -2.31958008e+00 1.88745439e+00 -2.28920722e+00 -1.27190053e+00
    -6.56825113e+00 6.66536999e+00 -2.33178854e+00 -6.78212023e+00
    9.15392685e+00 -4.63717270e+00 1.52181995e+00 2.46849012e+00
    -1.62248850e-01 1.31617928e+01 -1.10092306e+01 6.52879143e+00
    1.99506664e+00 -1.16396189e+00 -3.63571358e+00 1.57476902e+00
    -3.40988398e+00 -4.27722263e+00 -5.19368601e+00 1.15434504e+00
    -2.32366949e-01 -6.21496558e-01 -3.30831647e+00 2.52901316e+00
    6.11743069e+00 7.05123127e-01 3.55917788e+00 8.38524580e-01
    2.89680719e+00 -1.72303379e+00 2.71459174e+00 1.83748436e+00
    1.86646748e+00 -7.60370779e+00 -1.16071355e+00 3.06686807e+00
    -3.66780519e+00 1.27507198e+00 -3.11943316e+00 -4.89460039e+00
    5.51713324e+00 -4.39067745e+00 -2.14090681e+00 4.35247612e+00
    -4.51123953e+00 5.10173750e+00 -4.84267712e+00 5.97646332e+00
    6.42546266e-02 -1.23767591e+00 -1.94297087e+00 6.02520561e+00
    -2.63436580e+00</data></vocabulary>
</opencv_storage>
