<?xml version="1.0"?>
<opencv_storage>
<vocabulary type_id="opencv-matrix">
  <rows>81</rows>
  <cols>1</cols>
  <dt>f</dt>
  <data>
    -1.01654015e-01 2.83287853e-01 -3.96312982e-01 4.10332143e-01
    -6.31700993e-01 8.75690937e-01 -7.26339340e-01 4.26985472e-01
    -1.98224902e-01 1.47230461e-01 -5.38362503e-01 9.74644184e-01
    -1.04893959e+00 1.27502191e+00 -1.22991347e+00 9.90401983e-01
    -5.79672813e-01 2.68972069e-01 4.24344353e-02 1.98703036e-01
    -1.14887798e+00 1.52165437e+00 -1.62754083e+00 5.61452866e-01
    -6.59878254e-02 -1.65493414e-01 7.95681998e-02 8.85346606e-02
    -2.45088890e-01 1.18161559e+00 -1.52475214e+00 1.84406042e+00
    -1.11639118e+00 2.11759642e-01 2.47296214e-01 -1.09689750e-01
    -1.19412422e-01 9.91082117e-02 -1.51713073e+00 2.56695843e+00
    -1.41324365e+00 2.05298591e+00 -1.01615441e+00 2.77139604e-01
    -1.78708747e-01 -4.45460916e-01 1.30688047e+00 -3.23959559e-01
    -1.15528989e+00 1.64088893e+00 -1.40559483e+00 7.48131692e-01
    -3.93739015e-01 3.06803167e-01 1.05118406e+00 -2.72870564e+00
    2.72029853e+00 -1.64173770e+00 4.70632583e-01 5.53869195e-02
    1.20812386e-01 -1.02111593e-01 -1.46240175e-01 -9.30723906e-01
    2.34696698e+00 -2.75413489e+00 2.33006406e+00 -1.69875658e+00
    1.09431028e+00 -8.19533169e-01 4.00285631e-01 -1.81941241e-02
    2.99015164e-01 -7.68428445e-01 1.04417539e+00 -1.06502640e+00
    8.96005630e-01 -6.44423544e-01 4.35180634e-01 -1.95433721e-01
    4.38924767e-02</data></vocabulary>
</opencv_storage>
