<?xml version="1.0"?>
<opencv_storage>
<vocabulary type_id="opencv-matrix">
  <rows>81</rows>
  <cols>1</cols>
  <dt>f</dt>
  <data>
    7.80585051e-01 -1.76147723e+00 1.77711964e+00 -1.18487155e+00
    9.27585363e-01 -6.30040526e-01 1.16962922e+00 -1.74601698e+00
    1.09120071e+00 -1.69451392e+00 3.82357097e+00 -4.11682224e+00
    3.23679447e+00 -2.97657156e+00 2.71764994e+00 -3.99222112e+00
    5.10378647e+00 -2.97646403e+00 1.26631296e+00 -2.83938599e+00
    3.71176744e+00 -3.96930456e+00 3.20560884e+00 -2.50861740e+00
    4.70545387e+00 -7.53661966e+00 4.45089245e+00 1.68688789e-01
    -6.66291118e-01 1.88069820e-01 7.04883337e-01 3.42401236e-01
    -1.34388483e+00 -2.39828587e+00 7.97465897e+00 -5.00860071e+00
    -2.01389432e+00 5.22061205e+00 -6.72401762e+00 6.94267941e+00
    -7.64733505e+00 1.06071520e+01 -4.97671843e+00 -3.78633595e+00
    3.31366038e+00 3.19439816e+00 -8.05727482e+00 1.08204727e+01
    -1.21462774e+01 1.49172955e+01 -1.74643593e+01 1.09195662e+01
    -5.65920770e-01 -1.37978518e+00 -1.79307652e+00 4.35396385e+00
    -5.24235249e+00 5.13606071e+00 -6.54317141e+00 8.45246029e+00
    -4.69757128e+00 -1.37930858e+00 1.63559723e+00 -3.13261271e-01
    1.20603454e+00 -3.34493279e+00 5.81348896e+00 -6.22075748e+00
    4.88354397e+00 -4.80709124e+00 4.92880964e+00 -2.37483764e+00
    5.97765148e-01 -1.77183580e+00 3.35707879e+00 -4.90616417e+00
    5.26471806e+00 -4.59069443e+00 3.96981812e+00 -3.13307405e+00
    1.34814692e+00</data></vocabulary>
</opencv_storage>
