<?xml version="1.0"?>
<opencv_storage>
<vocabulary type_id="opencv-matrix">
  <rows>81</rows>
  <cols>1</cols>
  <dt>f</dt>
  <data>
    1.48261309e+00 -2.09109879e+00 -2.45118237e+00 -2.23165488e+00
    2.31256175e+00 4.26033401e+00 -6.91098988e-01 -2.78701019e+00
    1.61420619e+00 -4.35400105e+00 1.14252138e+01 6.44881582e+00
    -1.05013695e+01 1.06730442e+01 -1.16429453e+01 7.12384415e+00
    -8.65240002e+00 2.43920636e+00 9.93016815e+00 -2.87665253e+01
    7.84308720e+00 -2.69135118e+00 -1.63643527e+00 -4.31787825e+00
    7.93274641e+00 2.08314925e-01 8.50311947e+00 -8.77039719e+00
    2.16867504e+01 7.12828398e-01 -2.90457249e+00 4.87879664e-01
    6.90207148e+00 -9.35590458e+00 4.03097916e+00 -1.31781216e+01
    3.71770120e+00 -2.18510723e+00 -8.84772491e+00 7.21066713e+00
    4.87883282e+00 4.64470100e+00 -1.07870007e+01 1.61751080e+01
    -1.87448406e+00 -2.94775200e+00 2.61541677e+00 -8.24910831e+00
    1.12974052e+01 -1.72242031e+01 -3.67640525e-01 1.23680239e+01
    -2.52598324e+01 7.83152580e+00 9.82664871e+00 -1.62197647e+01
    7.77550364e+00 7.25328064e+00 -9.16534901e+00 2.10412273e+01
    -2.05612869e+01 1.70335464e+01 1.40420735e-01 -1.79508686e+01
    2.55363941e+01 -1.40067377e+01 -1.60952115e+00 1.17118444e+01
    -1.88455486e+01 1.06033783e+01 2.09310985e+00 -1.02795639e+01
    8.16912079e+00 -8.75841236e+00 5.68329382e+00 -2.97627687e+00
    -4.38634109e+00 7.24725437e+00 -2.62538958e+00 -3.64964890e+00
    5.90640450e+00</data></vocabulary>
</opencv_storage>
