<?xml version="1.0"?>
<opencv_storage>
<vocabulary type_id="opencv-matrix">
  <rows>81</rows>
  <cols>1</cols>
  <dt>f</dt>
  <data>
    -5.46041280e-02 2.10847139e-01 -1.37829959e-01 -1.01533890e-01
    2.67078757e-01 3.07437498e-02 -2.57889479e-01 2.70926595e-01
    -1.84060887e-01 4.91108447e-01 -1.82030320e+00 1.92981815e+00
    -1.21381211e+00 8.70683432e-01 -1.23493588e+00 1.49292314e+00
    -1.68324625e+00 9.70891714e-01 -6.62645042e-01 2.83788157e+00
    -3.06760669e+00 1.71100605e+00 -1.60168457e+00 2.61365509e+00
    -3.08768797e+00 3.03158307e+00 -1.57859290e+00 -2.49403000e-01
    -1.04632032e+00 7.51821876e-01 1.21585369e+00 -6.79770470e-01
    -2.24680018e+00 3.79311657e+00 -3.53133154e+00 1.78348649e+00
    1.24398470e+00 -1.00420117e+00 1.25080860e+00 -2.98047638e+00
    2.96653843e+00 2.45714211e+00 -4.70404100e+00 3.69794345e+00
    -1.72071636e+00 -1.92547107e+00 2.76409507e+00 -3.86100578e+00
    5.85388803e+00 -4.67549896e+00 9.23066854e-01 2.18515444e+00
    -2.07765555e+00 8.21110666e-01 2.62784624e+00 -4.94642258e+00
    6.33814383e+00 -7.72655010e+00 6.96321774e+00 -4.64275360e+00
    1.37893975e+00 1.45862186e-02 1.40946880e-01 -2.09893489e+00
    4.30974531e+00 -5.27817154e+00 6.11609221e+00 -5.49031258e+00
    3.79045606e+00 -1.66971827e+00 1.81517452e-01 -8.56684521e-02
    7.93884814e-01 -1.71245062e+00 2.12720633e+00 -2.52424288e+00
    1.75770009e+00 -5.78316510e-01 -1.33927148e-02 3.23918164e-01
    -1.45172894e-01</data></vocabulary>
</opencv_storage>
