<?xml version="1.0"?>
<opencv_storage>
<vocabulary type_id="opencv-matrix">
  <rows>81</rows>
  <cols>1</cols>
  <dt>f</dt>
  <data>
    -3.93039286e-01 6.03526831e-01 -2.86448956e-01 -6.49764776e-01
    1.56984127e+00 -1.59096050e+00 1.14437842e+00 -5.68245888e-01
    1.26160204e-01 1.16000032e+00 -2.08834767e+00 1.66794372e+00
    3.41894954e-01 -2.53212500e+00 2.96284723e+00 -2.21427679e+00
    1.08418679e+00 -2.06480742e-01 -1.84273291e+00 3.72908616e+00
    -4.01202679e+00 1.86027551e+00 6.56053424e-01 -1.64048684e+00
    7.46881485e-01 8.02460499e-03 -2.08662644e-01 2.29889131e+00
    -4.68357658e+00 5.00330019e+00 -2.43350792e+00 5.89247607e-02
    6.01059437e-01 8.11368942e-01 -1.24558175e+00 6.64378703e-01
    -2.15461111e+00 3.97680378e+00 -3.40688801e+00 2.86913365e-01
    3.40367460e+00 -2.12464213e+00 -1.53218716e-01 9.29021299e-01
    -5.30607283e-01 1.70925355e+00 -2.65931463e+00 1.10348344e+00
    1.61296940e+00 -3.37737966e+00 2.69129467e+00 -1.35597572e-01
    -7.91987956e-01 4.13730532e-01 -1.39549232e+00 2.65062356e+00
    -2.11306310e+00 6.10254049e-01 5.77300005e-02 7.51994014e-01
    -2.18072367e+00 1.89611733e+00 -6.74786031e-01 1.11911905e+00
    -2.84015822e+00 3.66188359e+00 -3.23338914e+00 2.90262556e+00
    -3.41314602e+00 3.72407389e+00 -2.59942842e+00 8.31789672e-01
    -5.04446626e-01 1.37420738e+00 -1.90558624e+00 1.79344118e+00
    -1.66630518e+00 1.83616590e+00 -1.81738853e+00 1.22127771e+00
    -3.82832408e-01</data></vocabulary>
</opencv_storage>
