<?xml version="1.0"?>
<opencv_storage>
<vocabulary type_id="opencv-matrix">
  <rows>81</rows>
  <cols>1</cols>
  <dt>f</dt>
  <data>
    5.88311615e+01 4.39867859e+01 2.44998455e-01 -2.48615646e+01
    3.31259460e+01 3.00660062e+00 8.33849525e+00 -5.08435898e+01
    7.09028196e+00 -9.94173431e+01 1.52112989e+01 2.77932882e+00
    -2.53603210e+01 1.51635036e+01 -3.83098412e+01 1.59967003e+01
    4.45708466e+00 3.28083115e+01 1.46902885e+01 -1.46282730e+02
    8.75262299e+01 -3.62043610e+01 1.52194242e+01 -4.54785767e+01
    3.75219231e+01 -1.78156261e+01 4.56453562e+00 -1.11807051e+01
    1.62849579e+02 -7.22559814e+01 2.43811302e+01 4.59560814e+01
    -2.01029835e+01 3.17335548e+01 -1.73897457e+01 -1.91814156e+01
    4.44245338e+01 -7.52431717e+01 -6.59519529e+00 -2.09865856e+01
    -9.56042290e+00 -8.72852385e-01 1.00153713e+01 1.44820471e+01
    -3.12871933e+01 1.37602119e+01 -3.82687836e+01 8.71640968e+00
    1.22556772e+01 -2.84012527e+01 2.14154530e+01 -1.34587021e+01
    -2.81645226e+00 2.11514530e+01 -1.08185501e+02 9.99191208e+01
    6.43505173e+01 4.70282822e+01 2.59186039e+01 2.23331337e+01
    -2.32924805e+01 2.77084522e+01 7.45150614e+00 1.12025330e+02
    -9.60988083e+01 -8.27813492e+01 -3.79802628e+01 -5.80190735e+01
    5.35889101e+00 4.33746862e+00 -2.41843014e+01 -6.23784590e+00
    -3.09545918e+01 3.66728249e+01 5.39675429e-02 4.60966225e+01
    -6.70423603e+00 -9.42830026e-01 3.75113373e+01 -2.59142017e+01
    3.35135031e+00</data></vocabulary>
</opencv_storage>
