<?xml version="1.0"?>
<opencv_storage>
<vocabulary type_id="opencv-matrix">
  <rows>81</rows>
  <cols>1</cols>
  <dt>f</dt>
  <data>
    -1.23037565e+00 2.53452849e+00 -5.52756786e-01 -5.50541759e-01
    1.73282206e+00 -1.67249069e-01 -6.10710382e+00 6.03453112e+00
    -1.53308600e-01 -3.65046561e-01 7.70351112e-01 -4.20763826e+00
    2.65296769e+00 4.31914139e+00 -7.78420830e+00 9.01138687e+00
    -4.83237171e+00 -4.39532757e+00 2.85957575e+00 -9.43285084e+00
    1.15789509e+01 -4.92784452e+00 -7.44658279e+00 1.42975318e+00
    7.44339132e+00 -2.51501060e+00 6.39170551e+00 5.65587664e+00
    -5.40746737e+00 7.45276737e+00 -9.53441906e+00 4.63528061e+00
    1.19399929e+01 -1.84157734e+01 2.96340346e+00 -1.62622261e+00
    -2.94725227e+00 4.57353783e+00 -1.40402651e+00 -1.18986356e+00
    1.09568298e+00 -4.53264523e+00 -1.04935718e+00 -1.49730575e+00
    6.60118151e+00 -1.22917271e+01 1.89020717e+00 -7.96379089e+00
    6.49603033e+00 4.30481195e-01 5.74668694e+00 5.05279541e-01
    -9.34361756e-01 -5.71406412e+00 8.07372570e+00 6.14184380e+00
    -4.94313192e+00 1.22247725e+01 -4.46175051e+00 1.00228529e+01
    -6.56588554e+00 9.92453289e+00 -7.63040185e-01 3.30232668e+00
    -1.39201784e+01 4.78554296e+00 -1.71039903e+00 -7.44727087e+00
    -1.12912750e+01 3.07031679e+00 6.15626383e+00 -1.20093327e+01
    3.05187249e+00 -5.31805944e+00 1.23399601e+01 -6.49432611e+00
    -2.21860290e+00 1.11034794e+01 -3.89818478e+00 -3.81359553e+00
    8.08394814e+00</data></vocabulary>
</opencv_storage>
