<?xml version="1.0"?>
<opencv_storage>
<vocabulary type_id="opencv-matrix">
  <rows>81</rows>
  <cols>1</cols>
  <dt>f</dt>
  <data>
    1.20006844e-01 -9.35260952e-01 1.89184940e+00 -2.28886771e+00
    2.25489688e+00 -1.54972589e+00 1.24799025e+00 -8.79098773e-01
    2.75978953e-01 -5.96291460e-02 1.98781276e+00 -3.63544297e+00
    3.82823777e+00 -3.53592157e+00 2.27855778e+00 -2.01253819e+00
    1.39319587e+00 -3.26787084e-01 -1.24632612e-01 -2.68666530e+00
    3.84622121e+00 -1.51160920e+00 -1.25236845e+00 2.42149734e+00
    -9.91541266e-01 -1.09650910e-01 -3.38095725e-02 6.18940853e-02
    3.25760221e+00 -6.10628557e+00 3.92224789e+00 1.94749045e+00
    -4.48214483e+00 2.23485613e+00 -4.75130975e-01 -3.19720395e-02
    9.98909891e-01 -5.84965515e+00 1.16336060e+01 -1.14081726e+01
    5.01552296e+00 -1.93310883e-02 1.96555221e+00 -1.80162120e+00
    1.05052102e+00 -1.24793887e+00 5.54417133e+00 -1.05196886e+01
    1.06355038e+01 -3.76022363e+00 2.68071830e-01 -2.79098058e+00
    2.29121089e+00 -9.77707863e-01 2.93174118e-01 -1.33473146e+00
    1.37846196e+00 5.76323867e-01 -4.87589598e+00 6.29098701e+00
    -1.99725068e+00 2.73524404e-01 -5.61158359e-01 3.37322712e-01
    -1.03909850e+00 2.77201557e+00 -5.04996824e+00 7.06496859e+00
    -7.43008566e+00 3.98445225e+00 -1.74180973e+00 1.21990156e+00
    -2.48220339e-01 7.22780228e-01 -1.52656913e+00 2.52598214e+00
    -2.99693727e+00 2.75337911e+00 -1.57690275e+00 7.06165493e-01
    -4.92237836e-01</data></vocabulary>
</opencv_storage>
