<?xml version="1.0"?>
<opencv_storage>
<vocabulary type_id="opencv-matrix">
  <rows>81</rows>
  <cols>1</cols>
  <dt>f</dt>
  <data>
    3.49403203e-01 -6.81164324e-01 1.16723567e-01 5.03295898e-01
    3.52648012e-02 -1.93076599e+00 3.93440390e+00 -3.08092213e+00
    7.43225992e-01 -9.82508123e-01 1.82037055e+00 -8.20804358e-01
    -3.68371218e-01 -5.31630516e-01 4.64368916e+00 -9.13515091e+00
    7.36093855e+00 -1.85187197e+00 6.92216456e-01 -6.82871699e-01
    -1.55042231e+00 3.44700670e+00 -3.72469640e+00 -1.67100489e+00
    9.13781643e+00 -8.64051628e+00 2.32777929e+00 -3.10743839e-01
    -9.00583267e-01 4.70449734e+00 -7.31696081e+00 9.01945686e+00
    -3.20421863e+00 -6.40319633e+00 7.72021437e+00 -2.27883768e+00
    -3.64105612e-01 2.42559671e+00 -6.11564684e+00 8.03559399e+00
    -7.66796160e+00 5.28912067e+00 6.70397103e-01 -2.85510373e+00
    9.29152489e-01 1.12060857e+00 -3.18011379e+00 5.38199568e+00
    -6.20940828e+00 4.94466496e+00 -2.95134974e+00 1.44465971e+00
    -2.98429698e-01 9.13823098e-02 -4.18881029e-01 9.38631475e-01
    -1.71743453e+00 1.47396016e+00 2.69664228e-01 -1.93792963e+00
    2.85464954e+00 -2.64046335e+00 9.08914983e-01 -1.38961181e-01
    4.24387038e-01 -4.33153510e-01 1.72536266e+00 -3.56673861e+00
    4.66942215e+00 -5.37887478e+00 4.37801552e+00 -1.48538947e+00
    -1.65171106e-03 1.15864612e-01 -6.16323292e-01 2.31395792e-02
    1.34013343e+00 -2.00537038e+00 2.21351671e+00 -1.72414052e+00
    5.45548916e-01</data></vocabulary>
</opencv_storage>
