<?xml version="1.0"?>
<opencv_storage>
<vocabulary type_id="opencv-matrix">
  <rows>81</rows>
  <cols>1</cols>
  <dt>f</dt>
  <data>
    8.72022957e-02 -2.52941906e-01 4.00896847e-01 -5.51501453e-01
    4.24100816e-01 -3.39535117e-01 2.01440275e-01 -1.23492979e-01
    3.81995663e-02 -1.18652649e-01 2.19887868e-01 -3.99210840e-01
    7.14144945e-01 -4.98151600e-01 3.36180091e-01 -1.59571320e-01
    4.03742790e-02 9.51520726e-03 2.56129563e-01 -2.75051624e-01
    1.37316734e-01 -2.87751257e-01 -1.77786753e-01 2.51962274e-01
    -2.21028373e-01 3.57558310e-01 -1.81130081e-01 2.10124105e-02
    -3.38691056e-01 3.69192004e-01 1.60575017e-01 4.19024974e-01
    -7.75773644e-01 4.23597932e-01 -3.39499623e-01 1.44802511e-01
    -3.07319492e-01 8.84023190e-01 -1.18482375e+00 6.44211054e-01
    6.82992578e-01 4.42178220e-01 -1.46849781e-01 -4.74483753e-03
    3.66613194e-02 4.34529424e-01 -1.11447239e+00 1.31967890e+00
    -9.56872165e-01 8.08858573e-01 -3.74207914e-01 -9.99098048e-02
    3.12123030e-01 -2.18767479e-01 -5.90834379e-01 1.46523988e+00
    -1.62672114e+00 1.37909043e+00 -1.65701783e+00 1.37339175e+00
    -3.35928649e-01 -4.45946872e-01 3.69003087e-01 4.76215601e-01
    -1.13557518e+00 1.16821206e+00 -9.13038194e-01 8.28501403e-01
    -6.80238545e-01 4.88793384e-03 4.37951267e-01 -3.15061659e-01
    -1.77525938e-01 3.98610592e-01 -3.66890609e-01 2.38645867e-01
    -1.17670871e-01 3.01065687e-02 1.74217433e-01 -2.52123803e-01
    1.39751613e-01</data></vocabulary>
</opencv_storage>
