<?xml version="1.0"?>
<opencv_storage>
<vocabulary type_id="opencv-matrix">
  <rows>81</rows>
  <cols>1</cols>
  <dt>f</dt>
  <data>
    1.19162226e+00 -2.71249962e+00 -1.16815113e-01 7.28859282e+00
    -1.55519867e+01 1.39799585e+01 -3.68687510e+00 1.35934818e+00
    -1.52522409e+00 -3.62052822e+00 8.19196796e+00 -4.24872446e+00
    -8.84310913e+00 2.33319969e+01 -1.94080887e+01 1.25038579e-01
    1.29343152e+00 2.17059088e+00 5.79227924e+00 -7.03907251e+00
    -2.73235273e+00 1.38947229e+01 -2.34095078e+01 1.70643616e+01
    2.61529356e-01 4.29851532e-01 -2.66035581e+00 -5.34533978e+00
    3.61177363e-02 1.92658062e+01 -2.82538433e+01 2.89573307e+01
    -1.68022194e+01 -1.12854207e+00 3.34926844e-02 1.74519050e+00
    3.43639183e+00 -1.55589676e+00 -8.53352451e+00 1.18083754e+01
    -1.00536871e+01 3.81012177e+00 7.31449127e+00 -4.62816668e+00
    4.75716054e-01 -2.22832370e+00 4.10275888e+00 -3.45493507e+00
    3.06614017e+00 1.61483392e-01 -1.03426266e+00 -2.25531554e+00
    5.23714125e-01 5.31284571e-01 1.05399263e+00 -1.83946264e+00
    2.01671028e+00 -8.38191032e-01 -6.32671309e+00 1.38435411e+01
    -1.64805584e+01 1.36278954e+01 -4.82964993e+00 -8.86221007e-02
    1.16347551e+00 -3.67527437e+00 4.36775112e+00 1.75684524e+00
    -1.26193743e+01 2.10081749e+01 -1.81464424e+01 6.20250750e+00
    9.71401110e-02 -9.81016815e-01 2.78311634e+00 -4.25477219e+00
    2.77749562e+00 2.63916564e+00 -8.36248112e+00 8.08614922e+00
    -2.79915738e+00</data></vocabulary>
</opencv_storage>
