<?xml version="1.0"?>
<opencv_storage>
<vocabulary type_id="opencv-matrix">
  <rows>81</rows>
  <cols>1</cols>
  <dt>f</dt>
  <data>
    -5.58296025e-01 1.41793430e+00 2.21074283e-01 -2.01461554e+00
    3.85006338e-01 1.17177200e+00 -5.64798117e-01 -9.61868744e-03
    2.35351007e-02 9.49051857e-01 -2.96032429e+00 7.94895947e-01
    2.19814444e+00 3.70592594e-01 -2.66879201e+00 1.39186335e+00
    1.37837633e-01 -3.06048930e-01 -9.45480168e-01 3.36344028e+00
    -2.28359628e+00 -2.70726293e-01 -1.65378952e+00 2.59440279e+00
    -9.91577685e-01 -1.04257357e+00 9.79878724e-01 7.04520762e-01
    -2.24640822e+00 1.12822151e+00 1.10846663e+00 3.03255796e-01
    -8.00540030e-01 6.36917865e-03 7.20156014e-01 -6.43926919e-01
    -1.58515409e-01 4.84697670e-01 3.26427549e-01 -1.56290388e+00
    1.49751759e+00 8.13470244e-01 -9.24702644e-01 1.22505438e+00
    -5.62866986e-01 2.16872483e-01 -6.30854964e-01 3.32071275e-01
    -1.11888289e-01 1.07568276e+00 -1.62799788e+00 1.38335264e+00
    -1.46808481e+00 7.31110036e-01 -4.91517037e-01 1.28355932e+00
    -1.74703264e+00 2.54859805e+00 -2.77104187e+00 1.74154127e+00
    -8.59902143e-01 4.61023986e-01 -1.93456143e-01 4.29471880e-01
    -1.04247165e+00 1.33832216e+00 -1.98620939e+00 2.02047181e+00
    -1.30603373e+00 4.89450574e-01 3.65995206e-02 -6.41555563e-02
    -1.37723714e-01 3.61643940e-01 -5.00339866e-01 7.45612442e-01
    -7.12130606e-01 4.96181935e-01 -1.73518807e-01 -7.78360516e-02
    6.10722229e-02</data></vocabulary>
</opencv_storage>
