<?xml version="1.0"?>
<opencv_storage>
<vocabulary type_id="opencv-matrix">
  <rows>81</rows>
  <cols>1</cols>
  <dt>f</dt>
  <data>
    -2.84826221e+01 6.83555841e+00 2.46431994e+00 4.83926010e+01
    -1.55606194e+01 -1.94015541e+01 9.63929081e+00 -2.61858959e+01
    1.64362984e+01 5.58307838e+01 -5.20330544e+01 2.33057098e+01
    -5.69554367e+01 -3.35921478e+01 1.08650078e+02 -1.32462540e+02
    1.19630920e+02 -4.93457298e+01 -4.46506462e+01 8.96628036e+01
    -6.26879120e+01 8.38316116e+01 -4.84057693e+01 4.91936226e+01
    -1.54451790e+01 5.58267546e+00 -2.38636551e+01 4.37186670e+00
    -1.65565739e+01 -6.04108276e+01 4.00936546e+01 9.76781273e+00
    -8.48420181e+01 5.19576035e+01 -5.01323547e+01 7.97704391e+01
    -7.45251942e+00 5.13984985e+01 2.90115414e+01 -2.36580658e+00
    -1.85891647e+01 3.10478344e+01 8.65690994e+01 -7.57739792e+01
    -3.71459236e+01 2.87178535e+01 -8.59169693e+01 -1.57135620e+01
    -3.49166870e+01 2.70891151e+01 -1.42873554e+01 -7.97957993e+01
    8.17226639e+01 -8.77192974e+00 -4.36159706e+00 1.37383766e+01
    8.24096375e+01 -3.18003368e+01 -3.52185402e+01 4.81562691e+01
    3.69608736e+00 -2.91640358e+01 2.11114788e+01 -2.17969537e+00
    -1.10792694e+01 -5.61665773e+00 5.98933077e+00 4.64267006e+01
    -5.04111061e+01 -3.04765511e+01 5.72661438e+01 -2.30934124e+01
    -7.03445196e+00 2.98645477e+01 -3.96544914e+01 2.05017018e+00
    2.97890491e+01 -8.54788685e+00 3.73152590e+00 -2.19683266e+00
    -1.50633967e+00</data></vocabulary>
</opencv_storage>
