<?xml version="1.0"?>
<opencv_storage>
<vocabulary type_id="opencv-matrix">
  <rows>81</rows>
  <cols>1</cols>
  <dt>f</dt>
  <data>
    -7.65312135e-01 3.29865408e+00 -7.76327324e+00 1.07074366e+01
    -9.49200249e+00 3.57463264e+00 7.11900234e+00 -1.14989481e+01
    4.95726395e+00 2.05763102e+00 -9.85446930e+00 2.40600376e+01
    -3.28165359e+01 2.78786354e+01 -1.02394886e+01 -2.00575485e+01
    3.29194069e+01 -1.42880526e+01 -1.31838894e+00 8.65629864e+00
    -2.39246235e+01 3.58180008e+01 -3.17627163e+01 6.63504505e+00
    3.85473671e+01 -5.64165001e+01 2.47684402e+01 -1.66865015e+00
    1.34975743e+00 5.92129230e+00 -1.84718685e+01 1.98965397e+01
    9.46101379e+00 -6.66260223e+01 8.45894470e+01 -3.65730057e+01
    2.73785973e+00 -5.24470568e+00 2.07606530e+00 1.18725023e+01
    -1.81913471e+01 -3.38326097e+00 4.99830246e+01 -6.80031662e+01
    3.08276596e+01 -2.21813154e+00 4.64729214e+00 -3.94661093e+00
    -1.08552790e+01 2.49447079e+01 -2.19306316e+01 1.18659744e+01
    5.05621481e+00 -7.54788637e+00 1.04359400e+00 -5.42855561e-01
    -3.16410089e+00 1.57008877e+01 -2.74550304e+01 3.00042992e+01
    -3.11061668e+01 1.73445454e+01 -2.16902971e+00 4.06746157e-02
    -5.23249197e+00 1.52538700e+01 -2.32242718e+01 2.62780437e+01
    -2.16597557e+01 1.19990139e+01 -3.42428303e+00 -2.51865029e-01
    9.51269493e-02 3.38329196e+00 -9.85148907e+00 1.33228970e+01
    -1.39836569e+01 1.06270952e+01 -3.47253776e+00 -1.95129350e-01
    2.70348877e-01</data></vocabulary>
</opencv_storage>
