<?xml version="1.0"?>
<opencv_storage>
<vocabulary type_id="opencv-matrix">
  <rows>81</rows>
  <cols>1</cols>
  <dt>f</dt>
  <data>
    1.50742455e+01 -2.84042721e+01 1.98308258e+01 -8.72232590e+01
    2.43358414e+02 -2.97771637e+02 2.39104828e+02 -1.60387100e+02
    5.32862701e+01 -5.29496269e+01 1.11379341e+02 -1.55171753e+02
    2.64782776e+02 -4.23580505e+02 4.39736053e+02 -2.87770172e+02
    1.95614029e+02 -9.12390823e+01 1.23685059e+02 -2.59988861e+02
    3.97931274e+02 -4.85972412e+02 4.68806030e+02 -3.90980896e+02
    2.10377823e+02 -1.57399704e+02 1.06340790e+02 -1.98728531e+02
    4.76696838e+02 -7.81768188e+02 7.76400330e+02 -4.03887878e+02
    1.11754356e+02 1.24043114e+02 -1.33105560e+02 -3.30700684e+00
    1.84968536e+02 -5.22846741e+02 9.42399292e+02 -7.94940186e+02
    5.34461975e+01 4.49575043e+02 -7.19740662e+02 6.31584412e+02
    -1.73487854e+02 -1.18277504e+02 2.61243195e+02 -4.15899780e+02
    2.83547882e+02 2.16713242e+02 -5.06083435e+02 6.07970154e+02
    -5.01232178e+02 1.28986420e+02 4.65003586e+01 1.14283882e+02
    -4.27924286e+02 4.97389404e+02 -4.90126068e+02 3.09942322e+02
    -1.38895059e+00 -1.04841705e+02 7.94086227e+01 -2.05846443e+01
    -2.69679962e+02 8.02182312e+02 -8.69596130e+02 6.35805908e+02
    -2.96416901e+02 -1.20568871e+02 2.32599716e+02 -1.11234489e+02
    1.09565048e+01 1.35355850e+02 -4.12302032e+02 4.47020660e+02
    -3.02733185e+02 1.76791748e+02 -6.57637405e+01 1.15760498e+01
    8.05163383e+00</data></vocabulary>
</opencv_storage>
