<?xml version="1.0"?>
<opencv_storage>
<vocabulary type_id="opencv-matrix">
  <rows>81</rows>
  <cols>1</cols>
  <dt>f</dt>
  <data>
    -9.22197759e-01 1.62490439e+00 1.73849106e-01 -1.41696250e+00
    4.87142056e-01 9.50675271e-03 1.43289387e-01 -1.09354007e+00
    1.07110333e+00 1.93158257e+00 -3.25833631e+00 -4.40614074e-01
    3.13897991e+00 -1.99810612e+00 1.54532206e+00 -1.08293569e+00
    2.17745495e+00 -2.16413522e+00 -2.91228008e+00 5.31046486e+00
    -1.39846861e+00 -2.32861090e+00 1.34126306e+00 -1.13245070e+00
    -1.15818068e-01 -6.25954270e-01 1.30386865e+00 3.73490810e+00
    -7.28913450e+00 3.53943539e+00 8.80448818e-01 4.05409455e-01
    -1.13412070e+00 3.05458283e+00 -2.26893210e+00 3.02526653e-01
    -1.90245819e+00 3.26449728e+00 1.73012495e-01 -3.81815863e+00
    3.22404933e+00 3.32345933e-01 -3.14956355e+00 2.88578725e+00
    -8.00256371e-01 -1.46246374e-01 1.13996243e+00 -4.17614746e+00
    6.69566774e+00 -4.22992277e+00 5.28544068e-01 2.13840771e+00
    -1.88668942e+00 4.08133924e-01 1.92802195e-02 -2.04458132e-01
    1.62501049e+00 -2.76987076e+00 4.25929874e-01 2.30195975e+00
    -3.09406900e+00 1.33947730e+00 3.63494456e-02 4.12229300e-01
    -1.22618043e+00 7.79551089e-01 -3.47848713e-01 2.01659274e+00
    -3.64884186e+00 3.06633544e+00 -6.14175200e-01 -3.85872245e-01
    -1.88207835e-01 6.26104295e-01 -6.06686473e-01 5.60253143e-01
    -1.15819716e+00 1.69898927e+00 -1.28679979e+00 8.33527893e-02
    2.64385313e-01</data></vocabulary>
</opencv_storage>
