<?xml version="1.0"?>
<opencv_storage>
<vocabulary type_id="opencv-matrix">
  <rows>81</rows>
  <cols>1</cols>
  <dt>f</dt>
  <data>
    -2.86040163e+00 9.93143940e+00 -2.16895466e+01 3.56745872e+01
    -4.30018616e+01 3.13678207e+01 -8.34997940e+00 -3.12808299e+00
    2.05567026e+00 7.62619638e+00 -1.87202492e+01 2.91078968e+01
    -3.94696198e+01 3.98331909e+01 -2.21024837e+01 -6.14575243e+00
    1.95518055e+01 -1.09671793e+01 -9.82946014e+00 1.75910664e+01
    -8.89111805e+00 -4.86125612e+00 2.23931789e+01 -2.92103558e+01
    2.46602936e+01 -2.59848633e+01 1.74418983e+01 7.77719355e+00
    -2.38074760e+01 2.83415489e+01 -1.76675606e+01 -6.48338413e+00
    1.53407583e+01 -4.12126827e+00 1.08191948e+01 -1.49182405e+01
    -2.26078320e+00 2.72096710e+01 -5.60850487e+01 5.52844582e+01
    -2.12481632e+01 -2.89611340e+00 8.38298512e+00 -2.10085773e+01
    1.90187798e+01 -8.00934982e+00 -5.13067770e+00 3.40819893e+01
    -3.77489357e+01 1.01576729e+01 1.33946781e+01 -1.88406925e+01
    2.66950474e+01 -1.96229134e+01 2.04938164e+01 -2.96632767e+01
    1.03201084e+01 9.34814513e-01 6.48076916e+00 -1.02681236e+01
    -5.91009498e-01 -2.55186987e+00 9.45449066e+00 -1.76113052e+01
    2.83143005e+01 -1.29427757e+01 -4.36625910e+00 1.24327059e+01
    -1.90984173e+01 3.22422409e+01 -2.48983479e+01 2.61349344e+00
    4.59110594e+00 -5.59346676e+00 -2.67184639e+00 1.25682354e+01
    -1.94050941e+01 2.35727997e+01 -2.78416119e+01 2.08767681e+01
    -5.06882954e+00</data></vocabulary>
</opencv_storage>
