<?xml version="1.0"?>
<opencv_storage>
<vocabulary type_id="opencv-matrix">
  <rows>81</rows>
  <cols>1</cols>
  <dt>f</dt>
  <data>
    -1.16393700e-01 3.96449775e-01 -6.21461749e-01 5.84866703e-01
    -5.55524528e-01 3.87833625e-01 -2.39456799e-02 2.03188546e-02
    -1.34448400e-02 3.81209284e-01 -1.10430145e+00 1.53956068e+00
    -1.17276800e+00 6.01296246e-01 -7.51754045e-02 -2.52200097e-01
    -9.37642306e-02 2.19197884e-01 -5.44346094e-01 1.94320214e+00
    -3.13647079e+00 2.49333620e+00 -1.50980616e+00 6.53744280e-01
    -4.23898369e-01 7.07604825e-01 -6.14150941e-01 4.18279171e-01
    -1.85589075e+00 3.09783959e+00 -1.66869235e+00 -1.61649987e-01
    4.72824454e-01 2.49612495e-01 -9.57833707e-01 8.81650329e-01
    -2.59148121e-01 1.50716865e+00 -2.67020679e+00 6.33550107e-01
    3.10742974e+00 -1.66045249e+00 1.71030015e-01 9.25794423e-01
    -9.87586141e-01 2.45587245e-01 -1.01042390e+00 1.84914744e+00
    -5.64436257e-01 -1.22621095e+00 1.26844931e+00 -2.65370995e-01
    -7.74936736e-01 8.53377581e-01 -3.21031153e-01 6.99909866e-01
    -1.41152298e+00 1.16269147e+00 -3.22013646e-01 -1.30419046e-01
    -4.96251173e-02 6.45461440e-01 -6.61605895e-01 2.54873008e-01
    -4.98700142e-01 1.03466427e+00 -1.21777046e+00 7.82315314e-01
    -4.55173165e-01 2.83115804e-01 -5.20114183e-01 4.54890043e-01
    -6.69378489e-02 9.99138579e-02 -2.84473985e-01 4.83483762e-01
    -4.35270697e-01 2.96995491e-01 -1.28538191e-01 1.66066036e-01
    -1.50984421e-01</data></vocabulary>
</opencv_storage>
