<?xml version="1.0"?>
<opencv_storage>
<vocabulary type_id="opencv-matrix">
  <rows>81</rows>
  <cols>1</cols>
  <dt>f</dt>
  <data>
    -1.85580626e-01 1.09537624e-01 1.87578037e-01 -2.30643600e-01
    2.13999748e-01 -4.83822972e-02 -1.70853332e-01 1.31271958e-01
    -7.63354823e-02 4.03610915e-01 -1.66810498e-01 -5.29372692e-01
    6.14229679e-01 -5.29199421e-01 3.49655569e-01 -1.38222929e-02
    -1.36101907e-02 9.61245149e-02 -3.05800557e-01 1.54642031e-01
    4.46166813e-01 -9.20616269e-01 1.05796683e+00 -1.28114164e+00
    7.97019124e-01 -5.27349770e-01 4.39828299e-02 2.53923416e-01
    -5.09443104e-01 2.13491619e-01 7.26181448e-01 -1.28091979e+00
    1.94818282e+00 -1.51292324e+00 1.04604268e+00 -2.12318182e-01
    -3.39302361e-01 1.10008490e+00 -1.62364256e+00 4.90104735e-01
    2.02549076e+00 -1.61694813e+00 1.03724432e+00 -7.69630671e-01
    1.51502147e-01 3.83049935e-01 -1.32289147e+00 2.23080921e+00
    -1.32195807e+00 -1.43974409e-01 1.06737220e+00 -5.94750464e-01
    3.29279363e-01 1.25180325e-03 -3.21373820e-01 1.18536305e+00
    -1.98866975e+00 1.23773873e+00 -2.26993278e-01 -2.32505590e-01
    -3.24490443e-02 7.03412220e-02 -1.60136238e-01 2.41819665e-01
    -9.28268254e-01 1.49568009e+00 -9.64385688e-01 2.97382325e-01
    -3.51117581e-01 4.13394868e-01 -2.66749114e-01 2.02186614e-01
    -9.08224061e-02 3.25054049e-01 -5.23664117e-01 2.81463981e-01
    -7.47418962e-03 1.46433130e-01 -2.21661702e-01 1.49371892e-01
    -9.22706351e-02</data></vocabulary>
</opencv_storage>
