<?xml version="1.0"?>
<opencv_storage>
<vocabulary type_id="opencv-matrix">
  <rows>81</rows>
  <cols>1</cols>
  <dt>f</dt>
  <data>
    -9.95352790e-02 1.78808838e-01 -1.20152012e-01 -7.70996362e-02
    1.63142413e-01 -3.34620140e-02 1.52255064e-02 -1.37645394e-01
    7.70497620e-02 2.68694103e-01 -4.63980198e-01 5.04215598e-01
    -1.10640280e-01 -4.83253598e-01 4.06088769e-01 1.09150805e-01
    -4.56301160e-02 1.04675880e-02 -3.56488645e-01 5.61660290e-01
    -6.58564687e-01 3.51245776e-02 8.31932485e-01 -9.11788940e-01
    -3.26833911e-02 2.13760864e-02 2.95402780e-02 3.86423171e-01
    -8.23649466e-01 1.09962428e+00 -3.82727534e-01 -5.51463246e-01
    3.15060705e-01 4.80831683e-01 1.68182664e-02 -1.68003574e-01
    -3.20989996e-01 8.86605144e-01 -1.38705981e+00 6.21389449e-01
    1.39007413e+00 4.32236969e-01 -9.19755399e-01 -7.86496550e-02
    3.18862796e-01 1.42760471e-01 -5.62214673e-01 9.32739079e-01
    -1.83423504e-01 -2.06074908e-01 -4.64729160e-01 6.06479049e-01
    4.35091317e-01 -5.22755265e-01 -1.96269602e-01 6.78267121e-01
    -1.07281208e+00 6.00194514e-01 -5.13872206e-01 8.26761663e-01
    -5.71047843e-01 -4.41860646e-01 4.79756564e-01 1.53203040e-01
    -4.68081027e-01 7.44406700e-01 -6.02551401e-01 5.63230395e-01
    -8.18871558e-01 5.49317241e-01 1.99692361e-02 -1.08185254e-01
    2.46931743e-02 1.20132072e-02 -1.13243811e-01 7.70417154e-02
    -3.98483276e-02 1.39778256e-01 -1.28830820e-01 1.06106721e-01
    -7.41903484e-02</data></vocabulary>
</opencv_storage>
