<?xml version="1.0"?>
<opencv_storage>
<vocabulary type_id="opencv-matrix">
  <rows>81</rows>
  <cols>1</cols>
  <dt>f</dt>
  <data>
    -1.25070006e-01 8.69723022e-01 -1.73666120e+00 2.59537745e+00
    -3.16643763e+00 2.75049472e+00 -2.00027156e+00 8.65934670e-01
    -1.71824098e-01 -3.32792580e-01 -6.31610632e-01 1.76301432e+00
    -1.71599305e+00 1.59925413e+00 -2.30126548e+00 2.75415444e+00
    -1.29390371e+00 2.52834469e-01 1.41966856e+00 -7.39625573e-01
    -2.54609537e+00 2.47797799e+00 -9.64152873e-01 1.41109967e+00
    -2.26360083e+00 8.36450338e-01 1.27722219e-01 -2.56876087e+00
    2.32585955e+00 1.08644891e+00 2.99619108e-01 -1.53194273e+00
    3.42464447e-01 4.26206201e-01 4.63546753e-01 -7.18646288e-01
    3.32315779e+00 -3.52620411e+00 -9.04845774e-01 1.23758662e+00
    3.67173105e-01 1.78527176e+00 -7.71857500e-01 -9.84659255e-01
    1.06552327e+00 -2.49111795e+00 2.75841498e+00 1.15558052e+00
    -2.50502157e+00 2.25282550e+00 -1.77543533e+00 -5.47441602e-01
    2.37699175e+00 -1.72872841e+00 1.94270182e+00 -2.52165866e+00
    -2.63635129e-01 1.73487484e+00 -1.81523740e+00 -9.09668729e-02
    2.74926424e+00 -3.55829883e+00 1.96571946e+00 -6.52749956e-01
    4.98193234e-01 1.33359587e+00 -2.66156411e+00 2.67364264e+00
    -8.56395841e-01 -1.35758531e+00 1.81007361e+00 -8.14926207e-01
    -1.23209916e-01 4.63381439e-01 -1.28840697e+00 2.01379824e+00
    -1.98764706e+00 1.30979264e+00 -2.08003163e-01 -3.77096146e-01
    1.34048715e-01</data></vocabulary>
</opencv_storage>
