<?xml version="1.0"?>
<opencv_storage>
<vocabulary type_id="opencv-matrix">
  <rows>81</rows>
  <cols>1</cols>
  <dt>f</dt>
  <data>
    -4.13972092e+00 4.91790390e+00 -1.23214684e+01 1.20887690e+01
    -4.49343300e+00 -7.64478028e-01 3.33332491e+00 -2.61891818e+00
    -4.04370695e-01 5.65742302e+00 2.23338151e+00 6.68803120e+00
    -5.23803902e+00 -3.77721381e+00 1.10736895e+00 1.03474398e+01
    -1.25749598e+01 6.52667475e+00 -3.01688099e+00 -8.23208213e-01
    -2.37533474e+00 2.06213546e+00 5.06082869e+00 -1.98402154e+00
    -1.83309994e+01 1.63380337e+01 -3.32409549e+00 -1.03424954e+00
    -5.34851885e+00 -6.08763742e+00 5.29059744e+00 -1.74667597e+00
    3.51790714e+00 4.96604681e+00 -1.67431879e+00 7.94572949e-01
    4.23069096e+00 5.24655867e+00 1.31657171e+01 -8.89839745e+00
    -3.77894354e+00 8.74415016e+00 -9.60052395e+00 -3.25464988e+00
    -5.53058624e+00 -8.60988522e+00 -4.11269379e+00 -1.74164200e+01
    1.11858616e+01 6.92819431e-03 -5.29488266e-01 -8.86488318e-01
    2.32464924e+01 6.00002575e+00 9.67035484e+00 2.05096340e+00
    9.98735905e+00 -4.33229828e+00 -3.43039846e+00 -3.65371323e+00
    -2.83311462e+00 -2.04470406e+01 -4.83671808e+00 -1.67229080e+01
    1.95303020e+01 -2.39714503e+00 -8.97107220e+00 1.47758312e+01
    -3.17039371e+00 1.16136332e+01 6.75380564e+00 -2.46354890e+00
    1.27607450e+01 -1.95302315e+01 1.16114151e+00 7.22843075e+00
    -6.49956942e+00 1.19564784e+00 -8.59166336e+00 1.21569169e+00
    2.86855197e+00</data></vocabulary>
</opencv_storage>
