<?xml version="1.0"?>
<opencv_storage>
<vocabulary type_id="opencv-matrix">
  <rows>81</rows>
  <cols>1</cols>
  <dt>f</dt>
  <data>
    3.35951209e-01 -1.15635586e+00 1.42879176e+00 -1.15510333e+00
    8.66069674e-01 -1.27889723e-01 -2.07017392e-01 8.05296525e-02
    -6.85385913e-02 -7.41356552e-01 2.73540211e+00 -2.66304517e+00
    -8.33635271e-01 3.07575750e+00 -2.90349722e+00 1.70331383e+00
    -3.16900581e-01 -4.18676548e-02 1.57449830e+00 -5.50160980e+00
    5.04594278e+00 1.90730965e+00 -5.33672476e+00 3.59585118e+00
    -1.29191673e+00 -4.39144850e-01 3.43831241e-01 -1.28999531e+00
    4.54197311e+00 -3.61518884e+00 -3.53587532e+00 6.36739683e+00
    -3.63075614e+00 7.49728799e-01 4.05717164e-01 -1.12387491e-02
    6.34810627e-01 -2.70668387e+00 1.89957404e+00 2.95034313e+00
    -3.60602975e+00 2.02901292e+00 5.85323513e-01 -3.15169930e-01
    -3.65430534e-01 6.23069525e-01 -1.87519282e-01 3.29051167e-01
    -2.55158877e+00 3.10206199e+00 2.32999429e-01 -2.15318012e+00
    7.12917626e-01 1.89166561e-01 -1.63660431e+00 3.09614444e+00
    -2.82710266e+00 2.97475481e+00 -2.07912159e+00 -2.02162385e+00
    3.05909133e+00 -5.46292543e-01 -4.80863720e-01 9.32200611e-01
    -2.00996399e+00 1.65012228e+00 -1.40943360e+00 6.07847333e-01
    1.72419333e+00 -2.04380751e+00 1.98463753e-01 5.10144532e-01
    -1.41684160e-01 3.59540790e-01 -2.21227303e-01 1.13130875e-01
    7.12797344e-02 -5.35604775e-01 5.94441950e-01 -8.27360079e-02
    -1.48194924e-01</data></vocabulary>
</opencv_storage>
