<?xml version="1.0"?>
<opencv_storage>
<vocabulary type_id="opencv-matrix">
  <rows>81</rows>
  <cols>1</cols>
  <dt>f</dt>
  <data>
    3.55720699e-01 -3.13492393e+00 7.31428099e+00 -1.16948462e+01
    1.51644011e+01 -1.19161110e+01 5.74709988e+00 -2.28774524e+00
    6.01775408e-01 -2.17495039e-01 1.91310549e+00 -5.15370607e+00
    1.46418209e+01 -2.51598473e+01 2.21952000e+01 -1.25966148e+01
    6.03148985e+00 -1.60291827e+00 -7.17411995e-01 3.87636900e+00
    -6.83739901e+00 -4.10421181e+00 1.88995991e+01 -1.72287006e+01
    7.47200298e+00 -2.78978896e+00 6.73780620e-01 3.42439055e+00
    -1.68697643e+01 3.21472931e+01 -2.23013096e+01 2.90847588e+00
    2.20550609e+00 -9.33761537e-01 9.62013602e-01 -3.83851439e-01
    -5.99210310e+00 2.88355541e+01 -5.54186363e+01 4.65987167e+01
    -2.04481182e+01 7.59977770e+00 1.02044308e+00 -4.10412407e+00
    1.64486372e+00 5.37972212e+00 -2.43004417e+01 4.45736656e+01
    -3.09492149e+01 1.92696726e+00 1.42319946e+01 -2.21498795e+01
    1.83067894e+01 -5.97883415e+00 -3.62073970e+00 1.36912327e+01
    -2.14318771e+01 2.63516974e+00 2.67161026e+01 -4.08769798e+01
    4.47673950e+01 -3.25769119e+01 1.02338362e+01 2.46956444e+00
    -8.72350883e+00 1.31316557e+01 -8.63105893e-01 -1.81443825e+01
    2.76689892e+01 -3.08591385e+01 2.25566273e+01 -7.07787704e+00
    -9.18039858e-01 3.57397795e+00 -6.06718922e+00 3.32242751e+00
    1.83922493e+00 -4.86121225e+00 6.48529625e+00 -5.07031345e+00
    1.61939824e+00</data></vocabulary>
</opencv_storage>
