<?xml version="1.0"?>
<opencv_storage>
<vocabulary type_id="opencv-matrix">
  <rows>81</rows>
  <cols>1</cols>
  <dt>f</dt>
  <data>
    -2.21027164e+01 5.13507805e+01 -4.37158699e+01 3.49165535e+01
    -3.24159622e+01 5.28241425e+01 -1.20242157e+02 1.33215485e+02
    -4.56981125e+01 4.37129135e+01 -8.37132874e+01 3.33770103e+01
    -1.34607887e+00 7.74794436e+00 -1.22030382e+01 5.21048317e+01
    -8.40410995e+01 2.29319572e+01 -7.87878876e+01 1.34085983e+02
    -3.95817833e+01 -8.20556164e+00 7.70720863e+00 -2.67692623e+01
    1.75066414e+01 3.57917938e+01 4.85318422e+00 1.06310890e+02
    -1.49849350e+02 5.31230879e+00 1.98650265e+01 -4.77444172e+00
    9.33366623e+01 -2.68643829e+02 2.21795822e+02 -1.12999825e+02
    -1.01604195e+02 5.05795898e+01 4.04539261e+01 2.55073185e+01
    -9.67960358e+01 6.46516037e+01 9.87009583e+01 -9.80639801e+01
    9.41489258e+01 1.11608818e+02 3.70079689e+01 -7.47869263e+01
    6.63171463e+01 -1.19582207e+02 1.40881363e+02 -8.29591217e+01
    -4.09480820e+01 -6.64176102e+01 -1.29696411e+02 -6.50211477e+00
    9.30970788e-01 -6.67140121e+01 2.56762115e+02 -2.21169525e+02
    8.20331039e+01 7.93987560e+00 4.89713593e+01 1.44872208e+02
    -5.09408760e+01 9.78818893e+00 6.93561077e+00 -8.45120087e+01
    -1.86285210e+00 -1.01101341e+01 4.96616707e+01 3.84069176e+01
    -8.69819183e+01 5.58027267e+01 1.50760994e+01 -1.45916967e+01
    -1.39497576e+01 6.81234283e+01 -4.82709503e+01 2.74999199e+01
    -6.88585739e+01</data></vocabulary>
</opencv_storage>
