<?xml version="1.0"?>
<opencv_storage>
<vocabulary type_id="opencv-matrix">
  <rows>81</rows>
  <cols>1</cols>
  <dt>f</dt>
  <data>
    1.01432931e+00 -1.88417268e+00 -2.86220551e+00 1.03481293e+01
    -3.78058410e+00 -1.06521006e+01 1.28489256e+01 -6.44321346e+00
    1.42249525e+00 -3.00572538e+00 6.34494448e+00 1.15363292e-01
    -1.09992208e+01 5.23825932e+00 7.73561192e+00 -1.29057245e+01
    1.16423807e+01 -5.51844120e+00 4.42677832e+00 -9.02262783e+00
    3.37342787e+00 5.00717878e+00 -2.27276182e+00 -1.80597401e+00
    8.40491390e+00 -1.58776875e+01 1.08331337e+01 -5.59322977e+00
    1.23470268e+01 -6.42255163e+00 -4.81568766e+00 6.31636715e+00
    -6.81914949e+00 2.41239280e-01 1.30055342e+01 -1.12880268e+01
    6.73233080e+00 -1.68883686e+01 1.20944529e+01 1.34255612e+00
    -3.14328814e+00 5.63679028e+00 -2.89758873e+00 -8.29210663e+00
    8.99132061e+00 -5.19340849e+00 1.37414742e+01 -8.57088852e+00
    -6.10955238e+00 9.57656574e+00 -6.40093851e+00 3.47473955e+00
    3.64377117e+00 -5.51613379e+00 2.62778854e+00 -7.48611832e+00
    3.44014788e+00 7.26382828e+00 -1.03138666e+01 3.88397169e+00
    -1.67052972e+00 3.35511386e-01 1.22748470e+00 -5.64018667e-01
    1.61581171e+00 9.71557796e-01 -6.50739479e+00 7.83706331e+00
    -2.35180807e+00 8.76964688e-01 -1.81920052e+00 8.46294165e-01
    2.02610835e-01 -4.49942678e-01 -1.17815629e-01 1.54112685e+00
    -1.68942809e+00 -2.35399767e-03 -1.86170288e-03 1.23166561e+00
    -8.44294131e-01</data></vocabulary>
</opencv_storage>
