<?xml version="1.0"?>
<opencv_storage>
<vocabulary type_id="opencv-matrix">
  <rows>81</rows>
  <cols>1</cols>
  <dt>f</dt>
  <data>
    8.91050756e-01 -4.45587248e-01 1.59781373e+00 -5.47161512e-02
    -1.43110883e+00 -6.94207177e-02 1.66639018e+00 1.71430445e+00
    -2.62724018e+00 -2.98828244e-01 1.06535383e-01 -3.64475632e+00
    3.73639846e+00 -1.09603584e+00 -4.57509947e+00 -6.58532917e-01
    2.07009502e-02 2.79962301e+00 1.71681732e-01 -2.78729737e-01
    1.57412589e+00 1.44855762e+00 3.19913745e+00 2.15391135e+00
    2.47300887e+00 7.63727129e-01 -4.43923044e+00 -4.79794830e-01
    1.53226554e+00 -2.20915198e+00 5.15061200e-01 4.88705844e-01
    -1.34741843e+00 -3.09514403e+00 -4.44957685e+00 2.26993299e+00
    -4.26515311e-01 -2.72266889e+00 2.75777483e+00 -5.41329670e+00
    2.73347759e+00 -1.45511651e+00 1.13140070e+00 1.27741385e+00
    1.85620129e+00 -6.92335308e-01 -1.17472398e+00 1.88820803e+00
    1.35204184e+00 1.05584204e+00 -1.03601336e+00 -6.52542233e-01
    6.11713588e-01 -8.47016633e-01 -1.01570532e-01 -4.11204427e-01
    -1.66314304e+00 3.10922241e+00 1.81421146e-01 -1.97021532e+00
    -1.50174868e+00 3.48142791e+00 2.81530946e-01 2.56741261e+00
    -7.92768225e-02 1.19524384e+00 -2.90563822e-01 -1.86610758e+00
    2.08712149e+00 3.73466635e+00 -7.73391366e-01 -8.49609196e-01
    -1.49257636e+00 1.92484498e+00 -1.75290215e+00 1.87897909e+00
    -1.19979525e+00 -2.87514734e+00 1.58710587e+00 -1.08507857e-01
    -2.26895785e+00</data></vocabulary>
</opencv_storage>
