<?xml version="1.0"?>
<opencv_storage>
<vocabulary type_id="opencv-matrix">
  <rows>81</rows>
  <cols>1</cols>
  <dt>f</dt>
  <data>
    -2.50779271e+00 4.64483213e+00 -4.77403688e+00 9.54470515e-01
    7.03639936e+00 -3.39264035e+00 -1.24266262e+01 1.54375076e+01
    -5.46458817e+00 -2.80205703e+00 1.59303255e+01 -1.41371403e+01
    2.99176311e+00 -1.45277452e+00 2.60359168e+00 -5.86699152e+00
    4.49989986e+00 -3.15153956e-01 -1.99604487e+00 1.00205168e-01
    -4.70678902e+00 6.84634876e+00 3.57689738e+00 -6.80837202e+00
    -6.59945607e-01 5.26288843e+00 -3.41453767e+00 -1.95595014e+00
    5.79689121e+00 -5.68322086e+00 1.05765266e+01 -7.71681595e+00
    1.98652899e+00 -3.99900055e+00 8.45221937e-01 1.39532077e+00
    -2.89730692e+00 4.55672407e+00 -6.47189188e+00 5.74847174e+00
    -1.61174321e+00 1.69341004e+00 -3.50509810e+00 5.51818705e+00
    -2.35355544e+00 5.95293474e+00 -5.95331049e+00 1.28680432e+00
    3.27723932e+00 -4.37536097e+00 1.83780789e-01 2.53577971e+00
    -3.54967904e+00 3.93959492e-01 -5.02216816e+00 4.53340816e+00
    3.40192485e+00 -1.14952230e+01 9.55657387e+00 -1.49027324e+00
    -1.72767961e+00 2.26139641e+00 2.42221981e-01 1.66908634e+00
    -1.33855179e-01 -4.24399805e+00 6.48309135e+00 1.14410031e+00
    -6.10284281e+00 4.44990873e-01 2.21626234e+00 -1.64476764e+00
    6.05784714e-01 -3.38171339e+00 6.78638124e+00 -8.09160042e+00
    -3.99155688e+00 1.06589470e+01 -5.47457695e-01 -3.68372345e+00
    1.71714044e+00</data></vocabulary>
</opencv_storage>
