<?xml version="1.0"?>
<opencv_storage>
<vocabulary type_id="opencv-matrix">
  <rows>81</rows>
  <cols>1</cols>
  <dt>f</dt>
  <data>
    -1.32271814e+00 2.09634900e+00 2.00764909e-01 -3.16631293e+00
    -3.80766809e-01 3.65267444e+00 1.98111689e+00 -2.13425136e+00
    -6.75706625e-01 1.93723589e-01 -9.83848572e-02 -9.98059809e-01
    1.49167764e+00 4.22106445e-01 -1.27787435e+00 2.98143625e+00
    -4.04061317e+00 4.29767191e-01 -1.30361009e+00 3.98164153e-01
    -1.19045043e+00 3.49566793e+00 -3.58393192e+00 6.18460834e-01
    9.50062096e-01 -1.62196481e+00 2.24572062e+00 1.94081879e+00
    1.08210966e-01 -8.68851900e-01 2.06275964e+00 2.02057099e+00
    -4.71454859e+00 9.50631082e-01 -8.73718504e-03 1.09759474e+00
    -4.76130456e-01 1.00779235e+00 7.34029591e-01 -3.18928027e+00
    1.55553138e+00 -3.31167191e-01 3.15698695e+00 -2.64125967e+00
    -2.41717887e+00 -6.78964972e-01 -2.08440995e+00 1.67024583e-01
    4.06339407e+00 2.71671700e+00 -1.58999896e+00 -1.85191727e+00
    -1.36133492e-01 3.25828528e+00 -1.12810791e+00 5.95761165e-02
    2.30252671e+00 -1.90146756e+00 -5.01684761e+00 -2.81912661e+00
    1.30529845e+00 1.89275086e-01 -2.22629142e+00 8.46716583e-01
    -2.11913943e+00 -2.76495457e+00 1.85288060e+00 -3.76800925e-01
    3.81942439e+00 2.96980166e+00 -8.39684367e-01 -3.60037863e-01
    2.05532193e+00 2.26127714e-01 1.35057330e+00 -4.63035375e-01
    -9.54607248e-01 -2.19183183e+00 1.09194040e+00 2.08886862e+00
    7.55401731e-01</data></vocabulary>
</opencv_storage>
