<?xml version="1.0"?>
<opencv_storage>
<vocabulary type_id="opencv-matrix">
  <rows>81</rows>
  <cols>1</cols>
  <dt>f</dt>
  <data>
    4.69481945e-02 -2.33067840e-01 -4.32487540e-02 -1.24249786e-01
    8.69172990e-01 -2.61461586e-01 -2.73866326e-01 -1.55549556e-01
    1.03579991e-01 -1.18722729e-01 4.35836196e-01 -4.69083264e-02
    9.73052025e-01 -2.43524051e+00 1.21040213e+00 -2.85898447e-01
    1.29132509e+00 -9.42192852e-01 1.19821176e-01 -8.57840553e-02
    -1.19115973e+00 4.96050835e-01 1.02275085e+00 -7.73879051e-01
    6.49006724e-01 -2.43044019e+00 1.84029818e+00 -2.88306862e-01
    2.43941739e-01 1.58247066e+00 -1.77299118e+00 3.21847945e-01
    6.74278885e-02 -3.46570432e-01 2.06119132e+00 -1.67866445e+00
    3.10434282e-01 -6.05407357e-01 -1.01619482e+00 1.60231471e+00
    1.20597923e+00 -6.10179007e-01 7.71018744e-01 -1.60016036e+00
    1.41978455e+00 -1.26371920e-01 5.57034969e-01 4.76170093e-01
    -1.07401109e+00 2.19319671e-01 4.29194152e-01 -7.80156016e-01
    1.07045197e+00 -1.12067914e+00 3.79318029e-01 -1.04591703e+00
    2.41456613e-01 7.24074900e-01 -1.28183913e+00 1.02133834e+00
    -3.80954236e-01 -2.79223591e-01 7.56731331e-01 -1.50008515e-01
    4.35682684e-01 2.81038657e-02 -6.98270857e-01 1.34930348e+00
    -1.54101634e+00 1.11005008e+00 -3.89666557e-01 -2.74234533e-01
    -7.67927840e-02 1.07086234e-01 -1.20973885e-01 2.02044263e-01
    -4.97912943e-01 7.05054402e-01 -5.75622499e-01 2.90764481e-01
    -1.42925773e-02</data></vocabulary>
</opencv_storage>
