<?xml version="1.0"?>
<opencv_storage>
<vocabulary type_id="opencv-matrix">
  <rows>81</rows>
  <cols>1</cols>
  <dt>f</dt>
  <data>
    5.36848426e-01 -1.18594456e+00 1.90383232e+00 -4.47533083e+00
    7.03768301e+00 -4.21250105e+00 -9.19577777e-01 2.01621443e-01
    1.03977668e+00 -4.74130332e-01 -1.45897257e+00 4.07275391e+00
    5.15922499e+00 -1.79977093e+01 1.21682587e+01 6.56333625e-01
    -7.65721500e-01 -1.87511218e+00 4.16547269e-01 4.34132481e+00
    -1.03365993e+01 -7.62058675e-01 1.58295870e+01 -5.04041290e+00
    -1.15140495e+01 8.63157558e+00 -3.57676446e-01 -2.59122324e+00
    -1.65646040e+00 9.73032665e+00 -2.75670862e+00 -6.26021051e+00
    -5.35138845e+00 1.73388824e+01 -1.13301258e+01 1.72667325e+00
    4.89464664e+00 -3.48848867e+00 -3.95151544e+00 -2.45419145e+00
    9.39429474e+00 2.26024199e+00 -9.33208942e+00 4.37101984e+00
    -4.37331229e-01 -5.47369099e+00 5.85844755e+00 -3.56510222e-01
    3.88354874e+00 -3.92611432e+00 -2.63730860e+00 1.89956379e+00
    1.94647515e+00 -2.62067527e-01 5.08455753e+00 -6.09270525e+00
    2.57474113e+00 -1.41510963e+00 -4.58401012e+00 7.87889862e+00
    -1.79836249e+00 -1.73703444e+00 -4.69645858e-01 -3.33326602e+00
    4.35996485e+00 -3.22133303e+00 1.43617892e+00 4.39563036e+00
    -6.03475857e+00 9.30442929e-01 8.20499182e-01 4.10599411e-01
    1.19003260e+00 -1.91365993e+00 2.08363080e+00 -2.26312637e+00
    1.21022201e+00 -6.30153775e-01 1.28715777e+00 -8.55323017e-01
    2.93108206e-02</data></vocabulary>
</opencv_storage>
