<?xml version="1.0"?>
<opencv_storage>
<vocabulary type_id="opencv-matrix">
  <rows>81</rows>
  <cols>1</cols>
  <dt>f</dt>
  <data>
    1.47424448e+00 2.54868007e+00 -4.33741045e+00 -2.21618962e+00
    6.87978554e+00 -7.21784925e+00 1.02829564e+00 3.43607473e+00
    6.90405726e-01 -2.79812717e+00 -4.77482033e+00 6.79033709e+00
    2.55211902e+00 -9.13485146e+00 1.26955338e+01 -3.06112885e+00
    -3.18629408e+00 -1.10755277e+00 2.84193015e+00 2.61478519e+00
    -2.74839550e-01 -1.66340613e+00 1.81332111e+00 -8.94527721e+00
    3.31519222e+00 -3.38134122e+00 6.50239527e-01 -3.70731783e+00
    -1.94778353e-01 -2.33260202e+00 1.08100390e+00 1.55632806e+00
    2.69201732e+00 -3.24519539e+00 5.98163986e+00 6.92055523e-02
    5.36389351e+00 -1.94995630e+00 -2.64787138e-01 7.02611744e-01
    -5.54351389e-01 4.91972351e+00 4.58422041e+00 -5.66236782e+00
    -1.07151675e+00 -4.32130098e+00 -6.86959326e-01 -2.00564098e+00
    -5.91515660e-01 2.08342957e+00 -4.52874708e+00 -2.32228255e+00
    2.58015919e+00 -1.00907707e+00 8.61708522e-01 7.76398325e+00
    9.28616333e+00 -1.89463580e+00 -3.25147605e+00 -1.32950056e+00
    -5.40692616e+00 4.13250732e+00 6.09687996e+00 4.07388687e-01
    -8.03153515e+00 -1.01403980e+01 2.56034064e+00 3.26924396e+00
    2.07803726e+00 7.45290375e+00 -5.67394352e+00 -6.59052324e+00
    -1.03448413e-01 2.54989266e+00 3.64914703e+00 -1.00818503e+00
    -1.31947434e+00 -1.25271991e-01 -3.03657436e+00 2.29253983e+00
    2.11653805e+00</data></vocabulary>
</opencv_storage>
