<?xml version="1.0"?>
<opencv_storage>
<vocabulary type_id="opencv-matrix">
  <rows>81</rows>
  <cols>1</cols>
  <dt>f</dt>
  <data>
    1.21979976e+00 -2.95170403e+00 2.06134558e+00 -8.61435011e-02
    3.43173194e+00 -1.48368444e+01 1.45034189e+01 -3.66874576e+00
    -5.78015149e-02 -2.78304089e-02 -1.70323777e+00 4.80372858e+00
    -5.65529394e+00 3.70358038e+00 5.93300629e+00 -7.98830748e+00
    2.43542910e+00 -8.54332745e-02 -2.92500714e-03 2.48046327e+00
    -3.99712205e+00 1.83988869e+00 -3.33773184e+00 6.03061295e+00
    -4.23681784e+00 -3.66170192e+00 3.38453937e+00 -3.50068974e+00
    8.56880093e+00 -1.05070524e+01 8.86128902e+00 -1.64423001e+00
    -8.23856926e+00 6.90225840e+00 6.99903584e+00 -7.10110569e+00
    3.06097722e+00 -8.64018059e+00 7.50985622e+00 2.17019343e+00
    -1.15850163e+01 1.96640720e+01 -1.24121761e+01 -7.73753738e+00
    8.88431454e+00 -1.09360194e+00 3.84911013e+00 -7.25235224e-01
    -1.01447678e+01 1.65347195e+01 -1.35790968e+01 5.10944414e+00
    9.00960350e+00 -8.03077221e+00 1.04595935e+00 -3.62137198e+00
    -3.13122988e-01 1.08910236e+01 -1.28126698e+01 4.01645422e+00
    1.67223310e+00 -7.73878527e+00 5.61172390e+00 -2.91906625e-01
    1.04460835e+00 2.89695382e+00 -1.14054117e+01 1.35165701e+01
    -8.79637432e+00 4.62354183e+00 1.34639192e+00 -2.26547837e+00
    -5.90437174e-01 1.66444576e+00 -3.81642032e+00 7.10240507e+00
    -8.45540142e+00 8.07101059e+00 -6.53276825e+00 2.84259486e+00
    -4.17021573e-01</data></vocabulary>
</opencv_storage>
