<?xml version="1.0"?>
<opencv_storage>
<vocabulary type_id="opencv-matrix">
  <rows>81</rows>
  <cols>1</cols>
  <dt>f</dt>
  <data>
    5.72212744e+00 -5.97430277e+00 6.74982834e+00 -7.03167486e+00
    -1.06375492e+00 -5.18728316e-01 4.63471365e+00 -5.60708570e+00
    4.16960049e+00 -4.50505066e+00 3.93614322e-01 -1.13478506e+00
    1.07134123e+01 1.21745646e+00 1.10726938e+01 -9.35353088e+00
    -1.98388362e+00 -4.58346367e+00 -2.85121059e+00 2.10101843e+00
    -7.41776133e+00 -2.12742782e+00 -7.46234560e+00 -8.73625457e-01
    3.12447357e+00 7.61118841e+00 -1.44257164e+00 2.16179872e+00
    3.37752175e+00 2.65267348e+00 -3.58544016e+00 -4.19855881e+00
    8.07112813e-01 4.34434319e+00 -9.53668213e+00 8.52735996e+00
    1.17891777e+00 4.70008999e-01 3.58806968e+00 1.80520463e+00
    9.96363831e+00 -9.64735603e+00 2.88082361e+00 9.98906803e+00
    -1.06326761e+01 -1.14157176e+00 -9.37299156e+00 4.34489012e+00
    1.71541214e+00 -2.90926754e-01 -9.40648174e+00 -8.45460892e+00
    1.23465433e+01 4.24938154e+00 4.77031374e+00 -1.44969285e+00
    -2.08592105e+00 -5.86322451e+00 -3.03161883e+00 3.61774039e+00
    2.70716095e+00 2.16541767e+00 -8.72127151e+00 -5.86786556e+00
    1.28070793e+01 -8.42511749e+00 1.02732887e+01 5.77116013e+00
    -1.78691995e+00 8.84789753e+00 -5.02808571e+00 -5.18779182e+00
    -5.04316866e-01 1.23000491e+00 -2.33431172e+00 -3.52771020e+00
    -1.52967083e+00 -1.82843709e+00 1.93404889e+00 3.96268702e+00
    -1.62303436e+00</data></vocabulary>
</opencv_storage>
