<?xml version="1.0"?>
<opencv_storage>
<vocabulary type_id="opencv-matrix">
  <rows>81</rows>
  <cols>1</cols>
  <dt>f</dt>
  <data>
    -1.76741850e+00 7.68311644e+00 -9.66216373e+00 6.81678534e+00
    1.54198170e+00 -9.08251381e+00 8.19959450e+00 -4.74509287e+00
    7.29363799e-01 -7.97094464e-01 -3.80048203e+00 8.42584515e+00
    -1.01367226e+01 5.74024630e+00 2.62770510e+00 -7.74837780e+00
    6.84045124e+00 -1.53914952e+00 4.61341190e+00 -4.39541769e+00
    2.21078181e+00 -4.54658747e-01 -5.04344606e+00 -3.49123335e+00
    3.09234405e+00 1.64276576e+00 3.23550296e+00 -6.19784164e+00
    2.40964293e+00 1.37225926e+00 -2.71280837e+00 1.54392660e+00
    8.68909264e+00 -3.63138437e+00 -2.06734443e+00 -2.43648052e+00
    6.55831099e+00 -2.64366180e-01 -4.95872736e+00 3.69485164e+00
    -4.21524495e-01 1.01920586e+01 -2.07491612e+00 -1.86516964e+00
    -7.18141174e+00 2.38656592e+00 -4.42214108e+00 1.52152395e+00
    1.55320430e+00 2.78479910e+00 -1.72681561e+01 -4.22338867e+00
    1.27441044e+01 7.64682007e+00 -5.36467552e+00 4.32926369e+00
    -7.19854891e-01 5.45763016e+00 -9.64986801e+00 7.49359608e+00
    -1.25471759e+00 3.87986898e-01 -4.29187679e+00 9.88023520e-01
    2.09455848e+00 -6.37541723e+00 4.77973652e+00 -1.57995410e-02
    -3.16308594e+00 1.04108963e+01 -9.82339859e+00 -3.52537346e+00
    -2.54220247e+00 2.70874214e+00 1.18577528e+00 -4.32352781e+00
    -5.27594864e-01 8.44189739e+00 -1.02949171e+01 6.02246332e+00
    4.48322010e+00</data></vocabulary>
</opencv_storage>
