<?xml version="1.0"?>
<opencv_storage>
<vocabulary type_id="opencv-matrix">
  <rows>81</rows>
  <cols>1</cols>
  <dt>f</dt>
  <data>
    -4.62365896e-03 2.70802945e-01 -4.21376109e-01 -8.17928612e-01
    2.59088326e+00 -2.01536894e+00 -3.92944850e-02 6.53527081e-01
    -1.94166094e-01 -3.81648421e-01 -1.60977766e-01 1.12119508e+00
    2.46139622e+00 -8.19466782e+00 6.21064186e+00 1.08919621e+00
    -3.26759672e+00 1.06972778e+00 8.52145851e-01 3.03395856e-02
    -1.99356997e+00 -4.28441525e+00 1.41986771e+01 -1.03208361e+01
    -2.98479152e+00 6.65723324e+00 -2.19564843e+00 -1.50517988e+00
    5.75933158e-01 2.32177138e+00 4.60671329e+00 -1.56232367e+01
    9.27982521e+00 8.49861050e+00 -1.20891867e+01 3.90660071e+00
    2.19238544e+00 -1.76081073e+00 -1.90476668e+00 -3.34833694e+00
    1.36916513e+01 -3.35381770e+00 -1.78464279e+01 1.98192501e+01
    -6.33962917e+00 -1.35241759e+00 -8.20847988e-01 6.73234844e+00
    -4.87970209e+00 -1.03231752e+00 -8.00218773e+00 2.72821941e+01
    -2.60375309e+01 8.37260818e+00 -1.01388291e-01 4.98883629e+00
    -1.36392803e+01 1.48362427e+01 -1.15883617e+01 1.88447361e+01
    -3.31754875e+01 2.86691303e+01 -9.31209660e+00 5.37203133e-01
    -5.10506725e+00 1.24259396e+01 -1.37479391e+01 1.10725746e+01
    -1.54179640e+01 2.40430241e+01 -2.02416687e+01 6.58967924e+00
    -2.06839740e-01 2.04617834e+00 -4.93036509e+00 5.13314533e+00
    -3.55530262e+00 4.55354786e+00 -7.12755060e+00 6.02623701e+00
    -1.93073416e+00</data></vocabulary>
</opencv_storage>
