<?xml version="1.0"?>
<opencv_storage>
<vocabulary type_id="opencv-matrix">
  <rows>81</rows>
  <cols>1</cols>
  <dt>f</dt>
  <data>
    4.77986097e-01 -1.17877305e+00 1.18990982e+00 -5.73820174e-01
    4.27258015e-01 -9.41700339e-01 1.30223429e+00 -8.18253934e-01
    2.93188989e-01 -1.05438364e+00 2.59126902e+00 -2.41579604e+00
    8.01259279e-01 -4.38268602e-01 1.80274987e+00 -2.63155508e+00
    1.62797391e+00 -5.45222104e-01 1.30713940e+00 -3.23371768e+00
    2.50678587e+00 1.86247200e-01 -1.13764119e+00 -1.29518092e+00
    2.65204978e+00 -1.67267406e+00 4.33339685e-01 -1.50271475e+00
    3.74830198e+00 -2.69029999e+00 -7.55738199e-01 1.86758709e+00
    1.61483610e+00 -3.07136869e+00 1.62190080e+00 -2.17959568e-01
    1.37305593e+00 -3.48084331e+00 2.49525332e+00 5.83047509e-01
    -9.53108966e-02 -2.04583287e+00 2.93131709e+00 -1.04188693e+00
    -1.70886993e-01 -1.04509151e+00 2.75104785e+00 -2.08911991e+00
    -3.14431638e-01 8.91871154e-01 1.55692732e+00 -2.06074595e+00
    1.22151107e-01 6.16583765e-01 4.84013557e-01 -1.25549257e+00
    6.18745804e-01 1.12020946e+00 -1.53085494e+00 -2.15227321e-01
    8.15447986e-01 2.98459738e-01 -6.15164399e-01 2.23402008e-01
    -5.78384876e-01 1.17318237e+00 -2.17490244e+00 2.20847297e+00
    -1.10834503e+00 3.03406090e-01 -4.76201445e-01 4.49756414e-01
    -2.46595904e-01 6.43220067e-01 -1.00010622e+00 1.41468334e+00
    -1.32143426e+00 7.70132720e-01 -3.23420554e-01 2.79232949e-01
    -2.10200235e-01</data></vocabulary>
</opencv_storage>
