<?xml version="1.0"?>
<opencv_storage>
<vocabulary type_id="opencv-matrix">
  <rows>81</rows>
  <cols>1</cols>
  <dt>f</dt>
  <data>
    6.49388805e-02 -1.21848546e-01 1.70150965e-01 -1.70222208e-01
    -3.07659730e-02 4.61343974e-01 -1.25568524e-01 -9.53432769e-02
    7.14417920e-02 -1.39013663e-01 3.33586812e-01 -4.51532513e-01
    4.54651296e-01 -2.28109583e-01 -3.79873097e-01 1.83814570e-01
    -8.31823125e-02 -2.94838957e-02 7.35582858e-02 -3.09686840e-01
    4.65044290e-01 -5.38841724e-01 2.25370917e-02 2.74120152e-01
    -2.45172665e-01 1.47359267e-01 5.65799214e-02 3.01577635e-02
    8.10253471e-02 -2.12390751e-01 4.97404218e-01 -3.45960230e-01
    3.82964343e-01 -1.97621480e-01 1.48339421e-01 -1.41463965e-01
    -2.26531953e-01 4.49866354e-01 -3.71183634e-01 -2.30973050e-01
    1.53375983e+00 -2.95491219e-01 1.55946895e-01 -2.83191055e-01
    1.38306126e-01 3.41810882e-01 -7.16787696e-01 6.13484144e-01
    -1.83934271e-02 1.79040849e-01 -3.62367272e-01 1.61917374e-01
    1.24695480e-01 -9.91109088e-02 -4.59532768e-01 9.77194726e-01
    -1.24284041e+00 9.70928907e-01 -9.52068210e-01 8.18117917e-01
    -5.01608133e-01 1.27886221e-01 4.58108298e-02 3.67213011e-01
    -7.69136786e-01 8.53701949e-01 -5.56631148e-01 4.16049957e-01
    -4.19534713e-01 2.46095076e-01 -3.07989456e-02 -5.76393567e-02
    -3.70317213e-02 9.23830122e-02 -1.29484802e-01 6.55927211e-02
    2.05493942e-02 -5.69017343e-02 8.33201930e-02 -9.49747264e-02
    5.62031455e-02</data></vocabulary>
</opencv_storage>
