<?xml version="1.0"?>
<opencv_storage>
<vocabulary type_id="opencv-matrix">
  <rows>81</rows>
  <cols>1</cols>
  <dt>f</dt>
  <data>
    -5.22134341e-02 1.07271247e-01 -9.52425063e-01 2.33533502e+00
    -2.95777869e+00 2.71136069e+00 -1.96121573e+00 1.13940740e+00
    -4.24394846e-01 -8.53168815e-02 1.57772943e-01 1.73021781e+00
    -4.44040871e+00 3.93840289e+00 -1.19143665e+00 1.49319649e-01
    -5.93714297e-01 5.07305384e-01 9.77128029e-01 -2.32846379e+00
    2.80936182e-01 3.39696431e+00 -1.82661140e+00 -3.32099009e+00
    3.68892598e+00 -1.04265368e+00 -2.04928830e-01 -1.23334539e+00
    2.74940872e+00 1.97505832e-01 -5.12254620e+00 2.63852048e+00
    4.12300110e+00 -4.65532494e+00 1.32244539e+00 2.71428198e-01
    1.21272576e+00 -2.41557455e+00 -1.84739530e+00 8.09567642e+00
    -4.13733387e+00 -2.44878602e+00 3.98564911e+00 -7.69983292e-01
    -6.53021395e-01 -1.97961462e+00 4.37822962e+00 -1.19601083e+00
    -4.35900688e+00 2.64279985e+00 3.64089727e+00 -4.68673611e+00
    1.09154034e+00 5.34342825e-01 3.02026653e+00 -7.38012934e+00
    6.31699562e+00 -2.32679820e+00 2.97624016e+00 -6.92611170e+00
    6.48149014e+00 -2.20082450e+00 -1.58267003e-02 -2.63358450e+00
    6.67313051e+00 -7.15820694e+00 5.34967470e+00 -5.64919376e+00
    7.31143951e+00 -6.15387726e+00 2.46927023e+00 -3.59941602e-01
    1.09809995e+00 -2.83039761e+00 3.42857003e+00 -3.18968320e+00
    3.23943782e+00 -3.44781303e+00 2.71652102e+00 -1.19161773e+00
    2.66625524e-01</data></vocabulary>
</opencv_storage>
