<?xml version="1.0"?>
<opencv_storage>
<vocabulary type_id="opencv-matrix">
  <rows>81</rows>
  <cols>1</cols>
  <dt>f</dt>
  <data>
    2.21623648e-02 -2.92565614e-01 5.79808056e-01 -4.67812240e-01
    2.71631569e-01 -1.93975165e-01 1.03750207e-01 1.72930434e-02
    -5.29700071e-02 3.58890183e-02 3.13225418e-01 -5.91193795e-01
    3.57830614e-01 1.47836030e-01 -1.47525191e-01 -2.43955985e-01
    1.43594503e-01 -5.51715158e-02 -1.40647411e-01 -9.81471762e-02
    2.41171822e-01 -1.95657104e-01 -4.97738749e-01 5.73364556e-01
    7.82499015e-02 -1.89377591e-01 2.59488314e-01 8.93251002e-02
    9.19806138e-02 -1.52463019e-01 2.70208836e-01 2.21036673e-01
    -9.61016834e-01 7.48884261e-01 -4.20734406e-01 -5.06405607e-02
    -6.99512437e-02 4.47963960e-02 -3.59673619e-01 2.94932336e-01
    6.08964622e-01 1.96610880e+00 -2.16271472e+00 1.28737092e+00
    -3.14326614e-01 1.05387665e-01 1.15117230e-01 -3.06879338e-02
    -2.33858064e-01 8.94905269e-01 -1.79378045e+00 1.50541079e+00
    -7.73346305e-01 1.63482517e-01 -5.24353944e-02 -4.10398662e-01
    6.03088677e-01 -1.38218939e-01 -7.58924305e-01 8.96535397e-01
    4.02862839e-02 -3.38256538e-01 1.79665074e-01 -4.42017801e-02
    4.67727393e-01 -6.53556526e-01 2.07647040e-01 3.54244828e-01
    -4.26511407e-01 -2.53214538e-01 3.51850688e-01 -1.25356108e-01
    8.77214894e-02 -3.57946903e-01 4.89156485e-01 -3.00764412e-01
    9.75574031e-02 -5.50158741e-03 1.21294811e-01 -1.23744905e-01
    2.96612717e-02</data></vocabulary>
</opencv_storage>
