<?xml version="1.0"?>
<opencv_storage>
<vocabulary type_id="opencv-matrix">
  <rows>81</rows>
  <cols>1</cols>
  <dt>f</dt>
  <data>
    7.05100870e+00 -1.70381699e+01 1.83162251e+01 -1.12821827e+01
    -1.35029957e-01 7.39120293e+00 -7.49702168e+00 3.25627184e+00
    4.93610322e-01 -1.89948769e+01 4.04404984e+01 -3.56665649e+01
    1.45457582e+01 1.16150208e+01 -3.08974495e+01 2.75995426e+01
    -1.05667048e+01 6.04364693e-01 2.55018654e+01 -5.49664345e+01
    5.16541328e+01 -2.53228588e+01 -8.70535946e+00 3.13027000e+01
    -1.28731136e+01 -1.35744314e+01 8.32190704e+00 -1.82101936e+01
    4.64575768e+01 -5.28213463e+01 3.30380745e+01 -2.95471692e+00
    -1.66879959e+01 -5.55472374e+00 3.52839432e+01 -1.84362621e+01
    5.90998840e+00 -2.31646481e+01 2.90319138e+01 -2.35695229e+01
    2.05997162e+01 -6.63508892e-01 -4.51703501e+00 -2.26651344e+01
    1.69458485e+01 8.38858032e+00 4.42964649e+00 -1.87055912e+01
    2.43615437e+01 -3.44982834e+01 1.72643547e+01 3.96022320e-01
    1.79971638e+01 -1.38071194e+01 -2.45142632e+01 1.48310366e+01
    1.16081896e+01 -1.74617786e+01 2.23842754e+01 -8.65177631e+00
    3.63843846e+00 -1.56956091e+01 7.76178026e+00 2.01366138e+01
    -1.33674135e+01 -1.02505112e+01 1.37035913e+01 -1.23573046e+01
    2.85598540e+00 -5.05699968e+00 1.19760380e+01 -4.05124044e+00
    -4.58156824e+00 5.43945849e-01 8.25600433e+00 -8.57360172e+00
    5.36378908e+00 -1.92902911e+00 3.25162816e+00 -5.40111256e+00
    2.10870051e+00</data></vocabulary>
</opencv_storage>
