<?xml version="1.0"?>
<opencv_storage>
<vocabulary type_id="opencv-matrix">
  <rows>81</rows>
  <cols>1</cols>
  <dt>f</dt>
  <data>
    1.26933670e+00 -2.91399026e+00 3.16652441e+00 -2.10672593e+00
    1.68920839e+00 -1.31041884e+00 6.57814562e-01 -5.68489842e-02
    -5.32682240e-02 -2.62288809e+00 6.16437244e+00 -6.89726925e+00
    4.79228497e+00 -4.18950701e+00 3.58723664e+00 -2.14197469e+00
    8.36963058e-01 -2.25378722e-01 1.96251905e+00 -4.48089409e+00
    3.95535064e+00 -1.15920031e+00 1.36949587e+00 -2.87296867e+00
    1.79528069e+00 -8.19492579e-01 2.33951479e-01 -4.07933444e-01
    2.20538169e-01 1.53589272e+00 -3.98573303e+00 2.43234634e+00
    1.41150367e+00 -9.39542711e-01 6.01216018e-01 -2.49201417e-01
    -4.70315963e-01 1.84993410e+00 -3.95188260e+00 5.32640839e+00
    -7.74856746e-01 -3.05288625e+00 1.94416463e+00 -8.12476397e-01
    4.75099415e-01 5.49474716e-01 -1.69437516e+00 3.45484400e+00
    -3.75434232e+00 -2.21184835e-01 5.16778755e+00 -3.34918165e+00
    1.11095989e+00 -7.51697302e-01 -5.39836884e-01 1.49972987e+00
    -2.05647087e+00 1.44875169e+00 1.06681228e+00 -4.12665462e+00
    2.46948361e+00 -4.85049337e-01 4.96109873e-01 9.56527665e-02
    -1.56369090e-01 -9.20682728e-01 2.07771587e+00 -2.68435144e+00
    3.12160182e+00 -1.29678130e+00 -4.13351208e-01 1.38182357e-01
    1.62189290e-01 -4.32445586e-01 1.28360426e+00 -2.04141426e+00
    2.16528726e+00 -1.95433676e+00 6.05808735e-01 5.06997049e-01
    -3.27723831e-01</data></vocabulary>
</opencv_storage>
