<?xml version="1.0"?>
<opencv_storage>
<vocabulary type_id="opencv-matrix">
  <rows>81</rows>
  <cols>1</cols>
  <dt>f</dt>
  <data>
    8.14811993e+00 -4.53069687e+01 -1.32972076e+02 9.59796143e+01
    -5.89966507e+01 1.34074295e+02 -1.01097847e+02 5.36751976e+01
    4.07409706e+01 -2.64494438e+01 1.87186569e+02 2.87898071e+02
    -9.87389221e+01 -1.11559120e+02 -1.11673790e+02 1.25945724e+02
    -5.92899780e+01 -1.59377396e+02 6.16090822e+00 -2.39179199e+02
    -3.24473206e+02 7.57790833e+01 1.09867172e+02 3.87809219e+01
    -3.28320045e+01 9.17698364e+01 6.64572296e+01 3.62146378e+01
    2.07677155e+02 2.33906967e+02 -4.15422440e+01 1.23694809e+02
    3.04377594e+01 -1.98522949e+02 -1.05906296e+02 2.19481735e+02
    -8.67560577e+00 -2.57913666e+02 2.14970612e+02 -4.56453888e+02
    5.36539307e+01 -1.93122772e+02 1.08002403e+02 3.80845451e+01
    -2.61304718e+02 -5.62279243e+01 1.09963638e+02 -2.86959259e+02
    6.55982605e+02 -1.68232346e+02 1.86787231e+02 4.31577637e+02
    5.71102715e+01 7.66449585e+01 3.76006622e+01 4.76830139e+01
    7.29729080e+01 -4.46502167e+02 1.80478287e+02 -1.98732544e+02
    -4.69959534e+02 -1.16782875e+02 3.41708107e+01 3.68612366e+01
    -5.47298660e+01 -2.30669479e+01 1.56511826e+02 -1.85746136e+01
    9.65701370e+01 -9.43022919e+01 3.06533752e+02 -1.02340195e+02
    -3.60127296e+01 4.50753136e+01 -3.77143211e+01 4.82744141e+01
    -8.99413834e+01 3.13484592e+01 1.43299667e+02 -1.73419632e+02
    5.57586708e+01</data></vocabulary>
</opencv_storage>
