<?xml version="1.0"?>
<opencv_storage>
<vocabulary type_id="opencv-matrix">
  <rows>81</rows>
  <cols>1</cols>
  <dt>f</dt>
  <data>
    7.77763799e-02 -1.68661460e-01 2.13974312e-01 3.06335860e-04
    -3.29362333e-01 3.88585061e-01 -3.64488572e-01 3.09478104e-01
    -8.53662789e-02 -4.35324401e-01 4.15897518e-01 3.54387403e-01
    -9.80928659e-01 1.31444943e+00 -6.58625782e-01 -4.37098026e-01
    5.18286705e-01 -1.66041210e-01 8.14750969e-01 -7.48434067e-01
    -7.85617590e-01 1.91637671e+00 -2.44869351e+00 9.82490480e-01
    1.34651482e+00 -1.73996794e+00 5.51727474e-01 -1.15704596e+00
    9.63114917e-01 1.41820025e+00 -3.16122675e+00 3.96125340e+00
    -2.33491945e+00 -5.92988372e-01 1.46371222e+00 -3.91660333e-01
    1.56553543e+00 -1.52309227e+00 -1.49724722e+00 3.57685924e+00
    -3.63343906e+00 3.40858173e+00 -1.29155204e-01 -9.71188128e-01
    1.16232425e-01 -1.63929951e+00 2.21536374e+00 -1.56177431e-01
    -1.61808681e+00 3.04314446e+00 -2.08125973e+00 -2.82009780e-01
    7.68551886e-01 -3.69909480e-02 1.45129669e+00 -2.36523533e+00
    1.38726532e+00 5.52444160e-02 -1.29527879e+00 6.31521583e-01
    6.39088154e-01 -5.61579406e-01 -3.38823237e-02 -9.06790197e-01
    1.57874954e+00 -1.22803998e+00 3.83597940e-01 1.94325060e-01
    -1.43573433e-02 -4.13182229e-01 1.60956904e-01 1.34237677e-01
    2.73572505e-01 -5.54798007e-01 5.86586714e-01 -4.21166062e-01
    2.94046074e-01 -2.28521436e-01 1.95418164e-01 -4.46601547e-02
    -4.95754518e-02</data></vocabulary>
</opencv_storage>
