<?xml version="1.0"?>
<opencv_storage>
<vocabulary type_id="opencv-matrix">
  <rows>81</rows>
  <cols>1</cols>
  <dt>f</dt>
  <data>
    -2.47792397e+01 4.39951019e+01 -4.97551918e+01 5.57834587e+01
    -7.14116135e+01 8.44474945e+01 -8.63201752e+01 5.89662590e+01
    -1.88973598e+01 7.10633926e+01 -1.32393326e+02 1.54438370e+02
    -1.74289276e+02 2.13084824e+02 -2.41105469e+02 2.45709717e+02
    -1.69285248e+02 5.38787766e+01 -1.07332985e+02 2.30507355e+02
    -2.92339935e+02 3.33293671e+02 -3.86157043e+02 4.02204468e+02
    -3.73403717e+02 2.45844055e+02 -7.91732864e+01 1.19734634e+02
    -2.86489502e+02 3.74006195e+02 -4.17846558e+02 4.73960632e+02
    -4.73539337e+02 4.07547333e+02 -2.56534088e+02 8.40007706e+01
    -7.58759537e+01 1.52858749e+02 -1.35296463e+02 1.14449326e+02
    -1.60736938e+02 2.04821335e+02 -2.08091843e+02 1.35954849e+02
    -4.58239098e+01 1.53910208e+01 4.11663017e+01 -2.04035309e+02
    2.97441132e+02 -2.49373489e+02 1.41839722e+02 -3.85862427e+01
    7.74137497e+00 1.54648793e+00 -1.31396484e+01 -2.45769463e+01
    1.45327087e+02 -1.99977310e+02 1.42645081e+02 -5.19620972e+01
    -1.66442509e+01 1.76935425e+01 -8.06902409e+00 2.52752342e+01
    -6.01894684e+01 6.33652000e+01 -7.91854019e+01 1.19151505e+02
    -1.46837372e+02 1.34383209e+02 -7.74946976e+01 2.38330460e+01
    -1.21897745e+01 3.90695152e+01 -6.13836937e+01 7.82415390e+01
    -8.97397308e+01 9.19598236e+01 -7.52867813e+01 4.19570007e+01
    -1.19978180e+01</data></vocabulary>
</opencv_storage>
