<?xml version="1.0"?>
<opencv_storage>
<vocabulary type_id="opencv-matrix">
  <rows>81</rows>
  <cols>1</cols>
  <dt>f</dt>
  <data>
    1.05993538e+01 1.61502278e+00 -8.14153767e+00 1.64461365e+01
    6.39190137e-01 -3.26563263e+00 -1.40922432e+01 7.97147179e+00
    -8.64748955e+00 -9.27231884e+00 4.62704468e+00 4.98546124e+00
    -1.78940048e+01 -5.97486877e+00 6.96526861e+00 -5.18999910e+00
    -1.12909899e+01 1.26037636e+01 -1.78920135e+01 -1.06767693e+01
    4.81335926e+00 8.15225184e-01 3.71692181e+00 1.21725500e+00
    6.50254517e+01 4.88214445e+00 -3.38240170e+00 2.47040749e+01
    2.10930896e+00 -9.24352074e+00 4.61076117e+00 -1.57855511e+00
    -2.14273977e+00 -6.46103439e+01 -6.21618319e+00 -1.05089302e+01
    -9.75894737e+00 1.59207191e+01 1.39514627e+01 -3.24996328e+00
    4.67506409e+00 -7.39019585e+00 6.72398090e+00 1.59516315e+01
    2.69330521e+01 2.90439200e+00 -2.44528675e+01 -2.05318379e+00
    -9.87641048e+00 9.58599758e+00 9.19041538e+00 1.05323725e+01
    -7.73785639e+00 -3.29607239e+01 -1.24203920e+00 1.59454489e+01
    -1.67312374e+01 2.51288242e+01 -2.69648514e+01 -1.32143173e+01
    1.95544987e+01 -2.35878258e+01 3.19304829e+01 2.11099967e-01
    -8.01424408e+00 1.74070873e+01 -2.07940826e+01 2.22570934e+01
    1.48768606e+01 -2.79336987e+01 3.00675755e+01 -2.37146797e+01
    -8.22506100e-02 2.68455887e+00 -5.66060162e+00 6.43981028e+00
    -6.65364313e+00 -5.49257994e+00 9.57658863e+00 -9.85063362e+00
    7.65001631e+00</data></vocabulary>
</opencv_storage>
