<?xml version="1.0"?>
<opencv_storage>
<vocabulary type_id="opencv-matrix">
  <rows>81</rows>
  <cols>1</cols>
  <dt>f</dt>
  <data>
    1.46148658e+00 -4.07677460e+00 3.58109355e+00 -8.75378251e-01
    -1.20737886e+00 2.67179894e+00 -8.52940202e-01 -1.94469869e+00
    1.43476105e+00 -3.69310260e+00 1.03060007e+01 -9.61579418e+00
    3.68090677e+00 1.63343561e+00 -5.83160210e+00 1.81345725e+00
    4.88355589e+00 -3.56857491e+00 2.80342960e+00 -8.42608833e+00
    5.05740643e+00 4.41753197e+00 -1.19635401e+01 1.64272633e+01
    -8.21463013e+00 -4.55761814e+00 4.46178818e+00 -2.97203939e-02
    1.82265246e+00 4.27317905e+00 -1.57958212e+01 2.43744831e+01
    -2.83921242e+01 1.57456179e+01 3.26862717e+00 -4.94545460e+00
    -7.14891851e-01 -4.02345121e-01 -2.81668854e+00 9.55680943e+00
    -1.38949757e+01 1.82619019e+01 -8.07782650e+00 -7.59523773e+00
    6.69720697e+00 5.55303544e-02 2.56159115e+00 -5.52053833e+00
    7.05778122e+00 -5.50371218e+00 2.54551816e+00 -6.97369194e+00
    1.43531990e+01 -8.85796070e+00 1.27010417e+00 -5.70451546e+00
    1.28956099e+01 -1.99749508e+01 2.06358852e+01 -1.75432911e+01
    1.69072914e+01 -1.68514252e+01 8.81140518e+00 -2.54207683e+00
    8.29702187e+00 -1.73561039e+01 2.69393272e+01 -2.92870789e+01
    2.67266750e+01 -2.21033802e+01 1.59684105e+01 -7.17682934e+00
    1.59348834e+00 -4.89131403e+00 9.97896194e+00 -1.54615803e+01
    1.69665108e+01 -1.57325058e+01 1.25504646e+01 -8.20557022e+00
    3.43044090e+00</data></vocabulary>
</opencv_storage>
