<?xml version="1.0"?>
<opencv_storage>
<vocabulary type_id="opencv-matrix">
  <rows>81</rows>
  <cols>1</cols>
  <dt>f</dt>
  <data>
    -7.18433678e-01 3.27576101e-02 1.37308872e+00 -2.28643250e+00
    3.61433578e+00 -3.39444304e+00 2.02885509e+00 1.68889970e-01
    -3.47114831e-01 6.19243503e-01 -1.57796061e+00 3.75164557e+00
    -1.01861849e+01 1.98366222e+01 -2.32019272e+01 2.21845093e+01
    -2.19891949e+01 9.33297539e+00 1.75805783e+00 3.01011753e+00
    -1.38905439e+01 3.73649063e+01 -7.26777878e+01 8.27565155e+01
    -7.52288895e+01 6.58058472e+01 -2.65610447e+01 -2.93859100e+00
    5.56915665e+00 -1.33142004e+01 1.70566406e+01 -7.78121996e+00
    -2.67040277e+00 1.80653839e+01 -3.51044083e+01 1.78780842e+01
    2.12002945e+00 -2.11938210e+01 6.94143600e+01 -1.37839127e+02
    2.05610489e+02 -2.03541214e+02 1.39321884e+02 -6.39165421e+01
    1.45066957e+01 -9.16302586e+00 2.26644993e+01 -4.81507111e+01
    1.10024918e+02 -1.86143387e+02 1.92997604e+02 -1.33867157e+02
    6.24951172e+01 -1.48782473e+01 2.35628624e+01 -9.80178356e+00
    -4.70465202e+01 5.55947151e+01 -3.05924435e+01 1.71878529e+01
    -2.00821915e+01 3.01727543e+01 -1.38461037e+01 -2.19891205e+01
    -2.92382091e-01 7.48684311e+01 -1.07271225e+02 1.05521843e+02
    -9.13683853e+01 7.15432434e+01 -5.62026215e+01 2.06904831e+01
    6.76377678e+00 1.67585695e+00 -2.77084866e+01 3.92140617e+01
    -3.84010582e+01 3.27627144e+01 -2.49424973e+01 1.90196686e+01
    -6.82697248e+00</data></vocabulary>
</opencv_storage>
