<?xml version="1.0"?>
<opencv_storage>
<vocabulary type_id="opencv-matrix">
  <rows>81</rows>
  <cols>1</cols>
  <dt>f</dt>
  <data>
    3.07494067e-02 -1.25314683e-01 1.22649443e+00 -2.50298905e+00
    3.42619240e-01 2.45749450e+00 -1.54990053e+00 -2.74659783e-01
    3.86234075e-01 3.60991210e-01 -7.51185954e-01 -1.82292712e+00
    5.17794943e+00 -1.81871414e-01 -6.52680111e+00 4.68014765e+00
    -4.01613206e-01 -4.27676320e-01 -1.39908886e+00 2.38041544e+00
    6.65222943e-01 -3.65844154e+00 -1.32132053e+00 5.89886141e+00
    -3.76601672e+00 9.62868571e-01 -1.25405654e-01 1.82496226e+00
    -1.90998971e+00 -1.32170570e+00 1.36702800e+00 2.10835671e+00
    -4.43921000e-01 -1.88322592e+00 3.14275324e-01 3.18512112e-01
    -1.49966502e+00 9.04416621e-01 9.62399542e-01 1.96666968e+00
    -1.96331203e+00 -4.28646374e+00 6.53712273e+00 -1.09089386e+00
    -7.92659223e-01 1.20362127e+00 -8.11039388e-01 1.21305740e+00
    -6.68368721e+00 5.69065285e+00 6.63451672e+00 -8.96250343e+00
    4.32188451e-01 1.85292590e+00 -6.01047814e-01 7.44524524e-02
    -1.38039219e+00 6.77550554e+00 -5.82047272e+00 -4.82097149e+00
    6.89698076e+00 1.97416723e-01 -1.82618177e+00 -2.96941489e-01
    9.55449224e-01 2.66453382e-02 -2.72443151e+00 3.34964252e+00
    -5.08778512e-01 -7.24221826e-01 -1.03976429e+00 8.96787465e-01
    4.86187279e-01 -9.36916471e-01 4.93568748e-01 2.42271543e-01
    -1.15591204e+00 1.75964820e+00 -1.36220777e+00 9.57856834e-01
    -3.30802202e-01</data></vocabulary>
</opencv_storage>
