<?xml version="1.0"?>
<opencv_storage>
<vocabulary type_id="opencv-matrix">
  <rows>81</rows>
  <cols>1</cols>
  <dt>f</dt>
  <data>
    -1.08692862e-01 6.04938626e-01 -1.02773480e-01 -1.03793967e+00
    1.03966928e+00 -2.02796131e-01 4.60214794e-01 -4.53905195e-01
    4.14065897e-01 8.60687733e-01 -3.01726246e+00 1.81113207e+00
    1.87903285e+00 -2.73010159e+00 1.60234869e+00 -2.09974790e+00
    1.92789805e+00 -1.41753495e+00 -4.62194085e-01 3.10371327e+00
    -2.79426074e+00 -5.38484991e-01 1.74885941e+00 -1.18241584e+00
    1.92586184e+00 -2.30821824e+00 1.57260048e+00 -1.16592020e-01
    -1.70657098e+00 1.13773489e+00 1.42229486e+00 -1.80938995e+00
    2.44083121e-01 -6.68036044e-01 1.60932910e+00 -9.66154218e-01
    -5.41392028e-01 2.70764709e+00 -3.66649532e+00 3.06315851e+00
    -1.18890536e+00 2.69314790e+00 -1.38343334e+00 -6.73445702e-01
    6.50803089e-01 5.15835226e-01 -2.28963733e+00 4.03576565e+00
    -5.39934301e+00 5.05299950e+00 -3.97751403e+00 1.91717815e+00
    4.79463041e-01 -8.21264029e-01 5.78930900e-02 7.22979844e-01
    -1.20919847e+00 1.49527574e+00 -9.44457710e-01 2.09080130e-01
    6.08332813e-01 -1.51817584e+00 1.04843998e+00 -1.31950498e-01
    -2.34520901e-02 -7.77866602e-01 2.01869249e+00 -3.34470582e+00
    3.66046429e+00 -2.98936939e+00 2.11016369e+00 -9.37361240e-01
    -8.07067305e-02 1.43209770e-01 3.75709563e-01 -1.22432113e+00
    2.15771580e+00 -2.42603278e+00 1.97595727e+00 -1.35681677e+00
    5.62530875e-01</data></vocabulary>
</opencv_storage>
