<?xml version="1.0"?>
<opencv_storage>
<vocabulary type_id="opencv-matrix">
  <rows>81</rows>
  <cols>1</cols>
  <dt>f</dt>
  <data>
    -1.06267810e+00 2.53098440e+00 -3.29183984e+00 3.49466276e+00
    -3.17061615e+00 2.49505448e+00 -1.60257065e+00 7.10347831e-01
    -1.96527705e-01 2.28747988e+00 -5.00537109e+00 6.37461090e+00
    -6.78614378e+00 5.33995819e+00 -2.94921541e+00 1.17341077e+00
    3.38440210e-01 -5.65796494e-01 -2.32480979e+00 4.52858019e+00
    -5.44660711e+00 5.40056419e+00 -3.13590693e+00 -4.37000781e-01
    2.40078092e+00 -3.64066935e+00 2.32857442e+00 4.78890091e-01
    5.73833697e-02 2.09087372e-01 -8.00562620e-01 -3.99106979e-01
    2.34073544e+00 -3.62822056e+00 5.19210291e+00 -3.26909685e+00
    1.40925252e+00 -4.56923008e+00 4.06893301e+00 -1.58073938e+00
    1.90621054e+00 -2.88640112e-01 1.37966776e+00 -4.52257395e+00
    3.24180222e+00 -2.11146617e+00 5.88748550e+00 -4.74137354e+00
    7.62818217e-01 2.19088554e+00 -4.23234510e+00 2.61341023e+00
    1.99594247e+00 -2.24253798e+00 2.11680984e+00 -5.46890545e+00
    3.70226359e+00 1.09434772e+00 -5.27650070e+00 8.08051682e+00
    -6.06061220e+00 7.07550466e-01 9.88456428e-01 -1.33534288e+00
    3.33318257e+00 -2.03701329e+00 -1.26483262e+00 4.11176014e+00
    -6.23518848e+00 4.79317617e+00 -1.11753666e+00 -3.35843652e-01
    4.19503927e-01 -9.69832957e-01 5.33411205e-01 4.34024066e-01
    -1.25357056e+00 1.95114172e+00 -1.53756022e+00 4.75069761e-01
    1.52956266e-02</data></vocabulary>
</opencv_storage>
