<?xml version="1.0"?>
<opencv_storage>
<vocabulary type_id="opencv-matrix">
  <rows>81</rows>
  <cols>1</cols>
  <dt>f</dt>
  <data>
    -1.10282984e+01 2.32541008e+01 -2.18151798e+01 1.74931011e+01
    -1.69616890e+01 1.97093487e+01 -2.85585365e+01 2.48853893e+01
    -7.62879181e+00 1.54752121e+01 -1.80365486e+01 3.61658621e+00
    -3.99260879e+00 8.60081387e+00 -1.53838005e+01 2.93777504e+01
    -2.85361843e+01 1.32708540e+01 -1.39150143e+01 6.33140945e+00
    1.03173094e+01 -1.51064789e+00 -4.29585218e+00 8.48503494e+00
    -2.97905674e+01 3.56404686e+01 -2.21134834e+01 1.39738579e+01
    -1.74053173e+01 1.19303951e+01 -6.43084335e+00 -5.63726783e-01
    2.10764771e+01 -9.72976398e+00 -9.90164185e+00 1.54740200e+01
    -1.05937223e+01 2.17084579e+01 -1.82143230e+01 -9.18256378e+00
    3.34078560e+01 -7.50349426e+01 7.06007309e+01 -3.33235931e+01
    -3.08941340e+00 6.26975775e+00 -2.86475487e+01 4.59853058e+01
    -2.13809085e+00 -1.78424511e+01 4.86930389e+01 -3.69249344e+01
    1.67139740e+01 1.07306671e+01 2.64246368e+00 1.74093876e+01
    -5.96808434e+01 5.98857546e+00 -2.01574421e+01 3.71741447e+01
    -6.73222656e+01 4.89934235e+01 -3.07289886e+01 -4.23842907e+00
    1.80697513e+00 3.19753208e+01 1.85052013e+01 -8.23241425e+00
    -1.32554445e+01 4.73970642e+01 -3.76015015e+01 2.14699268e+01
    -4.60733080e+00 5.78481722e+00 -1.83179817e+01 -3.23243290e-01
    3.76899958e+00 -6.33055925e+00 4.09204453e-01 2.10864878e+00
    -3.97755504e+00</data></vocabulary>
</opencv_storage>
