<?xml version="1.0"?>
<opencv_storage>
<vocabulary type_id="opencv-matrix">
  <rows>81</rows>
  <cols>1</cols>
  <dt>f</dt>
  <data>
    2.89907789e+00 -3.68043709e+00 -5.65969348e-01 5.16377831e+00
    -8.66832066e+00 7.83517933e+00 -2.27513909e+00 -7.29767501e-01
    5.74311197e-01 -6.82044601e+00 9.31255531e+00 -9.30621088e-01
    -8.84171486e+00 1.66345005e+01 -1.49542580e+01 3.06813693e+00
    2.91843534e+00 -1.86725223e+00 9.09599304e+00 -1.39904509e+01
    6.93342161e+00 8.58925533e+00 -2.79531956e+01 2.83436413e+01
    -1.02370481e+01 -4.96407807e-01 1.53156555e+00 -1.01763124e+01
    1.64956856e+01 -1.11591730e+01 -1.01999178e+01 4.27611389e+01
    -4.59453735e+01 2.18911095e+01 -5.15925169e+00 -1.08057089e-01
    9.59937668e+00 -1.91124191e+01 2.13749218e+01 -2.16184735e+00
    -3.46339264e+01 4.38189011e+01 -2.18877659e+01 4.88457823e+00
    6.61309600e-01 -9.02458096e+00 2.26177635e+01 -3.44320869e+01
    2.08922329e+01 1.58937788e+01 -2.77130890e+01 1.29813681e+01
    -9.77602720e-01 -2.00525761e+00 5.81537533e+00 -1.46258812e+01
    2.22798328e+01 -8.08582878e+00 -2.52361507e+01 3.68137398e+01
    -2.46409607e+01 1.08640127e+01 -1.98361588e+00 -1.41889656e+00
    8.60735595e-01 2.32465267e+00 -2.19748402e+01 5.45971603e+01
    -6.34215355e+01 4.80290337e+01 -2.77338181e+01 8.32237148e+00
    6.59828866e-03 2.49490309e+00 -7.03732777e+00 1.89066658e+01
    -3.62324448e+01 3.99553986e+01 -3.00741673e+01 1.74670582e+01
    -5.34366179e+00</data></vocabulary>
</opencv_storage>
