<?xml version="1.0"?>
<opencv_storage>
<vocabulary type_id="opencv-matrix">
  <rows>81</rows>
  <cols>1</cols>
  <dt>f</dt>
  <data>
    2.28877161e-02 -2.40320042e-02 2.86739886e-01 -4.15005654e-01
    3.55755597e-01 -2.59190649e-01 2.83187836e-01 -2.98182040e-01
    1.49113730e-01 -1.48220584e-01 2.44537920e-01 -5.24678051e-01
    4.70030636e-01 -4.12368536e-01 5.64618945e-01 -7.15067625e-01
    6.81255937e-01 -3.34138662e-01 3.43481839e-01 -5.64177036e-01
    2.44806707e-01 2.34631240e-01 -3.92931283e-01 -7.18730330e-01
    1.33931494e+00 -1.34350753e+00 6.58253133e-01 -4.52389985e-01
    8.12866390e-01 -2.45927170e-01 -1.70888707e-01 3.02332640e-01
    1.35547757e+00 -2.18748951e+00 2.03400350e+00 -9.55172479e-01
    5.88119090e-01 -1.21451533e+00 5.38564324e-01 9.22191069e-02
    1.49288595e+00 -2.14072394e+00 2.48676443e+00 -2.08756995e+00
    9.78128314e-01 -7.10384965e-01 1.64521968e+00 -1.49946213e+00
    8.99311185e-01 -1.13989294e+00 2.22670484e+00 -2.02140737e+00
    1.45778811e+00 -7.17183292e-01 4.89358693e-01 -1.08663046e+00
    1.03122735e+00 -6.47437751e-01 3.68120074e-01 -4.91862714e-01
    5.66330314e-01 -6.84584618e-01 4.08489227e-01 -7.67470375e-02
    6.00267313e-02 2.21042275e-01 -5.05643964e-01 6.91228628e-01
    -9.91220474e-01 6.55900538e-01 -9.80263054e-02 -3.28836404e-02
    -3.53613608e-02 1.33500129e-01 -3.11707675e-01 4.44287837e-01
    -5.38423121e-01 7.12952971e-01 -4.99038190e-01 1.84409305e-01
    -6.26681000e-02</data></vocabulary>
</opencv_storage>
