<?xml version="1.0"?>
<opencv_storage>
<vocabulary type_id="opencv-matrix">
  <rows>81</rows>
  <cols>1</cols>
  <dt>f</dt>
  <data>
    3.38170576e+00 1.44232864e+01 -1.79848747e+01 3.43450856e+00
    1.78618927e+01 -3.00124321e+01 2.72069473e+01 -8.37895393e+00
    -8.12543452e-01 -2.06125298e+01 -8.52212906e+00 2.25630455e+01
    -1.25896225e+01 -1.52291327e+01 1.99511585e+01 -2.21653328e+01
    7.08339596e+00 3.88071156e+00 1.84460812e+01 -3.87852240e+00
    -1.07306595e+01 5.98808146e+00 4.87613678e+00 1.13235569e+01
    -3.26795864e+00 5.93136263e+00 -7.99763489e+00 7.04128122e+00
    6.39714301e-01 1.02706985e+01 -3.71109152e+00 -2.85243511e+00
    -2.46095800e+00 -1.09392262e+01 2.00711060e+00 1.28610575e+00
    -1.28811483e+01 -2.74022222e+00 -3.49316621e+00 8.99251997e-01
    -7.59770870e+00 1.23915815e+01 8.24269867e+00 -6.46039534e+00
    3.20015192e+00 6.21800280e+00 -5.88680208e-01 -6.11384487e+00
    1.13576708e+01 1.01850481e+01 -2.42052402e+01 3.56996083e+00
    5.22469282e+00 7.56769776e-02 2.13774160e-01 1.13854575e+00
    1.28530664e+01 -2.04605656e+01 3.81462979e+00 1.41651087e+01
    -1.82943976e+00 -5.91879845e+00 4.68300670e-01 -8.54027843e+00
    -3.49093509e+00 1.27544451e+00 1.59571924e+01 -1.10124636e+01
    -1.48268433e+01 8.41404915e+00 5.58853436e+00 -6.69883633e+00
    6.89703035e+00 1.75943816e+00 -7.09395885e+00 -5.40818453e-01
    -3.47734761e+00 2.16771679e+01 -1.72779274e+01 3.17825890e+00
    2.07093740e+00</data></vocabulary>
</opencv_storage>
