<?xml version="1.0"?>
<opencv_storage>
<vocabulary type_id="opencv-matrix">
  <rows>81</rows>
  <cols>1</cols>
  <dt>f</dt>
  <data>
    -2.07950020e+00 7.26561975e+00 -9.52556705e+00 7.96342039e+00
    -4.01869678e+00 2.20750737e+00 -8.15142035e-01 -9.38082337e-02
    3.86873484e-01 -5.36560833e-01 -2.73020434e+00 6.56723356e+00
    -6.86259747e+00 -5.53234696e-01 3.25512886e+00 -1.56063330e+00
    -1.44838080e-01 -1.32155824e+00 3.15377545e+00 -6.63284445e+00
    8.41505826e-01 3.76705408e+00 -2.48051906e+00 6.52256584e+00
    -1.18111229e+01 5.24466133e+00 3.70251298e+00 4.65202510e-01
    2.58965182e+00 -4.46971625e-01 1.85120881e+00 -1.25931895e+00
    3.34716296e+00 1.84237552e+00 -4.49789858e+00 -2.60918784e+00
    2.42437673e+00 -2.90128803e+00 -4.25509959e-01 -2.04343462e+00
    -1.01258647e+00 -6.13862514e+00 4.90597630e+00 5.65527916e+00
    -7.05312073e-01 -7.12228346e+00 4.90876770e+00 -1.13589346e+00
    4.33107519e+00 7.45414782e+00 -1.73108530e+00 -5.76875687e+00
    -2.20657206e+00 3.01715910e-01 1.98470879e+00 3.76041317e+00
    -4.15764856e+00 -7.57244885e-01 -7.54441357e+00 5.10845375e+00
    4.31737614e+00 -1.62730849e+00 3.47930431e+00 1.63672972e+00
    -1.58660531e+00 -2.66712666e+00 3.01369262e+00 -2.37230110e+00
    6.10601425e+00 -7.64104843e+00 1.79378462e+00 -1.94248617e+00
    -4.76193398e-01 -2.08431053e+00 3.59928584e+00 -1.83129340e-01
    -1.77211380e+00 2.05187654e+00 -1.82117927e+00 3.38070798e+00
    -2.35199904e+00</data></vocabulary>
</opencv_storage>
