<?xml version="1.0"?>
<opencv_storage>
<vocabulary type_id="opencv-matrix">
  <rows>81</rows>
  <cols>1</cols>
  <dt>f</dt>
  <data>
    1.84917712e+00 6.18558121e+00 -2.01515484e+01 1.40420942e+01
    1.10561867e+01 -2.13260365e+01 2.68473873e+01 -2.99380131e+01
    1.64333534e+01 -3.05576587e+00 -2.32144279e+01 5.63262749e+01
    -1.48693314e+01 -1.88360443e+01 -1.73334236e+01 3.06743026e+00
    3.27503624e+01 -2.77355785e+01 2.41071072e+01 -1.33399925e+01
    -1.65022221e+01 -2.90787697e+01 2.96443081e+01 4.33710976e+01
    -3.87948570e+01 2.02434998e+01 -5.52378511e+00 -4.96442604e+01
    4.98149223e+01 -2.09158173e+01 3.00029430e+01 -5.63399029e+00
    -4.10642433e+00 -1.65043507e+01 -6.54283142e+00 1.08350830e+01
    5.04133129e+00 1.97934294e+00 -3.93740749e+00 -1.14515018e+01
    1.99343319e+01 -4.34586487e+01 3.20188255e+01 4.31485367e+00
    3.08443756e+01 -1.78140373e+01 1.72516003e+01 -1.18264999e+01
    2.31450500e+01 -2.78124390e+01 2.09793530e+01 2.58211498e+01
    -1.81306953e+01 -5.44759293e+01 5.78613739e+01 -5.84323196e+01
    -1.18752384e+00 1.67197170e+01 -3.92315178e+01 -5.34196186e+00
    -1.88889599e+01 1.87186317e+01 3.97532439e+00 -1.28121099e+01
    2.00095940e+01 1.80016174e+01 6.12345314e+00 -1.08277941e+01
    3.03928107e-01 5.38266983e+01 -3.79747925e+01 3.65431175e+01
    -7.01618147e+00 4.14454985e+00 -9.92696381e+00 -1.59794073e+01
    1.58531275e+01 2.13715687e+01 -3.54806023e+01 9.13059998e+00
    -1.44633989e+01</data></vocabulary>
</opencv_storage>
