<?xml version="1.0"?>
<opencv_storage>
<vocabulary type_id="opencv-matrix">
  <rows>81</rows>
  <cols>1</cols>
  <dt>f</dt>
  <data>
    6.15226865e-01 -2.54779577e-01 -2.71364272e-01 3.73593450e-01
    9.08568680e-01 -8.35297287e-01 -1.10879779e+00 1.63464451e+00
    -6.15432084e-01 -8.71332109e-01 -1.89578152e+00 4.99682236e+00
    -4.84635401e+00 2.60777998e+00 -1.35172212e+00 1.38085568e+00
    -1.30690718e+00 6.03269398e-01 5.89269102e-01 5.96032333e+00
    -1.32656622e+01 1.09229259e+01 -7.01178837e+00 5.43684578e+00
    -5.03226471e+00 3.50167990e+00 -1.16218174e+00 -1.46108818e+00
    -5.50160599e+00 1.58042974e+01 -1.18604584e+01 6.51997328e+00
    -6.54827309e+00 6.42307186e+00 -3.95220733e+00 1.15679789e+00
    2.96259260e+00 2.83195734e+00 -1.54627056e+01 1.16250210e+01
    -3.74077177e+00 6.31378174e+00 -6.81146002e+00 3.97508597e+00
    -1.17231452e+00 -2.90270042e+00 -1.22608364e-01 8.71354103e+00
    -6.11621094e+00 1.82067645e+00 -3.57522225e+00 3.14740300e+00
    -8.94082189e-01 3.61181378e-01 1.79885030e+00 -1.58609819e+00
    -6.87729955e-01 -1.22966015e+00 2.02123260e+00 -4.17742193e-01
    2.85774732e+00 -3.90646458e+00 8.66993308e-01 -1.20370543e+00
    1.04977465e+00 6.54601812e-01 -4.62888956e-01 6.09724998e-01
    -5.74297726e-01 -3.02658749e+00 3.74729753e+00 -8.41688573e-01
    4.64222014e-01 -3.09125900e-01 -6.04431629e-01 1.04383695e+00
    -1.14339721e+00 7.15314031e-01 8.14745724e-01 -1.19540596e+00
    3.10467005e-01</data></vocabulary>
</opencv_storage>
