<?xml version="1.0"?>
<opencv_storage>
<vocabulary type_id="opencv-matrix">
  <rows>81</rows>
  <cols>1</cols>
  <dt>f</dt>
  <data>
    -1.78168468e+01 5.54656124e+00 3.82828369e+01 -5.87963295e+01
    7.16117783e+01 -7.00848846e+01 4.92757454e+01 -3.74349785e+01
    1.52085266e+01 6.57979126e+01 -5.64158287e+01 -4.21115494e+01
    9.44871292e+01 -1.33279800e+02 1.33264542e+02 -1.08536598e+02
    9.48430099e+01 -3.87923889e+01 -1.14758171e+02 1.06174095e+02
    6.24791679e+01 -1.15962509e+02 1.15679420e+02 -9.83546524e+01
    7.99858170e+01 -8.85844498e+01 4.47900429e+01 1.50252930e+02
    -1.54017029e+02 -6.15614662e+01 1.16384270e+02 -7.77441940e+01
    4.95405922e+01 -3.63613472e+01 6.54095993e+01 -4.45510635e+01
    -1.85032806e+02 2.28436356e+02 -2.21960316e+01 -1.52308226e+01
    -5.67571640e+01 7.48516998e+01 -4.85014420e+01 -1.96769638e+01
    3.49900055e+01 1.86629074e+02 -2.37920181e+02 4.22935638e+01
    -1.63553810e+01 1.05259819e+02 -1.07548294e+02 4.17053413e+01
    2.98574581e+01 -3.49003410e+01 -1.56292679e+02 2.00911118e+02
    -3.82221184e+01 2.30649586e+01 -1.03056374e+02 8.07490997e+01
    2.38857327e+01 -7.80227203e+01 4.44884758e+01 9.38335419e+01
    -1.26483734e+02 3.59874496e+01 -4.12171211e+01 1.07192398e+02
    -9.11980438e+01 7.99158478e+00 3.71260452e+01 -2.43835011e+01
    -2.43358536e+01 3.32898674e+01 -9.56312180e+00 1.62264252e+01
    -4.06775818e+01 4.08778267e+01 -2.23113384e+01 6.06705618e+00
    1.35606420e+00</data></vocabulary>
</opencv_storage>
