<?xml version="1.0"?>
<opencv_storage>
<vocabulary type_id="opencv-matrix">
  <rows>81</rows>
  <cols>1</cols>
  <dt>f</dt>
  <data>
    -3.63181973e+00 8.00998306e+00 -8.86006069e+00 3.75972486e+00
    9.75140667e+00 -1.57792683e+01 1.12136421e+01 -7.03378487e+00
    2.24153161e+00 8.94829559e+00 -2.01435013e+01 2.32164745e+01
    -1.49762726e+01 -8.86326218e+00 1.72663136e+01 -4.03156376e+00
    -7.12811053e-01 1.76787540e-01 -9.78463840e+00 1.86851826e+01
    -1.73997822e+01 1.11458035e+01 5.55256033e+00 -8.04542255e+00
    -1.02781677e+01 1.21716394e+01 -3.17633295e+00 7.89579582e+00
    -1.01142168e+01 1.44414151e+00 4.13673067e+00 -1.43739738e+01
    1.25621643e+01 8.26314163e+00 -1.07284584e+01 1.88256347e+00
    -5.99396372e+00 6.72152185e+00 1.08076191e+00 -4.77424574e+00
    1.24018755e+01 -7.23901510e+00 -1.15867767e+01 1.14620981e+01
    -1.74755490e+00 5.17516947e+00 -7.07176161e+00 2.66034913e+00
    -1.64208376e+00 -2.35808039e+00 -2.23247433e+00 1.75297699e+01
    -1.37705641e+01 2.31764650e+00 -3.36911345e+00 3.45849752e+00
    1.03194153e+00 -5.93192875e-01 1.24323487e+00 3.40276742e+00
    -1.48433895e+01 1.10886793e+01 -1.84276915e+00 1.12497437e+00
    1.21154785e+00 -6.72721052e+00 6.21360683e+00 -4.03004122e+00
    -7.12793097e-02 6.60983038e+00 -4.89537716e+00 6.70684457e-01
    -1.71259686e-01 -1.14072764e+00 3.41055083e+00 -2.71921706e+00
    1.20407414e+00 7.11684346e-01 -2.93088031e+00 1.97259915e+00
    -3.44619632e-01</data></vocabulary>
</opencv_storage>
