<?xml version="1.0"?>
<opencv_storage>
<vocabulary type_id="opencv-matrix">
  <rows>81</rows>
  <cols>1</cols>
  <dt>f</dt>
  <data>
    2.18550229e+00 -6.54242086e+00 3.02039480e+00 6.51031017e+00
    -6.99521065e+00 1.67951196e-01 4.68471766e+00 -6.70667791e+00
    4.04080772e+00 -5.68336821e+00 1.73281460e+01 -6.45167971e+00
    -2.18783989e+01 2.28311291e+01 -2.18681145e+00 -1.13787565e+01
    1.69819546e+01 -1.02212696e+01 1.09025326e+01 -3.27152634e+01
    1.91643925e+01 2.22486439e+01 -2.52535305e+01 -1.57784605e+00
    1.81786461e+01 -2.42150860e+01 1.45407906e+01 -1.83141098e+01
    5.36849060e+01 -4.22250710e+01 -6.31139517e+00 1.31789341e+01
    1.17087851e+01 -2.65290756e+01 3.09568577e+01 -1.87704029e+01
    1.79184437e+01 -5.23853493e+01 4.13267441e+01 4.87184525e+00
    -1.03949528e+01 -1.30555229e+01 2.64100189e+01 -2.99579067e+01
    1.90660801e+01 -9.97330761e+00 2.91254940e+01 -1.69726391e+01
    -1.90730534e+01 2.23636475e+01 5.30972195e+00 -1.91604939e+01
    2.21033764e+01 -1.56056795e+01 4.32786989e+00 -1.24102230e+01
    2.80217767e+00 1.97781410e+01 -1.98410740e+01 -2.41361928e+00
    1.27973986e+01 -1.47213850e+01 1.09130383e+01 -2.34805536e+00
    6.58455086e+00 -6.55819702e+00 2.63467407e+00 -4.43924904e+00
    1.12462912e+01 -1.12585278e+01 8.51403141e+00 -5.29848242e+00
    1.18464661e+00 -3.19255304e+00 5.99486399e+00 -8.61089134e+00
    9.89854527e+00 -9.51403809e+00 6.67966795e+00 -3.62183452e+00
    1.59910727e+00</data></vocabulary>
</opencv_storage>
