<?xml version="1.0"?>
<opencv_storage>
<vocabulary type_id="opencv-matrix">
  <rows>81</rows>
  <cols>1</cols>
  <dt>f</dt>
  <data>
    -3.27227302e-02 5.40869869e-02 -8.76109004e-02 -1.17218770e-01
    3.81907016e-01 -6.57127976e-01 5.95270097e-01 -4.52952027e-01
    2.36019209e-01 8.45942423e-02 -3.62585098e-01 9.40962315e-01
    -8.72208297e-01 8.17713737e-02 7.79240549e-01 -6.48972988e-01
    5.58893919e-01 -3.26921523e-01 -1.05268210e-01 7.28619874e-01
    -1.96313083e+00 2.21795464e+00 -1.16805625e+00 -2.84413308e-01
    2.34056860e-01 -4.97697353e-01 3.02114934e-01 -1.43712107e-02
    -4.46309745e-01 1.59383404e+00 -1.73386717e+00 7.82574415e-01
    1.67357162e-01 -3.48717384e-02 6.86889529e-01 -4.08727407e-01
    2.47382045e-01 -2.16339886e-01 -9.10486996e-01 1.20572579e+00
    7.22221851e-01 1.88303515e-01 -3.57659996e-01 -6.81328177e-01
    4.76144165e-01 -4.99662578e-01 9.68734741e-01 -3.38205308e-01
    2.57934947e-02 -1.15741916e-01 -5.34929782e-02 -1.08066257e-02
    1.06094885e+00 -7.32684791e-01 7.41034687e-01 -1.71249044e+00
    1.51508319e+00 -1.16830945e+00 5.90393066e-01 1.87108815e-02
    2.17929125e-01 -1.26402533e+00 8.38814318e-01 -5.92623651e-01
    1.43906844e+00 -1.44102359e+00 1.16028106e+00 -7.20024168e-01
    5.19957691e-02 -1.56629980e-01 7.71045089e-01 -4.77289170e-01
    2.12829575e-01 -5.20472884e-01 5.40739596e-01 -4.66371268e-01
    3.95713001e-01 -2.14815542e-01 1.92297354e-01 -2.69659698e-01
    1.27539828e-01</data></vocabulary>
</opencv_storage>
