<?xml version="1.0"?>
<opencv_storage>
<vocabulary type_id="opencv-matrix">
  <rows>81</rows>
  <cols>1</cols>
  <dt>f</dt>
  <data>
    -5.75758815e-01 2.81798899e-01 2.21057129e+00 -4.32920313e+00
    4.59348917e+00 -2.49369240e+00 -1.02258468e+00 2.82644272e+00
    -1.12851465e+00 1.10724998e+00 -4.75548357e-01 -4.74664831e+00
    1.03620481e+01 -1.28142252e+01 7.14117861e+00 4.01220703e+00
    -9.10728455e+00 3.47318530e+00 -2.15450859e+00 2.16680503e+00
    4.76455593e+00 -1.28576651e+01 1.48318472e+01 -3.60149550e+00
    -1.56684141e+01 1.98873138e+01 -6.70776749e+00 3.29009414e+00
    -4.85802507e+00 -1.79745686e+00 1.04790316e+01 -9.36381245e+00
    -8.73550510e+00 3.46633339e+01 -3.34054642e+01 9.77069759e+00
    -3.30975509e+00 6.86031437e+00 -2.81668901e+00 -1.58244550e+00
    -5.90915585e+00 2.59415779e+01 -4.62834053e+01 3.81060104e+01
    -9.32227612e+00 2.80532146e+00 -8.41716290e+00 8.25307941e+00
    -9.54742813e+00 2.42054043e+01 -3.99093208e+01 5.08913841e+01
    -3.69016037e+01 7.33350849e+00 -2.89085197e+00 8.68492603e+00
    -1.05241289e+01 1.46539459e+01 -2.90940342e+01 4.01046028e+01
    -4.43401909e+01 3.04007797e+01 -6.05452013e+00 2.58929396e+00
    -7.51475859e+00 1.05340452e+01 -1.60116138e+01 2.77183609e+01
    -3.35911140e+01 3.24217758e+01 -2.15751057e+01 4.93030930e+00
    -1.22804761e+00 3.04903126e+00 -3.90743327e+00 6.70234585e+00
    -1.24278507e+01 1.54246445e+01 -1.52766066e+01 1.04523087e+01
    -2.65030694e+00</data></vocabulary>
</opencv_storage>
