<?xml version="1.0"?>
<opencv_storage>
<vocabulary type_id="opencv-matrix">
  <rows>81</rows>
  <cols>1</cols>
  <dt>f</dt>
  <data>
    -2.08697036e-01 4.72336560e-01 -5.83462298e-01 5.60959280e-01
    -2.81848103e-01 1.18062072e-01 -2.56991297e-01 3.81188363e-01
    -2.06764922e-01 5.57905674e-01 -1.18587708e+00 1.20972419e+00
    -5.94307065e-01 -1.45808041e-01 3.64497960e-01 2.33832091e-01
    -9.54304993e-01 4.77950722e-01 -6.91228986e-01 1.39404082e+00
    -1.10455751e+00 -2.65221119e-01 1.22547543e+00 -1.24161267e+00
    -1.96067765e-02 1.36561048e+00 -6.58795357e-01 3.86966586e-01
    -8.11987698e-01 3.54085267e-01 1.21033752e+00 -2.01049638e+00
    1.17851460e+00 4.01594400e-01 -1.72779429e+00 8.65198135e-01
    -1.16866603e-01 2.33825848e-01 7.17590526e-02 -1.34987128e+00
    3.08392191e+00 -4.30138886e-01 -1.12854695e+00 1.92621076e+00
    -1.00039887e+00 -4.53358628e-02 3.20096642e-01 -5.14802992e-01
    1.30851424e+00 -1.29998648e+00 -2.03758240e-01 1.24863648e+00
    -1.44251049e+00 6.54964924e-01 2.19000146e-01 -8.07299972e-01
    9.06146884e-01 -1.20970476e+00 6.63121045e-01 4.63872820e-01
    -8.40144336e-01 7.10708380e-01 -2.21342191e-01 -2.64621466e-01
    7.85108924e-01 -8.57589483e-01 9.55191255e-01 -6.86441123e-01
    2.02072747e-02 1.71668679e-01 -2.20941558e-01 8.20303261e-02
    2.18065247e-01 -4.95665222e-01 4.57505047e-01 -4.00943398e-01
    3.91985267e-01 -2.91744471e-01 1.73403963e-01 -2.45990641e-02
    -2.15100814e-02</data></vocabulary>
</opencv_storage>
