<?xml version="1.0"?>
<opencv_storage>
<vocabulary type_id="opencv-matrix">
  <rows>81</rows>
  <cols>1</cols>
  <dt>f</dt>
  <data>
    -4.73964334e-01 1.43462300e+00 -1.71170282e+00 1.22880256e+00
    -1.21246505e+00 1.60769260e+00 -8.43687534e-01 -2.03479305e-01
    8.46285820e-02 1.55032361e+00 -4.58450842e+00 5.46918058e+00
    -4.07707071e+00 3.58946657e+00 -3.93594337e+00 2.96383524e+00
    -1.31604481e+00 6.45813346e-01 -2.61882782e+00 8.34630394e+00
    -9.30954647e+00 5.37092876e+00 -4.56288147e+00 6.02886295e+00
    -5.38755178e+00 3.05847311e+00 -1.32319760e+00 2.07514739e+00
    -7.93745041e+00 7.37399817e+00 3.10586125e-01 -1.13865507e+00
    -4.15159798e+00 5.47671318e+00 -3.61506343e+00 1.76804554e+00
    -1.03334296e+00 5.32211399e+00 -3.55480957e+00 -6.32132483e+00
    8.43010616e+00 1.66053247e+00 -5.57366180e+00 4.20052910e+00
    -2.33763385e+00 2.63410658e-01 -3.43189621e+00 -2.46993378e-02
    1.13805990e+01 -1.35204306e+01 5.37284184e+00 1.74772322e-01
    -1.05145597e+00 1.20162416e+00 -7.55368322e-02 3.11351991e+00
    1.51361823e+00 -1.35343294e+01 1.76377831e+01 -1.35410118e+01
    7.56490564e+00 -2.99072766e+00 3.88445169e-01 4.48339701e-01
    -3.14480567e+00 -1.42349303e-01 8.63636494e+00 -1.26697206e+01
    1.15543308e+01 -7.39904594e+00 2.87695575e+00 -5.50523400e-01
    -7.02333987e-01 2.28407788e+00 -1.77108061e+00 -5.91952741e-01
    2.26359129e+00 -2.38847637e+00 1.46412551e+00 -3.70570749e-01
    -1.63023416e-02</data></vocabulary>
</opencv_storage>
