<?xml version="1.0"?>
<opencv_storage>
<vocabulary type_id="opencv-matrix">
  <rows>81</rows>
  <cols>1</cols>
  <dt>f</dt>
  <data>
    7.47592822e-02 -3.07853371e-01 4.03448761e-01 -4.36293930e-01
    6.39308155e-01 -5.74705005e-01 5.07058740e-01 -3.61274272e-01
    9.70165804e-02 -1.27244160e-01 8.53794932e-01 -1.36732101e+00
    1.31353259e+00 -1.36864185e+00 1.70428598e+00 -1.94630659e+00
    1.24007916e+00 -2.17260569e-01 2.41514370e-01 -1.54447114e+00
    2.64807510e+00 -2.44397473e+00 1.80283892e+00 -2.65490961e+00
    3.28067994e+00 -2.14027548e+00 3.95224661e-01 -1.57424584e-01
    1.23206365e+00 -2.16328907e+00 1.68243384e+00 -3.50921959e-01
    1.26845205e+00 -2.49572945e+00 1.75447667e+00 -2.31711164e-01
    -1.83150887e-01 2.42241081e-02 -1.70136735e-01 1.16229904e+00
    -1.74510908e+00 1.79454482e+00 5.53757906e-01 -7.75428772e-01
    -1.45042658e-01 2.85147935e-01 -3.65956932e-01 6.78055286e-01
    -2.07631612e+00 4.11231041e+00 -2.82310486e+00 1.14650920e-01
    3.68344903e-01 1.85990185e-01 -2.01497465e-01 1.72369406e-01
    -2.23245904e-01 1.22559702e+00 -2.78644395e+00 1.78446758e+00
    2.29871348e-01 -4.30870682e-01 -6.37921467e-02 1.03055440e-01
    3.24736200e-02 -2.45818123e-01 8.73720553e-03 5.22384882e-01
    -5.78704812e-02 -9.10221577e-01 6.55259490e-01 -3.50522771e-02
    -3.78714539e-02 -5.09809665e-02 2.20456570e-01 -3.05569708e-01
    2.85286218e-01 -3.61931384e-01 5.08264065e-01 -3.18685234e-01
    3.69722284e-02</data></vocabulary>
</opencv_storage>
