<?xml version="1.0"?>
<opencv_storage>
<vocabulary type_id="opencv-matrix">
  <rows>81</rows>
  <cols>1</cols>
  <dt>f</dt>
  <data>
    -1.03685143e+02 2.12638321e+02 -1.92369629e+02 1.49222574e+01
    1.78786606e+02 -2.63962006e+02 3.48113739e+02 -3.24495575e+02
    1.30720947e+02 2.52629791e+02 -4.95399261e+02 4.15567566e+02
    -5.75408936e+01 -2.87550659e+02 4.56246704e+02 -6.89178528e+02
    7.00379639e+02 -2.96213165e+02 -3.55212128e+02 6.02484253e+02
    -3.42131378e+02 -1.91886429e+02 6.32242737e+02 -7.60204651e+02
    9.36575317e+02 -9.13127747e+02 3.91546143e+02 4.25214417e+02
    -6.35595398e+02 1.88866577e+02 4.71710083e+02 -9.51410278e+02
    9.73496826e+02 -9.88993774e+02 9.30512939e+02 -4.13090546e+02
    -4.44102875e+02 7.87835144e+02 -5.50292908e+02 4.32447166e+01
    3.70104584e+02 -3.61410492e+02 3.36252106e+02 -4.39635132e+02
    2.52347961e+02 4.32415375e+02 -9.90282593e+02 1.15470886e+03
    -9.44370422e+02 6.68349670e+02 -6.65979187e+02 6.53251221e+02
    -2.87223480e+02 -6.43268442e+00 -3.17732483e+02 8.06876099e+02
    -1.05980762e+03 1.01341327e+03 -8.85143494e+02 9.54331360e+02
    -1.01398187e+03 6.16261536e+02 -1.27566505e+02 1.60091797e+02
    -4.29525879e+02 5.89681641e+02 -6.16867065e+02 6.13271790e+02
    -7.61349060e+02 9.21589539e+02 -6.38750244e+02 1.69978683e+02
    -5.45984154e+01 1.55341309e+02 -2.23628006e+02 2.47676392e+02
    -2.60400116e+02 3.45059021e+02 -4.43202179e+02 3.22058624e+02
    -9.14603882e+01</data></vocabulary>
</opencv_storage>
