<?xml version="1.0"?>
<opencv_storage>
<vocabulary type_id="opencv-matrix">
  <rows>81</rows>
  <cols>1</cols>
  <dt>f</dt>
  <data>
    5.26610374e-01 -1.31794065e-01 -6.62686288e-01 1.08539414e+00
    -1.28755808e+00 1.19178325e-01 -2.33156636e-01 -2.01072797e-01
    3.03534806e-01 -5.14504492e-01 6.83264583e-02 1.09908700e+00
    1.39495820e-01 3.23925838e-02 2.47155845e-01 7.75686264e-01
    1.25406399e-01 -6.15278929e-02 -8.93096253e-02 5.30870914e-01
    -1.85543215e+00 -1.06432343e+00 9.29799616e-01 -6.44151926e-01
    -4.45946604e-01 3.62434775e-01 -4.88461405e-01 1.71426237e-01
    -4.32985604e-01 2.08965874e+00 -7.37379611e-01 8.70554686e-01
    9.30663586e-01 -6.20819271e-01 -7.12305307e-01 3.96522254e-01
    4.28253174e-01 -3.84887278e-01 -9.02506173e-01 3.62326980e-01
    8.06119323e-01 -9.83267367e-01 8.53851903e-03 4.60800439e-01
    -1.80843890e-01 -1.98164833e+00 1.26703084e+00 -1.71024382e-01
    6.59126818e-01 5.15960276e-01 1.06179774e-01 2.56869912e-01
    8.66706252e-01 -1.02677666e-01 1.96811628e+00 -9.97837424e-01
    3.85386258e-01 -1.22822201e+00 1.91494107e-01 -4.21957020e-03
    -4.55194950e-01 -5.52071095e-01 -5.27812317e-02 -2.10189566e-01
    -2.89326429e-01 7.89711401e-02 8.68642449e-01 -1.35402763e+00
    8.13682258e-01 4.86625522e-01 -6.92371666e-01 3.72425258e-01
    -3.39285046e-01 5.71352601e-01 -4.96341854e-01 6.37011155e-02
    5.82880378e-01 -5.18340707e-01 4.01747411e-06 3.17316055e-01
    -1.63304240e-01</data></vocabulary>
</opencv_storage>
