<?xml version="1.0"?>
<opencv_storage>
<vocabulary type_id="opencv-matrix">
  <rows>81</rows>
  <cols>1</cols>
  <dt>f</dt>
  <data>
    2.78819233e-01 -4.75810230e-01 2.45030224e-01 1.50439292e-01
    -4.47596401e-01 6.24614000e-01 -8.00477684e-01 8.47345293e-01
    -4.04005021e-01 -6.57688975e-01 1.24423862e+00 -8.27075899e-01
    -6.32626936e-02 6.76568806e-01 -9.95669544e-01 1.53560543e+00
    -1.79190028e+00 8.73924851e-01 6.50493085e-01 -1.32963467e+00
    7.34313488e-01 9.31120142e-02 -7.53622353e-01 4.74086195e-01
    -6.73471987e-01 1.21120119e+00 -6.52828038e-01 -4.26715016e-01
    9.15304124e-01 -2.48963490e-01 -3.14636737e-01 6.40156984e-01
    5.23062229e-01 -7.36345828e-01 -1.42592832e-01 2.06991017e-01
    1.63585782e-01 -3.89191836e-01 -2.71390915e-01 6.70369327e-01
    1.17762434e+00 -2.15210581e+00 2.36650276e+00 -1.26699579e+00
    3.72737974e-01 1.22978300e-01 -1.44284025e-01 1.95421562e-01
    -1.08661421e-01 -1.06964219e+00 3.58213735e+00 -3.76392365e+00
    2.36798120e+00 -8.01772714e-01 -3.20246607e-01 5.94171405e-01
    -5.87520123e-01 4.89751667e-01 3.74212354e-01 -2.36611891e+00
    2.77533674e+00 -1.78548813e+00 5.66386759e-01 2.99547166e-01
    -5.53023636e-01 5.93605340e-01 -6.55614913e-01 2.70852774e-01
    6.60442054e-01 -1.13717926e+00 7.61961460e-01 -2.26921171e-01
    -1.46132842e-01 2.59268284e-01 -2.98114866e-01 3.81754726e-01
    -3.15399647e-01 7.91554339e-03 2.32740417e-01 -1.35614991e-01
    2.53267586e-02</data></vocabulary>
</opencv_storage>
