<?xml version="1.0"?>
<opencv_storage>
<vocabulary type_id="opencv-matrix">
  <rows>81</rows>
  <cols>1</cols>
  <dt>f</dt>
  <data>
    -7.98353493e-01 2.45600438e+00 -3.93248081e+00 4.68492937e+00
    -3.73259282e+00 1.01674521e+00 2.12414098e+00 -2.67897868e+00
    8.19635510e-01 2.14003134e+00 -6.07978678e+00 9.44946957e+00
    -1.11945724e+01 9.11075115e+00 -4.04895830e+00 -2.24481130e+00
    3.98719835e+00 -1.20343900e+00 -1.54415441e+00 3.58664513e+00
    -5.57977629e+00 6.98215103e+00 -4.91945791e+00 2.27510238e+00
    8.18806589e-01 -2.07537055e+00 3.78241628e-01 2.72403270e-01
    1.09529674e+00 -2.20847034e+00 2.06342697e+00 -3.58914089e+00
    2.70126390e+00 -8.90827060e-01 6.19408607e-01 3.30815792e-01
    9.34523717e-02 -2.26631212e+00 4.39633512e+00 -4.48748589e+00
    6.95673895e+00 -3.91624880e+00 4.13249373e-01 8.66379961e-02
    -5.10111451e-01 -8.67235810e-02 1.75554705e+00 -3.88583136e+00
    3.14643979e+00 -4.00180387e+00 2.98390675e+00 -2.67370552e-01
    2.37683862e-01 8.65857080e-02 -4.25530672e-01 8.31359148e-01
    -9.03962493e-01 2.52492046e+00 -1.76180315e+00 1.26853561e+00
    -2.09480119e+00 1.17634690e+00 -4.18123603e-01 8.12396586e-01
    -2.38873553e+00 3.14300418e+00 -4.46820498e+00 3.79811573e+00
    -2.39679360e+00 2.11048079e+00 -1.53766763e+00 7.13330090e-01
    -4.74223256e-01 1.08410549e+00 -1.08253443e+00 1.44785392e+00
    -1.00050998e+00 1.86252803e-01 2.53561765e-01 -3.30787361e-01
    1.44145116e-02</data></vocabulary>
</opencv_storage>
