<?xml version="1.0"?>
<opencv_storage>
<vocabulary type_id="opencv-matrix">
  <rows>81</rows>
  <cols>1</cols>
  <dt>f</dt>
  <data>
    1.75231397e+00 -6.48385572e+00 8.97034740e+00 -5.47454262e+00
    9.55362856e-01 5.69319010e+00 -2.45826930e-01 -3.29546380e+00
    3.07516146e+00 -6.09142685e+00 1.78633270e+01 -2.35344524e+01
    7.81447983e+00 -4.39381170e+00 -6.89775944e+00 -3.15979290e+00
    -4.05244446e+00 6.47866678e+00 7.50134611e+00 -1.55296040e+01
    1.01897650e+01 7.89229441e+00 1.17004995e+01 -5.02479935e+00
    7.33300018e+00 1.20232229e+01 -1.82830429e+01 4.27761507e+00
    -5.36255169e+00 1.29102869e+01 -8.65157008e-01 -2.63148212e+01
    -1.01890984e+01 -9.82190669e-01 -5.61632967e+00 2.33857803e+01
    -2.49211287e+00 6.61853600e+00 -2.72662091e+00 2.34124832e+01
    1.04087238e+01 -8.14604378e+00 1.64490414e+00 -4.73543501e+00
    -2.25350533e+01 -9.69512272e+00 -1.59529066e+01 -7.98056722e-01
    -6.58249187e+00 1.52572803e+01 5.64585543e+00 1.02860603e+01
    -1.39878619e+00 5.34997654e+00 1.51735296e+01 -2.06288395e+01
    -3.03657508e+00 1.66009941e+01 -1.17972355e+01 -4.27387047e+00
    -1.21310463e+01 9.68827152e+00 1.37926006e+01 7.73569679e+00
    3.02195225e+01 1.44238389e+00 -2.65757542e+01 -1.04656973e+01
    3.60224104e+00 1.70637722e+01 -2.38667412e+01 -1.04485059e+00
    -1.05206337e+01 -1.29096861e+01 7.49909592e+00 9.85143948e+00
    4.26063538e+00 -4.71598768e+00 1.29560404e+01 -1.09560900e+01
    2.46549511e+00</data></vocabulary>
</opencv_storage>
