<?xml version="1.0"?>
<opencv_storage>
<vocabulary type_id="opencv-matrix">
  <rows>81</rows>
  <cols>1</cols>
  <dt>f</dt>
  <data>
    1.28636372e+00 -3.53772497e+00 3.52893209e+00 -1.34096682e+00
    3.11986685e-01 -7.06052661e-01 9.84500229e-01 4.78641659e-01
    -5.15534639e-01 -3.13761044e+00 8.02291107e+00 -6.18765163e+00
    -1.23722345e-01 -4.97473776e-01 5.54119539e+00 -5.48144245e+00
    -1.43113971e-01 1.12216890e+00 4.41029072e+00 -1.14544659e+01
    8.06493473e+00 1.23931015e+00 -1.77500010e-01 -7.43741226e+00
    5.62216520e+00 2.72416735e+00 -2.65000153e+00 -3.89056540e+00
    1.01411753e+01 -5.32069254e+00 -5.46195793e+00 3.89735389e+00
    5.54859447e+00 -3.29401350e+00 -5.61111069e+00 4.10697222e+00
    3.27964067e+00 -8.58519268e+00 4.79515886e+00 3.42176318e+00
    -1.00054765e+00 -5.09233809e+00 2.00234962e+00 6.47759867e+00
    -4.44702101e+00 -2.43672490e+00 6.82984257e+00 -4.24333143e+00
    -2.04519367e+00 2.11825824e+00 1.74442780e+00 1.36769736e+00
    -7.35269308e+00 4.33482647e+00 5.52462518e-01 -1.73796189e+00
    -6.59088254e-01 5.50703096e+00 -4.94927835e+00 6.15970850e-01
    -2.07369304e+00 5.66602993e+00 -3.01802492e+00 9.01084065e-01
    -2.62790179e+00 5.15950871e+00 -8.56933022e+00 7.96240282e+00
    -4.51769161e+00 3.67691731e+00 -3.72578096e+00 1.37596965e+00
    -8.40870559e-01 2.38941598e+00 -3.82678509e+00 5.52039719e+00
    -5.34229565e+00 3.60978818e+00 -2.60377836e+00 1.86294401e+00
    -5.39350152e-01</data></vocabulary>
</opencv_storage>
