<?xml version="1.0"?>
<opencv_storage>
<vocabulary type_id="opencv-matrix">
  <rows>81</rows>
  <cols>1</cols>
  <dt>f</dt>
  <data>
    8.01294446e-01 -1.31365705e+00 8.52412105e-01 -3.13478142e-01
    4.83622342e-01 -6.43217206e-01 3.17317247e-01 -2.47353151e-01
    1.89610824e-01 -1.93726790e+00 2.69909048e+00 -1.01972485e+00
    -9.63895380e-01 7.10697532e-01 -4.12402898e-02 9.23233211e-01
    -1.45974576e+00 7.70547748e-01 2.28084230e+00 -2.74565816e+00
    -1.85664821e+00 7.27146053e+00 -6.98814440e+00 4.64101696e+00
    -4.04999685e+00 3.08215380e+00 -1.41991925e+00 -2.67883754e+00
    4.06437731e+00 -3.08716476e-01 -3.59526062e+00 1.71918368e+00
    3.65113556e-01 1.25386119e+00 -2.60889030e+00 1.95704031e+00
    4.81720924e+00 -9.69974995e+00 1.01703129e+01 -1.09474287e+01
    1.41347046e+01 -1.16849594e+01 4.86800623e+00 2.11051631e+00
    -3.49065638e+00 -4.68057919e+00 8.85220528e+00 -9.41593170e+00
    9.55857944e+00 -9.92792130e+00 8.11318588e+00 -1.46511257e+00
    -4.94576740e+00 4.72356892e+00 2.86783075e+00 -3.34949732e+00
    1.05069838e-02 4.67348051e+00 -6.42544127e+00 6.28819275e+00
    -8.29638672e+00 8.58140278e+00 -4.52870703e+00 -1.20510745e+00
    4.83740382e-02 3.89921713e+00 -8.87227345e+00 9.66241646e+00
    -7.56267500e+00 7.22741175e+00 -5.44393444e+00 2.03318191e+00
    3.76940012e-01 7.17503652e-02 -1.33916128e+00 2.84444594e+00
    -2.64061046e+00 1.29339743e+00 -1.25583792e+00 1.07025886e+00
    -3.06455523e-01</data></vocabulary>
</opencv_storage>
