<?xml version="1.0"?>
<opencv_storage>
<vocabulary type_id="opencv-matrix">
  <rows>81</rows>
  <cols>1</cols>
  <dt>f</dt>
  <data>
    5.57945311e-01 -5.90886533e-01 2.73689419e-01 -2.16272071e-01
    5.55367589e-01 -1.79257795e-01 -6.23247325e-01 9.36001420e-01
    -4.70719308e-01 -1.70986801e-01 -1.35974443e+00 2.65756059e+00
    -1.69796431e+00 -4.37622249e-01 -4.55808520e-01 3.05281830e+00
    -3.35564137e+00 1.38599944e+00 -9.41029370e-01 4.93504667e+00
    -8.32389641e+00 6.18752718e+00 -1.48739600e+00 2.26535940e+00
    -6.66464090e+00 6.41478872e+00 -2.46520710e+00 1.67445052e+00
    -6.04646492e+00 8.58518982e+00 -4.34622812e+00 -2.49865007e+00
    9.06414747e-01 6.76662970e+00 -7.78055477e+00 3.04300237e+00
    -2.68575335e+00 6.95897675e+00 -7.30737352e+00 1.27667576e-01
    1.02486773e+01 -6.78011894e+00 -4.92764902e+00 8.03265667e+00
    -3.16791821e+00 2.70491457e+00 -5.88989305e+00 4.65968704e+00
    1.90722442e+00 -9.28171635e+00 6.85804749e+00 5.57039642e+00
    -9.08416653e+00 3.43667555e+00 -1.95030820e+00 2.87417316e+00
    2.72298187e-01 -4.73155355e+00 7.73646402e+00 -4.12779903e+00
    -6.51725054e+00 8.98759556e+00 -3.18405366e+00 1.29783189e+00
    -1.20278442e+00 -1.62652051e+00 4.21293879e+00 -5.41039991e+00
    2.72894931e+00 3.60519981e+00 -5.10833025e+00 1.69312942e+00
    -5.28714776e-01 5.73579252e-01 6.88777640e-02 -7.37030864e-01
    1.32107377e+00 -8.74658287e-01 -6.59368277e-01 1.08918548e+00
    -2.77883172e-01</data></vocabulary>
</opencv_storage>
