<?xml version="1.0"?>
<opencv_storage>
<vocabulary type_id="opencv-matrix">
  <rows>81</rows>
  <cols>1</cols>
  <dt>f</dt>
  <data>
    -4.39187258e-01 1.80109680e+00 -2.21738672e+00 2.02430677e+00
    -2.01340294e+00 1.98371804e+00 -2.44497091e-01 1.73355997e+00
    -1.26525211e+00 -7.48839498e-01 9.95756567e-01 -2.34865403e+00
    3.36945248e+00 -5.12925005e+00 3.58639503e+00 -1.08470333e+00
    -3.27569318e+00 3.93819064e-01 1.94766268e-01 -4.83413219e-01
    9.04256254e-02 -5.33744931e-01 4.62223387e+00 -4.54697847e+00
    1.54504251e+00 2.81405067e+00 -6.39627501e-02 5.26459932e-01
    2.68284702e+00 1.72772598e+00 -3.10974360e+00 -5.62961400e-03
    -1.01671249e-01 -4.14405632e+00 4.21635389e+00 -3.52847040e-01
    -4.32878345e-01 -6.55497503e+00 2.70495415e+00 9.73863244e-01
    1.50379550e+00 1.73572230e+00 1.14791468e-01 -3.97327089e+00
    7.38697767e-01 -1.69116986e+00 5.99068403e+00 -4.84834576e+00
    -1.18916810e+00 -5.30492973e+00 3.56367159e+00 1.37765920e+00
    -1.74802411e+00 3.80024290e+00 2.56471157e+00 2.03770518e-01
    -1.67175603e+00 5.21840620e+00 4.02822018e+00 -1.85722196e+00
    2.03326297e+00 -1.93154836e+00 -4.50839424e+00 -2.02104402e+00
    -6.45433366e-01 3.02905798e+00 -1.65416098e+00 -3.40602779e+00
    -8.37034464e-01 -1.23486006e+00 7.48155355e+00 -9.23009098e-01
    1.06039166e+00 -8.00406992e-01 -1.57667816e+00 2.00374317e+00
    -1.33797669e+00 1.94755602e+00 3.30309272e-02 -5.97334862e+00
    2.80769777e+00</data></vocabulary>
</opencv_storage>
