<?xml version="1.0"?>
<opencv_storage>
<vocabulary type_id="opencv-matrix">
  <rows>81</rows>
  <cols>1</cols>
  <dt>f</dt>
  <data>
    -2.68878555e+00 6.51615906e+00 -6.62482214e+00 4.32745981e+00
    -2.39426875e+00 1.14640009e+00 -1.49970269e+00 2.81619573e+00
    -1.93041110e+00 5.84155560e+00 -1.41365671e+01 1.35324469e+01
    -7.21859264e+00 2.70404100e+00 -3.66461486e-01 2.21757102e+00
    -6.38981199e+00 4.62207603e+00 -5.33507395e+00 1.29544516e+01
    -1.06727266e+01 2.07089114e+00 2.57532287e+00 -4.03947115e+00
    -7.06997097e-01 8.39436436e+00 -6.47674990e+00 3.44285345e+00
    -8.46288872e+00 4.61419821e+00 5.01418638e+00 -9.13805676e+00
    9.17039013e+00 -1.32986498e+00 -9.83805847e+00 7.94569826e+00
    -2.48013163e+00 6.35480785e+00 -3.36861515e+00 -4.53792620e+00
    8.40506744e+00 -5.95191240e+00 -1.87410188e+00 1.21092157e+01
    -8.89537907e+00 1.81767309e+00 -5.00511599e+00 3.30626917e+00
    1.94619071e+00 -2.43620872e+00 -3.08637947e-01 6.65396976e+00
    -1.39934835e+01 9.18670368e+00 -7.02438712e-01 2.19974446e+00
    -1.35964525e+00 -1.29929876e+00 3.57530177e-01 2.99666548e+00
    -7.59082842e+00 1.18585176e+01 -7.27265263e+00 -4.40386146e-01
    8.98469090e-01 -1.56814170e+00 2.40561748e+00 -6.44133151e-01
    -2.99090886e+00 5.81324863e+00 -7.44926882e+00 4.28196478e+00
    4.97356892e-01 -1.13993180e+00 1.51763165e+00 -1.71949565e+00
    6.03623211e-01 1.40181792e+00 -2.54481959e+00 2.91216993e+00
    -1.60792339e+00</data></vocabulary>
</opencv_storage>
