<?xml version="1.0"?>
<opencv_storage>
<vocabulary type_id="opencv-matrix">
  <rows>81</rows>
  <cols>1</cols>
  <dt>f</dt>
  <data>
    1.77269563e-01 -4.40780342e-01 1.32331669e-01 -1.77627485e-02
    5.89358993e-02 -1.05722308e-01 2.65996397e-01 -2.51737326e-01
    1.20473929e-01 -2.97899753e-01 6.92555487e-01 2.65660835e-03
    -2.49536082e-01 -4.79972288e-02 2.83780992e-01 -5.52813709e-01
    7.14672089e-01 -3.83858472e-01 1.44964039e-01 -1.69777617e-01
    -7.69359291e-01 7.96573460e-01 -7.82825410e-01 4.44379002e-01
    4.44297463e-01 -1.31993484e+00 7.38267243e-01 1.84459805e-01
    -7.39467919e-01 1.82003832e+00 -1.44950557e+00 1.52376556e+00
    -1.24304342e+00 -7.76562467e-02 1.56344819e+00 -9.08254802e-01
    -4.71555978e-01 1.19786131e+00 -2.10739565e+00 1.27170610e+00
    1.40654460e-01 8.41986895e-01 1.99063122e-01 -1.54861987e+00
    9.42013800e-01 5.24813831e-01 -1.01963031e+00 1.07030070e+00
    5.19622564e-01 -7.33883619e-01 4.42433655e-01 -7.87783802e-01
    1.38636661e+00 -8.09666455e-01 -5.95175326e-01 1.06126821e+00
    -9.58629131e-01 -3.06041151e-01 1.96030021e-01 3.49669307e-01
    -1.94503605e-01 -3.48910600e-01 2.05905944e-01 6.76740348e-01
    -1.28657019e+00 1.38868070e+00 -8.44353557e-01 1.05390203e+00
    -1.62291324e+00 1.34721553e+00 -6.24857247e-01 2.93227375e-01
    -3.57584983e-01 7.28539646e-01 -8.44500482e-01 6.80815876e-01
    -7.95835733e-01 1.04920137e+00 -8.59096587e-01 4.27474648e-01
    -1.79713890e-01</data></vocabulary>
</opencv_storage>
