<?xml version="1.0"?>
<opencv_storage>
<vocabulary type_id="opencv-matrix">
  <rows>81</rows>
  <cols>1</cols>
  <dt>f</dt>
  <data>
    2.79188268e-02 -3.61866765e-02 -6.18044995e-02 1.13162786e-01
    1.72264144e-01 -2.66642421e-01 1.53069437e-01 8.50048754e-03
    -4.87514138e-02 -1.57796636e-01 3.25645179e-01 -2.31730923e-01
    8.02706778e-02 -5.29888928e-01 7.02567816e-01 -2.56592780e-01
    -1.36379719e-01 1.68364719e-01 4.36249286e-01 -9.78820324e-01
    1.00836837e+00 -7.20988035e-01 9.08968329e-01 -1.26954567e+00
    4.64456230e-01 5.88629432e-02 -1.78785354e-01 -4.29765403e-01
    9.48450387e-01 -5.38110971e-01 -1.97452977e-01 -4.75425780e-01
    1.26992452e+00 -1.37732655e-01 -6.16563141e-01 4.76347566e-01
    1.58161864e-01 -4.08286422e-01 -5.20808280e-01 1.46004760e+00
    6.56065583e-01 -2.94490844e-01 -5.34612596e-01 1.10937452e+00
    -6.81923985e-01 4.22367044e-02 1.25143185e-01 5.59614539e-01
    -1.30385625e+00 6.08680487e-01 3.58747095e-01 7.98255280e-02
    -7.01821029e-01 4.54523534e-01 -1.38480380e-01 9.25304964e-02
    -8.16506624e-01 1.53154051e+00 -7.23367274e-01 -6.80751920e-01
    4.06436682e-01 1.96410626e-01 -1.65348560e-01 9.76700410e-02
    -1.02289736e-01 4.54744816e-01 -7.00703025e-01 7.14812577e-02
    6.36043251e-01 -4.16041434e-01 3.61969359e-02 -1.42222438e-02
    -2.79019307e-02 6.48080781e-02 -1.22912690e-01 9.59142521e-02
    9.66311023e-02 -2.59547412e-01 1.86636776e-01 -6.72444403e-02
    4.61275876e-02</data></vocabulary>
</opencv_storage>
