<?xml version="1.0"?>
<opencv_storage>
<vocabulary type_id="opencv-matrix">
  <rows>81</rows>
  <cols>1</cols>
  <dt>f</dt>
  <data>
    -1.25084343e+01 3.70025482e+01 -4.53072205e+01 3.47521400e+01
    -3.37587662e+01 4.37265015e+01 -3.41952820e+01 1.10298939e+01
    -8.89298439e-01 1.15378981e+01 -2.74861412e+01 3.83135643e+01
    -3.68272552e+01 3.08389320e+01 -2.69424477e+01 1.81554565e+01
    -8.05047417e+00 8.73295903e-01 1.51733255e+00 -2.15217419e+01
    1.29339409e+01 1.43505001e+01 4.43446350e+00 -5.43908691e+01
    5.63618889e+01 -1.87339058e+01 4.01961088e+00 1.17216873e+00
    2.22314587e+01 -6.96344519e+00 -4.70931473e+01 1.60920086e+01
    7.64980850e+01 -8.33099289e+01 2.60977211e+01 -3.59480166e+00
    -1.65790272e+00 -2.50163364e+01 -2.97868037e+00 9.58907242e+01
    -6.23261185e+01 -6.14688950e+01 7.63846207e+01 -1.53221092e+01
    -3.58858800e+00 -1.19377947e+01 5.67399788e+01 -4.12811928e+01
    -4.54154167e+01 4.15875130e+01 3.03162746e+01 -3.05524731e+01
    -1.26805391e+01 1.54857988e+01 6.77696943e+00 -3.18064499e+01
    3.45362473e+01 -2.43638873e+00 -3.60058951e+00 -1.12948170e+01
    -5.27327299e-01 2.48877583e+01 -1.79430656e+01 -7.63601661e-01
    7.56165361e+00 -7.06665564e+00 -8.09872246e+00 8.80078888e+00
    1.87471938e+00 1.41290748e+00 -1.23281679e+01 7.77170944e+00
    2.94948959e+00 -9.42978477e+00 6.67159796e+00 6.22859716e+00
    -7.95972919e+00 6.80894971e-01 4.45266724e-01 2.65499735e+00
    -1.54965341e+00</data></vocabulary>
</opencv_storage>
