<?xml version="1.0"?>
<opencv_storage>
<vocabulary type_id="opencv-matrix">
  <rows>81</rows>
  <cols>1</cols>
  <dt>f</dt>
  <data>
    -6.79161474e-02 6.24397397e-01 -1.35350072e+00 1.55327904e+00
    -1.25928676e+00 1.01062882e+00 -4.48259264e-01 6.03930540e-02
    2.39546299e-02 -1.34269342e-01 -6.63904786e-01 1.86357510e+00
    -1.89968455e+00 1.09987533e+00 -7.17466295e-01 1.70754164e-01
    2.32856140e-01 -2.13844389e-01 4.15007442e-01 3.83016467e-01
    -1.84475946e+00 1.21982527e+00 1.87042028e-01 -8.87652993e-01
    1.01396739e+00 -1.12139785e+00 6.17333889e-01 -4.34356004e-01
    -7.30345726e-01 2.65451956e+00 -2.15622783e+00 1.30391657e+00
    -9.42621350e-01 4.68022823e-01 3.75232220e-01 -4.66320485e-01
    4.11866307e-01 1.34015381e+00 -4.38746452e+00 4.81201029e+00
    -2.70270324e+00 3.30498791e+00 -2.56930089e+00 9.15448487e-01
    1.31834269e-01 -6.02514565e-01 -4.34340984e-01 2.63626075e+00
    -3.22664475e+00 2.40404701e+00 -1.53676820e+00 1.06389153e+00
    -1.68952182e-01 -3.87712061e-01 8.46220672e-01 -1.16783631e+00
    9.78781998e-01 -1.26360333e+00 1.78618205e+00 -2.08363152e+00
    1.83993828e+00 -1.51907647e+00 8.45050097e-01 -6.65892601e-01
    1.36571431e+00 -1.90767193e+00 2.40859437e+00 -2.94450092e+00
    2.80335212e+00 -2.07106590e+00 1.30490816e+00 -5.92155695e-01
    1.93911508e-01 -4.16154385e-01 5.87433994e-01 -7.82096505e-01
    1.04931092e+00 -9.56950426e-01 5.73648930e-01 -2.75116920e-01
    1.22705534e-01</data></vocabulary>
</opencv_storage>
