<?xml version="1.0"?>
<opencv_storage>
<vocabulary type_id="opencv-matrix">
  <rows>81</rows>
  <cols>1</cols>
  <dt>f</dt>
  <data>
    1.69350195e+00 -1.97592854e-01 1.65723503e-01 -1.37797132e-01
    1.33404529e+00 -8.36904466e-01 -2.65188980e+00 -6.97325543e-02
    1.91912186e+00 -3.85592103e+00 2.22569871e+00 -1.34921253e+00
    1.84827197e+00 -8.04486454e-01 4.72427726e-01 2.02865529e+00
    1.06667972e+00 -2.45763278e+00 9.16829348e-01 5.83190918e-01
    -1.06289577e+00 -1.51100302e+00 1.11191297e+00 -1.84395921e+00
    2.73641139e-01 -2.66789031e+00 2.12133384e+00 9.47384611e-02
    -1.13254726e+00 -5.56323677e-02 7.28923798e-01 -8.23541343e-01
    4.80772942e-01 2.54942632e+00 -8.69469583e-01 6.84554219e-01
    2.88367152e+00 6.67074171e-04 -1.67426205e+00 3.38051528e-01
    -1.36998564e-01 -2.69063145e-01 -7.15189278e-01 -1.59470797e-01
    1.99510002e+00 1.43996915e-02 -2.85561585e+00 3.24420184e-01
    1.08271587e+00 2.98756146e+00 9.48733613e-02 9.20106590e-01
    -6.72835290e-01 -3.18146896e+00 -2.26943791e-01 5.46060801e-01
    1.17508805e+00 3.12840827e-02 1.20930684e+00 -2.85573149e+00
    -1.49437380e+00 3.49858975e+00 -1.48305261e+00 1.71482548e-01
    -3.58382195e-01 1.18842030e+00 -2.90917516e+00 1.98193699e-01
    1.13018990e+00 4.66841280e-01 -2.14191914e+00 3.22736478e+00
    -1.28271890e+00 1.12593365e+00 2.02654749e-01 -1.32542396e+00
    1.65602958e+00 -9.57196653e-01 4.91352350e-01 1.02716371e-01
    -1.34580314e+00</data></vocabulary>
</opencv_storage>
