<?xml version="1.0"?>
<opencv_storage>
<vocabulary type_id="opencv-matrix">
  <rows>81</rows>
  <cols>1</cols>
  <dt>f</dt>
  <data>
    -3.41236532e-01 8.28966677e-01 -1.13233459e+00 1.27242541e+00
    -1.25769305e+00 1.08862722e+00 -6.31850243e-01 3.27000171e-01
    -1.25767663e-01 9.09953356e-01 -2.11332989e+00 2.69509268e+00
    -2.86115623e+00 2.66541123e+00 -2.19142485e+00 1.25816643e+00
    -6.06879354e-01 2.20866278e-01 -1.03561366e+00 2.07942748e+00
    -2.20447516e+00 2.02075148e+00 -1.89575207e+00 1.26112461e+00
    -6.75693452e-01 2.14908957e-01 -1.23463228e-01 9.69137728e-01
    -1.45818579e+00 4.40174967e-01 6.66290045e-01 -6.86316133e-01
    8.05452406e-01 -5.20839393e-01 4.56676364e-01 -1.98179651e-02
    -9.65144277e-01 1.63720000e+00 -6.93378091e-01 -1.37595105e+00
    3.59709120e+00 -2.22687078e+00 1.05242157e+00 -5.73228121e-01
    5.32976650e-02 9.79338765e-01 -2.03058767e+00 1.51687598e+00
    6.71958089e-01 -2.14178276e+00 2.01197028e+00 -7.26785600e-01
    1.64357841e-01 2.02773120e-02 -8.81929100e-01 2.05960059e+00
    -2.08144951e+00 6.03169680e-01 2.74102807e-01 -5.87847084e-02
    -5.77565849e-01 4.75262523e-01 -2.03587145e-01 6.55683339e-01
    -1.80600142e+00 2.46467662e+00 -1.94033241e+00 1.39084482e+00
    -1.45812857e+00 1.45741880e+00 -9.27137733e-01 3.36436898e-01
    -2.88781911e-01 9.20403779e-01 -1.43895435e+00 1.37413681e+00
    -1.20299244e+00 1.17093968e+00 -9.93759692e-01 5.89142144e-01
    -1.82267666e-01</data></vocabulary>
</opencv_storage>
