<?xml version="1.0"?>
<opencv_storage>
<vocabulary type_id="opencv-matrix">
  <rows>81</rows>
  <cols>1</cols>
  <dt>f</dt>
  <data>
    6.62779033e-01 -6.72328615e+00 1.48725233e+01 -1.74938259e+01
    1.61758614e+01 -9.21941853e+00 -1.22193384e+00 4.56191397e+00
    -1.32588840e+00 7.96107173e-01 1.06362371e+01 -3.13912716e+01
    3.90400925e+01 -3.60930634e+01 1.76501255e+01 1.09673491e+01
    -1.82693501e+01 5.77843475e+00 -3.84932208e+00 -5.92288494e+00
    3.14384174e+01 -4.43845787e+01 4.52701187e+01 -2.06060352e+01
    -2.20009918e+01 3.04010429e+01 -9.78099346e+00 7.45435286e+00
    -7.13210058e+00 -6.46871185e+00 1.34437599e+01 -1.40652122e+01
    -1.02920666e+01 5.37038879e+01 -5.12243958e+01 1.62822323e+01
    -1.07016163e+01 2.10035686e+01 -2.37498150e+01 2.72694855e+01
    -2.89649258e+01 5.11732674e+01 -8.46928101e+01 6.72727966e+01
    -2.11335869e+01 7.82727098e+00 -1.32120018e+01 1.14092255e+01
    -1.47766705e+01 2.03294544e+01 -4.25333824e+01 7.54483337e+01
    -6.01485252e+01 1.89432220e+01 -2.67802334e+00 -2.23152542e+00
    1.60574379e+01 -1.97341652e+01 1.48294573e+01 1.07663698e+01
    -4.90467186e+01 4.30271568e+01 -1.35019541e+01 1.26870191e+00
    4.19679165e+00 -1.72522736e+01 2.21189022e+01 -1.93642712e+01
    1.24390996e+00 2.64010201e+01 -2.43659554e+01 7.34751892e+00
    -6.21583521e-01 -7.08228528e-01 4.78552532e+00 -6.13433027e+00
    5.04014969e+00 -1.48344263e-01 -7.47036791e+00 6.60074139e+00
    -1.83896041e+00</data></vocabulary>
</opencv_storage>
