<?xml version="1.0"?>
<opencv_storage>
<vocabulary type_id="opencv-matrix">
  <rows>81</rows>
  <cols>1</cols>
  <dt>f</dt>
  <data>
    1.39177933e-01 -2.40017667e-01 2.40717784e-01 -4.01099086e-01
    9.38472509e-01 -1.38235247e+00 1.28570342e+00 -9.24686491e-01
    4.02065992e-01 -4.93487418e-01 6.22772455e-01 1.34457663e-01
    2.96669215e-01 -2.73660541e+00 4.21223116e+00 -3.68317056e+00
    2.60430980e+00 -1.12577415e+00 6.40267670e-01 -3.63741875e-01
    -1.55791914e+00 1.32608509e+00 2.78011942e+00 -5.13648844e+00
    4.05747223e+00 -3.12982750e+00 1.60399032e+00 -4.83896255e-01
    2.20750440e-02 1.56017065e+00 -5.49237788e-01 -4.25878334e+00
    5.39182758e+00 -2.44471312e+00 1.74162209e+00 -1.26995838e+00
    2.85024345e-01 6.84433520e-01 -2.60330510e+00 1.27638841e+00
    4.50880623e+00 -3.34000945e+00 -8.18286955e-01 8.70199382e-01
    3.93870503e-01 -3.54631633e-01 4.03293967e-02 7.17843235e-01
    1.00494373e+00 -5.25007868e+00 4.75757456e+00 7.79331088e-01
    -1.75632608e+00 -3.59783210e-02 6.24067068e-01 -1.88072991e+00
    3.27256608e+00 -6.10340738e+00 1.08284645e+01 -9.23190117e+00
    1.38678992e+00 1.35705006e+00 -5.21936221e-03 -4.69798267e-01
    1.54863989e+00 -2.87605691e+00 5.04826927e+00 -8.96000576e+00
    7.79482985e+00 -1.94978344e+00 -4.90260661e-01 -6.07397296e-02
    1.78606838e-01 -5.40916026e-01 1.00957453e+00 -1.75318456e+00
    3.17552781e+00 -3.03698421e+00 1.42108583e+00 -4.24652457e-01
    1.61681041e-01</data></vocabulary>
</opencv_storage>
