<?xml version="1.0"?>
<opencv_storage>
<vocabulary type_id="opencv-matrix">
  <rows>81</rows>
  <cols>1</cols>
  <dt>f</dt>
  <data>
    4.13121879e-01 -5.88199437e-01 4.89658642e+00 -1.04006882e+01
    7.41808128e+00 -7.09400845e+00 -2.87511134e+00 3.53784347e+00
    4.95167685e+00 -6.08932078e-01 -8.54647732e+00 8.57335663e+00
    4.04052734e+00 -2.57034039e+00 1.18448524e+01 7.29911685e-01
    -3.59460425e+00 -9.19459248e+00 4.66205215e+00 1.47186470e+01
    -1.96539078e+01 1.01192083e+01 -2.25371151e+01 1.28823709e+00
    -1.04746735e+00 7.98064423e+00 1.13939333e+00 -8.66265297e+00
    -1.87892666e+01 1.60302505e+01 -2.37785029e+00 2.56182327e+01
    2.58848023e+00 -2.17482281e+00 -1.75092621e+01 1.06955910e+01
    2.69494319e+00 2.75095615e+01 -9.43320084e+00 -2.00846672e+01
    -5.99068165e+00 -1.46746998e+01 1.11133099e+01 8.21293068e+00
    -3.74318123e+00 8.48649216e+00 -4.10762253e+01 1.01674976e+01
    1.98578300e+01 7.06352282e+00 1.66444473e+01 -1.20090361e+01
    -3.50619721e+00 -2.62741756e+00 6.46766722e-01 1.37709503e+01
    -1.70791550e+01 3.83579407e+01 -4.40565453e+01 -2.23841810e+00
    6.45446360e-01 1.46633701e+01 -4.20162630e+00 -3.98063254e+00
    8.53314495e+00 -2.79595184e+00 -2.30461254e+01 9.86076641e+00
    3.50972366e+01 -2.35687389e+01 -1.51660700e+01 1.01111126e+01
    -1.26687777e+00 -1.25966048e+00 8.26791668e+00 -6.30815744e+00
    1.35538483e+01 -2.97482510e+01 2.13977451e+01 4.01239252e+00
    -4.84787512e+00</data></vocabulary>
</opencv_storage>
