<?xml version="1.0"?>
<opencv_storage>
<vocabulary type_id="opencv-matrix">
  <rows>81</rows>
  <cols>1</cols>
  <dt>f</dt>
  <data>
    3.81864458e-02 -1.69828966e-01 3.09015214e-01 -4.01431352e-01
    2.70597845e-01 -5.66028319e-02 -3.37155163e-02 8.70261639e-02
    -3.05781178e-02 1.94441333e-01 -1.67765722e-01 -4.78220135e-01
    1.23631299e+00 -1.15404940e+00 5.06387055e-01 2.64602453e-01
    -5.35197914e-01 1.74654678e-01 -6.43034756e-01 1.05463755e+00
    5.62050156e-02 -1.41604507e+00 1.14467776e+00 -4.85724509e-02
    -1.25764251e+00 1.19476771e+00 -3.32502216e-01 1.10796833e+00
    -2.10729599e+00 8.00994277e-01 1.03806281e+00 -9.26904380e-01
    -6.46317661e-01 2.25249195e+00 -1.69792187e+00 5.14750481e-01
    -1.32708800e+00 2.55864263e+00 -1.19250989e+00 -1.15385807e+00
    2.15697312e+00 1.28415298e+00 -3.09792328e+00 2.19953489e+00
    -7.46312559e-01 1.03831577e+00 -1.89265430e+00 7.42630288e-02
    2.80350542e+00 -2.34681535e+00 -1.61280513e-01 1.94699454e+00
    -1.62575376e+00 5.61124623e-01 -6.49862766e-01 1.15765035e+00
    7.14810848e-01 -3.67985082e+00 3.48351932e+00 -1.47966361e+00
    -1.63176924e-01 6.51800990e-01 -2.72266775e-01 3.97840053e-01
    -7.24442720e-01 -5.69615185e-01 2.58854485e+00 -2.72033405e+00
    1.43807328e+00 -3.44906896e-01 -2.50022739e-01 1.70913473e-01
    -1.03854492e-01 2.07729906e-01 1.69077277e-01 -7.92013943e-01
    8.91177833e-01 -5.21281064e-01 1.85757682e-01 6.36113435e-02
    -7.06874952e-02</data></vocabulary>
</opencv_storage>
