<?xml version="1.0"?>
<opencv_storage>
<vocabulary type_id="opencv-matrix">
  <rows>81</rows>
  <cols>1</cols>
  <dt>f</dt>
  <data>
    6.29946440e-02 -5.91078579e-01 1.92942381e-01 1.63258898e+00
    -1.66903436e+00 4.99029756e-01 -2.16470703e-01 -9.99563336e-02
    2.87907451e-01 -9.82055068e-02 1.65176523e+00 -1.91852927e+00
    -4.63549197e-01 8.18315804e-01 8.00054550e-01 -1.51755631e+00
    2.04399014e+00 -1.35977435e+00 -1.09413952e-01 -1.85805118e+00
    2.39095950e+00 -1.65983438e-01 -1.40765464e+00 3.70557189e-01
    1.40762782e+00 -2.51239777e+00 1.65391862e+00 -9.99562666e-02
    2.54879880e+00 -3.37914920e+00 1.71102226e+00 9.68585551e-01
    -1.07855427e+00 -1.24369740e+00 2.39595509e+00 -1.59762502e+00
    -7.35147119e-01 -3.77962351e-01 3.05380464e-01 1.32610559e+00
    -1.46039796e+00 1.73580730e+00 4.24750715e-01 -1.36254370e+00
    9.59880054e-01 1.72405446e+00 -2.53330350e+00 3.60238671e+00
    -5.27635765e+00 4.41187334e+00 -1.49861550e+00 -2.67988771e-01
    4.46304739e-01 -3.09218377e-01 -9.68140900e-01 1.41737175e+00
    -2.40576839e+00 3.88760495e+00 -2.56466079e+00 -2.56639391e-01
    1.05481625e+00 -1.15298510e-01 -6.78931847e-02 -1.72245428e-01
    8.88644695e-01 -6.46034002e-01 -1.60733521e-01 -7.75801659e-01
    1.98456538e+00 -1.55938208e+00 -7.90432096e-02 2.91417569e-01
    3.76162589e-01 -1.06609893e+00 6.70453072e-01 1.20309703e-01
    4.62203801e-01 -1.23057079e+00 7.96378553e-01 2.04329759e-01
    -2.52243906e-01</data></vocabulary>
</opencv_storage>
