<?xml version="1.0"?>
<opencv_storage>
<vocabulary type_id="opencv-matrix">
  <rows>81</rows>
  <cols>1</cols>
  <dt>f</dt>
  <data>
    7.63202384e-02 -2.15170324e-01 1.50349349e-01 3.65830399e-02
    -4.10554707e-01 5.98463476e-01 -3.28019112e-01 1.61193043e-01
    -9.47585255e-02 -1.34012565e-01 4.07598376e-01 -2.22505465e-01
    -3.53222936e-01 1.07860720e+00 -1.26088071e+00 7.08771765e-01
    -3.05869371e-01 2.17891827e-01 3.33741277e-01 -8.65960300e-01
    6.98603809e-01 1.51317948e-02 -1.26822174e+00 1.33466351e+00
    -3.02231044e-01 -6.68229043e-01 2.88671374e-01 -5.40503561e-01
    1.32283807e+00 -1.13953567e+00 2.79531837e-01 1.06202734e+00
    -8.89574289e-01 -5.43514669e-01 1.94345832e+00 -9.73975658e-01
    9.90665674e-01 -2.39091063e+00 2.15501451e+00 -1.27038538e+00
    1.16118157e+00 -4.17731628e-02 1.40137684e+00 -2.72671604e+00
    1.40355384e+00 -1.50178266e+00 3.71201158e+00 -4.06790590e+00
    3.54335189e+00 -2.14184952e+00 1.88138247e+00 -2.86805701e+00
    3.56010079e+00 -1.79528809e+00 1.29134810e+00 -3.26841474e+00
    3.62660360e+00 -3.05058098e+00 1.95123911e+00 -1.80865264e+00
    2.53681445e+00 -2.98141646e+00 1.45329618e+00 -7.11712539e-01
    1.84355783e+00 -1.94191754e+00 1.29480815e+00 -7.86326647e-01
    7.92299330e-01 -1.36781597e+00 1.77925086e+00 -8.54859710e-01
    2.82089531e-01 -7.28483796e-01 6.79153562e-01 -2.52152920e-01
    4.89841551e-02 -1.35576725e-01 4.52514976e-01 -7.01918125e-01
    3.55888575e-01</data></vocabulary>
</opencv_storage>
