<?xml version="1.0"?>
<opencv_storage>
<vocabulary type_id="opencv-matrix">
  <rows>81</rows>
  <cols>1</cols>
  <dt>f</dt>
  <data>
    -4.26101714e-01 1.34518611e+00 -1.34131801e+00 5.18007696e-01
    -2.10353844e-02 -3.29283357e-01 5.64049959e-01 -7.80416071e-01
    4.62504178e-01 2.34941292e+00 -6.46669531e+00 6.30474615e+00
    -3.41615534e+00 7.80429065e-01 2.16793871e+00 -2.40087485e+00
    1.14952493e+00 -5.30235589e-01 -4.68746996e+00 1.25052719e+01
    -1.23628988e+01 7.85602999e+00 -2.75061178e+00 -3.47280073e+00
    3.44597840e+00 -6.72308624e-01 2.43598998e-01 5.98258305e+00
    -1.54587364e+01 1.40896950e+01 -7.13889074e+00 -1.23142213e-01
    7.56701994e+00 -6.51853800e+00 1.91531146e+00 -7.66676307e-01
    -6.47567511e+00 1.62269192e+01 -1.40841742e+01 5.32402372e+00
    4.89905548e+00 -1.19033642e+01 1.04015417e+01 -4.26459789e+00
    1.69275236e+00 5.27147102e+00 -1.29221697e+01 1.01181412e+01
    -1.88908947e+00 -4.85732031e+00 1.05250101e+01 -8.90695572e+00
    3.95036197e+00 -1.90937471e+00 -3.04330325e+00 7.27012634e+00
    -4.68119001e+00 -1.12525117e+00 3.92974687e+00 -5.49115419e+00
    4.00480700e+00 -2.13175821e+00 1.53226519e+00 1.57532871e+00
    -3.76299787e+00 2.13679194e+00 1.18329787e+00 -2.12686038e+00
    1.86162829e+00 -9.84464586e-01 8.03325653e-01 -7.69438326e-01
    -3.40042263e-01 8.19426775e-01 -1.84377447e-01 -9.65771317e-01
    1.22864175e+00 -7.76723266e-01 1.43806234e-01 1.56183809e-01
    -4.50597405e-02</data></vocabulary>
</opencv_storage>
