<?xml version="1.0"?>
<opencv_storage>
<vocabulary type_id="opencv-matrix">
  <rows>81</rows>
  <cols>1</cols>
  <dt>f</dt>
  <data>
    -2.38700807e-02 5.58934473e-02 -3.59924257e-01 6.40156746e-01
    -7.04189718e-01 8.57122540e-01 -6.41649485e-01 3.48548442e-01
    -1.14930481e-01 -6.57792836e-02 2.64688760e-01 5.73090743e-04
    -2.73193181e-01 3.94701481e-01 -5.65736890e-01 5.13702214e-01
    -2.41106540e-01 -9.44888219e-03 2.26373076e-01 -7.45889664e-01
    6.80587173e-01 -6.41632497e-01 4.49662775e-01 -7.45020390e-01
    4.49222207e-01 -4.67657864e-01 4.06723469e-01 -1.91637632e-02
    3.38844419e-01 -6.04171157e-01 1.13028002e+00 -9.96516049e-01
    1.12561870e+00 -7.27416635e-01 7.97110081e-01 -5.74420452e-01
    -2.26928398e-01 2.34357387e-01 2.94079147e-02 -8.08216810e-01
    2.14630938e+00 -7.39401579e-01 3.50368202e-01 -7.14221239e-01
    4.93323147e-01 2.49814942e-01 -4.49650496e-01 2.97957569e-01
    2.45684907e-01 -1.41353428e-01 -1.91388607e-01 2.30397463e-01
    2.98435003e-01 -2.39486679e-01 -2.30340555e-01 6.02728248e-01
    -6.07295334e-01 2.76435465e-01 -6.97126031e-01 1.03854930e+00
    -6.87407255e-01 -8.73474106e-02 1.33001372e-01 1.38840124e-01
    -3.92891854e-01 3.10268164e-01 -3.82920951e-02 2.09835574e-01
    -5.95382929e-01 3.66362691e-01 8.42752010e-02 -7.00134858e-02
    -3.71893421e-02 1.14810593e-01 -2.37641926e-03 -1.84351936e-01
    1.31359205e-01 7.49836043e-02 -3.12297214e-02 -5.73864505e-02
    1.34122763e-02</data></vocabulary>
</opencv_storage>
