<?xml version="1.0"?>
<opencv_storage>
<vocabulary type_id="opencv-matrix">
  <rows>81</rows>
  <cols>1</cols>
  <dt>f</dt>
  <data>
    2.71223754e-01 -1.00644910e+00 1.65372133e+00 4.07360172e+00
    -9.34336853e+00 7.05339622e+00 -2.04098511e+00 -1.40440837e-01
    1.07245736e-01 -5.14346302e-01 2.20202065e+00 -4.10220242e+00
    -3.20491719e+00 8.30530548e+00 -9.80615437e-01 -1.03910160e+01
    1.18894997e+01 -3.39811587e+00 -7.06122518e-01 -2.61446857e+00
    6.95151138e+00 -2.19768381e+00 -1.16652846e+00 -5.15596294e+00
    1.65212650e+01 -1.84132462e+01 5.33132792e+00 2.29092360e+00
    -1.28297174e+00 -1.36865079e+00 -6.33966446e+00 1.31272717e+01
    -7.82671642e+00 -4.95645523e+00 1.09070101e+01 -3.28612828e+00
    -2.93219256e+00 3.08743453e+00 5.95098674e-01 5.33565187e+00
    -8.48470306e+00 6.84221935e+00 -1.30130276e-01 -4.95619535e+00
    1.44977629e+00 3.64229751e+00 -1.53426540e+00 -6.66339540e+00
    6.01520538e+00 -8.33950138e+00 7.89822054e+00 -3.00393844e+00
    2.67053890e+00 -8.67748976e-01 -3.66511178e+00 9.06139433e-01
    6.60131311e+00 -9.70313740e+00 1.99018631e+01 -1.93925076e+01
    7.71306467e+00 -2.96011639e+00 9.83774841e-01 2.37481856e+00
    -1.98434019e+00 -6.02949381e-01 4.11010265e+00 -1.64121952e+01
    1.83399906e+01 -9.03472137e+00 3.88593984e+00 -1.15286589e+00
    -8.16615343e-01 1.80475473e+00 -2.22800565e+00 9.12437439e-01
    4.30014801e+00 -5.89695501e+00 2.83924103e+00 -9.29275274e-01
    2.31947258e-01</data></vocabulary>
</opencv_storage>
