<?xml version="1.0"?>
<opencv_storage>
<vocabulary type_id="opencv-matrix">
  <rows>81</rows>
  <cols>1</cols>
  <dt>f</dt>
  <data>
    1.67796332e-02 8.33373964e-02 -9.64090452e-02 3.22209741e-03
    1.26739129e-01 -1.21550538e-01 1.80778265e-01 -3.30274910e-01
    1.63464725e-01 -9.04119760e-02 3.54696885e-02 -1.75693512e-01
    4.10240918e-01 -5.88918567e-01 4.53641623e-01 -5.06117463e-01
    8.37089360e-01 -3.75610381e-01 8.43443945e-02 -1.03284322e-01
    2.24019498e-01 -2.71742731e-01 -1.14887403e-02 2.10180297e-01
    -3.07768643e-01 -4.50159520e-01 2.16553017e-01 -7.56869931e-03
    8.01638886e-02 -2.48180240e-01 1.47061676e-01 3.58915001e-01
    -4.83105600e-01 8.76909494e-01 7.40015041e-03 -2.34846603e-02
    -3.79472151e-02 1.17481194e-01 -3.10034305e-01 1.15259729e-01
    1.04024482e+00 3.52866679e-01 -8.49432886e-01 1.36075057e-02
    6.72554225e-02 5.99878877e-02 -3.19415689e-01 8.32529008e-01
    -7.22361445e-01 4.51298833e-01 -4.79034960e-01 7.74996519e-01
    -1.52591661e-01 -8.20030421e-02 -9.22740530e-03 2.97092468e-01
    -9.87453520e-01 1.03178585e+00 -6.54982269e-01 5.90885520e-01
    -8.01463723e-01 2.47848898e-01 4.89527248e-02 -7.17242574e-03
    -1.90012842e-01 6.22472584e-01 -6.21472180e-01 2.80291915e-01
    -3.79866689e-01 4.10831571e-01 4.80609061e-03 -7.45770112e-02
    4.46214341e-03 3.39055322e-02 -1.16692789e-01 7.09061846e-02
    9.59543437e-02 -2.92151645e-02 -2.68199923e-03 -1.37927800e-01
    7.53295794e-02</data></vocabulary>
</opencv_storage>
