<?xml version="1.0"?>
<opencv_storage>
<vocabulary type_id="opencv-matrix">
  <rows>81</rows>
  <cols>1</cols>
  <dt>f</dt>
  <data>
    8.13087761e-01 -3.50267148e+00 7.56208372e+00 -1.12732210e+01
    1.42663860e+01 -1.35475502e+01 1.05896530e+01 -6.88972855e+00
    2.26233625e+00 -2.01877189e+00 4.99489641e+00 -8.85964966e+00
    1.29536419e+01 -1.59487514e+01 1.56980286e+01 -1.35100689e+01
    9.08519936e+00 -3.17697620e+00 2.07510972e+00 -1.63123715e+00
    1.61326423e-01 -6.68088973e-01 1.08936810e+00 -2.63091612e+00
    5.18186665e+00 -4.45323086e+00 1.76493764e+00 -1.69715190e+00
    6.13843836e-02 2.72783566e+00 -2.78320336e+00 1.99060845e+00
    -1.82516372e+00 3.28611732e+00 -3.19293642e+00 7.36026525e-01
    1.20931780e+00 1.49800122e+00 -5.46924782e+00 5.40047169e+00
    -3.92495632e+00 8.28247643e+00 -1.54824505e+01 1.36206503e+01
    -3.72702622e+00 1.17383219e-01 -3.37521052e+00 6.85072517e+00
    -6.26059532e+00 3.88610411e+00 -9.18419552e+00 2.24101295e+01
    -2.07626362e+01 5.82066917e+00 -1.63561547e+00 4.78671122e+00
    -6.13018560e+00 4.86313486e+00 1.47216335e-01 7.02126408e+00
    -2.60555897e+01 2.54011173e+01 -7.30060911e+00 8.87640417e-01
    -2.37624311e+00 2.05857587e+00 -7.57449865e-01 -3.06829572e+00
    -2.32308316e+00 1.63856564e+01 -1.67909622e+01 4.91384792e+00
    2.87432730e-01 -6.11649752e-01 1.25315881e+00 -2.19284892e+00
    4.05815220e+00 -2.41126966e+00 -2.38563204e+00 3.44931364e+00
    -1.07448363e+00</data></vocabulary>
</opencv_storage>
