<?xml version="1.0"?>
<opencv_storage>
<vocabulary type_id="opencv-matrix">
  <rows>81</rows>
  <cols>1</cols>
  <dt>f</dt>
  <data>
    7.93086961e-02 -1.33850351e-01 -6.31525517e-02 3.30589235e-01
    -3.15784156e-01 5.90022564e-01 -6.12494230e-01 4.58396167e-01
    -1.59089521e-01 -7.21613914e-02 3.44299190e-02 1.60991475e-01
    -3.08871567e-01 1.36999056e-01 -6.47792220e-01 8.85470986e-01
    -7.99656272e-01 3.05646837e-01 -1.47955671e-01 4.64413673e-01
    -1.03893447e+00 1.03684688e+00 -6.34295881e-01 2.87839472e-01
    -4.92642313e-01 6.62646890e-01 -3.95586699e-01 4.68966872e-01
    -8.40641499e-01 1.09815061e+00 -4.19158995e-01 7.26787224e-02
    3.33056062e-01 1.10826999e-01 -5.40994763e-01 5.07861078e-01
    -4.94470805e-01 1.06972468e+00 -1.53161013e+00 6.42527163e-01
    1.25134516e+00 -3.68134350e-01 -3.73249352e-01 7.61027455e-01
    -5.65551639e-01 4.16796356e-01 -1.31161642e+00 2.25458670e+00
    -2.15878773e+00 1.81088209e+00 -1.32142997e+00 1.42076910e+00
    -1.34680295e+00 6.52401567e-01 -3.23092461e-01 8.78806829e-01
    -1.36503065e+00 1.32392335e+00 -1.42854810e+00 1.35250318e+00
    -1.23290753e+00 1.00725913e+00 -4.85873789e-01 1.73620164e-01
    -1.21543579e-01 -1.11694627e-01 4.52880681e-01 -6.74617767e-01
    4.89466846e-01 -1.37558684e-01 -1.71248704e-01 2.12476149e-01
    -6.80447146e-02 -5.54419868e-02 3.04220945e-01 -5.40862620e-01
    6.50208831e-01 -5.10613859e-01 3.21923137e-01 -1.29880771e-01
    -2.14037504e-02</data></vocabulary>
</opencv_storage>
