<?xml version="1.0"?>
<opencv_storage>
<vocabulary type_id="opencv-matrix">
  <rows>81</rows>
  <cols>1</cols>
  <dt>f</dt>
  <data>
    3.26046318e-01 -3.44355607e+00 7.30229759e+00 -5.19088507e+00
    -2.70167899e+00 -1.53957796e+00 3.13290238e+00 -4.34439182e+00
    8.02872944e+00 -4.01091719e+00 7.51177311e+00 -9.52629375e+00
    5.45336914e+00 1.22468281e+01 -5.80139780e+00 1.37027416e+01
    -7.89525080e+00 -1.76416588e+01 1.18879986e+00 -1.02049589e+01
    -9.10977840e-01 6.84052515e+00 -1.94561615e+01 2.37180576e+01
    -3.19171238e+01 2.51118488e+01 1.15751295e+01 9.77576160e+00
    2.12856293e+01 9.29786563e-01 3.87805200e+00 -3.18168106e+01
    1.40022278e+01 -1.00215807e+01 -1.69528234e+00 -4.82922983e+00
    -1.21313009e+01 -2.13571262e+01 4.52230215e+00 -9.67267227e+00
    2.78623371e+01 -8.53289509e+00 2.48024559e+01 -6.82538366e+00
    2.19712424e+00 9.25344467e+00 5.98970652e+00 -1.22160301e+01
    2.17236729e+01 6.43888283e+00 -2.09704018e+01 4.60830182e-01
    -1.81065025e+01 1.94949973e+00 -7.50166750e+00 9.25657082e+00
    -1.08671856e+01 -3.54394174e+00 -6.57215166e+00 5.03225899e+00
    6.93829489e+00 1.21014166e+01 1.07008266e+00 1.84985304e+00
    -3.01791978e+00 6.69402313e+00 -7.53137922e+00 7.43558741e+00
    -2.75480032e+00 -2.16775918e+00 -8.33602810e+00 2.62127280e-01
    8.89706671e-01 -4.93216610e+00 1.20964994e+01 -1.03836784e+01
    8.36326218e+00 -8.60954762e+00 7.07244587e+00 -1.31517541e+00
    9.93332386e-01</data></vocabulary>
</opencv_storage>
