<?xml version="1.0"?>
<opencv_storage>
<vocabulary type_id="opencv-matrix">
  <rows>81</rows>
  <cols>1</cols>
  <dt>f</dt>
  <data>
    2.03719456e-02 7.77225047e-02 -1.85038060e-01 3.52754474e-01
    -3.33491474e-01 9.50688899e-01 -1.34302807e+00 9.75429475e-01
    -2.29551956e-01 -2.07795035e-02 -2.05524981e-01 1.97045416e-01
    -1.83207557e-01 2.03160733e-01 -1.66442943e+00 2.68925905e+00
    -2.00810361e+00 5.01471519e-01 -2.57701576e-01 8.74968827e-01
    -9.96019423e-01 4.19945627e-01 -2.79950649e-01 1.34243476e+00
    -2.53758287e+00 1.84178257e+00 -4.90344971e-01 5.90508580e-01
    -1.35440028e+00 1.14594615e+00 3.36154282e-01 -7.72173166e-01
    -4.74061929e-02 1.44447958e+00 -1.11508119e+00 3.32470149e-01
    -7.55314648e-01 1.06095302e+00 -5.22002280e-02 -2.37833476e+00
    5.03990650e+00 -3.13969803e+00 1.42559469e+00 -7.19632685e-01
    1.98192433e-01 8.98434997e-01 -9.85763371e-01 -3.65405470e-01
    2.64735842e+00 -4.55964613e+00 4.41481161e+00 -3.34760618e+00
    2.04094720e+00 -5.92022121e-01 -8.11931551e-01 1.07690549e+00
    -3.18070590e-01 -1.12890160e+00 2.37903523e+00 -2.44353700e+00
    2.17897820e+00 -1.48936093e+00 4.22964633e-01 6.06019735e-01
    -9.70555186e-01 8.08480978e-01 -9.77190733e-02 -7.34351456e-01
    7.34980762e-01 -6.94871783e-01 5.12949526e-01 -1.04233496e-01
    -2.56638885e-01 4.10789460e-01 -3.49042982e-01 1.03359148e-01
    1.16433203e-01 -2.80266907e-02 7.60430917e-02 -1.24545127e-01
    2.13654377e-02</data></vocabulary>
</opencv_storage>
