<?xml version="1.0"?>
<opencv_storage>
<vocabulary type_id="opencv-matrix">
  <rows>81</rows>
  <cols>1</cols>
  <dt>f</dt>
  <data>
    2.40378842e-01 -1.08786273e+00 3.09883028e-01 1.64848936e+00
    -3.14998460e+00 2.42462492e+00 2.06865883e+00 -6.36971378e+00
    4.17242384e+00 -2.07710072e-01 -1.34835625e+00 -7.01601982e+00
    1.31943235e+01 -8.96793365e+00 4.39600420e+00 2.23279977e+00
    -2.98414373e+00 1.05438530e+00 1.08573151e+00 -3.50294614e+00
    1.22044773e+01 -1.01765375e+01 1.99542534e+00 -6.19559860e+00
    2.71152759e+00 1.85768712e+00 -1.24706280e+00 3.39115977e+00
    -2.69221163e+00 -2.47519445e+00 -7.54489088e+00 1.61835518e+01
    -9.45212936e+00 1.61662445e+01 -1.13306723e+01 2.66208029e+00
    -7.95120096e+00 7.75912523e+00 2.49335027e+00 -6.49952590e-01
    1.78635955e+00 -1.47043686e+01 5.80847788e+00 -8.09879112e+00
    -1.07966363e+00 8.47688389e+00 1.63832411e-01 -1.50569029e+01
    1.23833637e+01 -5.92399549e+00 1.50661917e+01 -1.13677301e+01
    1.20219965e+01 -2.01911664e+00 -3.36226296e+00 -7.18358564e+00
    2.00608673e+01 -9.23060894e+00 -5.44104624e+00 7.07980275e-01
    2.45597243e+00 -3.05534172e+00 1.15025244e+01 1.58266222e+00
    1.99098277e+00 -6.27149391e+00 1.36491275e+00 9.10309792e-01
    7.03494740e+00 -7.15057039e+00 4.46926403e+00 -1.34562740e+01
    1.68999767e+00 -6.36310625e+00 4.76037216e+00 -4.67058229e+00
    1.05554104e+01 -1.37591982e+01 7.12928867e+00 -2.64765954e+00
    4.04232264e+00</data></vocabulary>
</opencv_storage>
