<?xml version="1.0"?>
<opencv_storage>
<vocabulary type_id="opencv-matrix">
  <rows>81</rows>
  <cols>1</cols>
  <dt>f</dt>
  <data>
    1.54183134e-02 -2.19097078e-01 7.06956387e-01 -1.09170365e+00
    1.07108426e+00 -6.27198577e-01 1.00615747e-01 1.09444320e-01
    -2.32483121e-03 5.83810061e-02 2.16776699e-01 -8.80455911e-01
    1.41135204e+00 -1.43895876e+00 8.64081621e-01 1.80816904e-01
    -5.31689167e-01 8.27970728e-02 -6.64463416e-02 1.23503558e-01
    -2.34766483e-01 3.49838324e-02 -4.97745305e-01 6.45625174e-01
    -1.40017796e+00 1.33523893e+00 -3.47032815e-01 -5.21718321e-05
    -2.18007833e-01 6.64173782e-01 -5.59478521e-01 1.69639170e+00
    -1.80275154e+00 2.17546058e+00 -1.81856692e+00 5.23975194e-01
    5.32592684e-02 -1.04258105e-03 -4.66097087e-01 9.57426578e-02
    7.40743756e-01 5.34981310e-01 -1.38456333e+00 1.32593572e+00
    -3.66310865e-01 -3.70937400e-02 1.86082587e-01 -3.97188887e-02
    4.34264958e-01 -6.01048172e-01 7.69869804e-01 1.01982042e-01
    -4.81329829e-01 1.20608732e-01 -2.09695213e-02 7.00073037e-03
    -1.36449903e-01 2.21409854e-02 -3.63192409e-01 4.97717917e-01
    -6.81552589e-01 4.24218595e-01 -5.72065525e-02 7.20464289e-02
    -1.88425735e-01 3.46211404e-01 -5.55374265e-01 1.05436778e+00
    -1.34513235e+00 1.15298820e+00 -6.26904249e-01 1.17109954e-01
    -3.75994779e-02 6.52924925e-02 -8.40891600e-02 1.78792417e-01
    -4.01196271e-01 5.70919871e-01 -5.33290684e-01 3.30194712e-01
    -7.45680109e-02</data></vocabulary>
</opencv_storage>
