<?xml version="1.0"?>
<opencv_storage>
<vocabulary type_id="opencv-matrix">
  <rows>81</rows>
  <cols>1</cols>
  <dt>f</dt>
  <data>
    9.48755980e-01 -8.46637726e-01 -1.05433607e+00 -3.76094043e-01
    -4.17971522e-01 -5.47168672e-01 1.22281229e+00 -7.39910781e-01
    1.07293248e+00 9.01666060e-02 -1.40476131e+00 3.55104136e+00
    8.21439862e-01 8.43264222e-01 9.32771564e-01 -1.27469087e+00
    -1.65786076e+00 -5.80128968e-01 -6.30124390e-01 -1.30330825e+00
    -5.64802051e-01 -4.85118121e-01 3.01125717e+00 -1.32855487e+00
    -3.88036698e-01 2.17234462e-01 1.27342093e+00 -2.08069906e-01
    -3.43562067e-01 1.44807625e+00 -1.31534362e+00 -4.31019127e-01
    -8.77530456e-01 -1.50151527e+00 -1.37167603e-01 1.90458286e+00
    1.19665027e+00 1.25024366e+00 6.68028533e-01 1.53329766e+00
    -1.35977253e-01 -3.07050020e-01 2.23543596e+00 -6.70120478e-01
    -7.86027074e-01 -7.77028352e-02 9.72092822e-02 -1.87301695e-01
    7.31406927e-01 -1.92763829e+00 1.35002406e-02 2.87726015e-01
    1.32835734e+00 -3.65739048e-01 1.37881100e-01 -1.94065869e+00
    9.79164302e-01 1.61025524e+00 -1.47040999e+00 2.71811199e+00
    -7.92207539e-01 -1.26701140e+00 -1.30374002e+00 -1.50846934e+00
    -1.04502654e+00 -1.18959278e-01 -2.65724480e-01 -6.08828425e-01
    2.11774826e-01 2.44736373e-01 8.33961666e-01 4.01488572e-01
    4.35415357e-01 -1.96099818e-01 1.33071947e+00 -5.02825417e-02
    1.75251681e-02 -1.20045865e+00 9.19437051e-01 -4.85791951e-01
    -4.08807397e-01</data></vocabulary>
</opencv_storage>
