<?xml version="1.0"?>
<opencv_storage>
<vocabulary type_id="opencv-matrix">
  <rows>81</rows>
  <cols>1</cols>
  <dt>f</dt>
  <data>
    -1.66164972e-02 -1.53875381e-01 4.37424302e-01 -2.24576101e-01
    -2.23735377e-01 2.90684372e-01 -6.27111718e-02 -6.05864152e-02
    2.01867819e-02 3.53412986e-01 -8.73821527e-02 -9.42185044e-01
    4.69879597e-01 1.21195483e+00 -1.34376264e+00 2.15728670e-01
    1.65252611e-01 8.99984222e-03 -9.18726146e-01 6.54188275e-01
    1.30165708e+00 -8.47715199e-01 -2.13066006e+00 2.39665675e+00
    -4.64549035e-01 -3.72396678e-01 1.27843812e-01 1.51463318e+00
    -1.39904773e+00 -1.33412349e+00 1.47454953e+00 1.64122868e+00
    -2.19144154e+00 1.00180462e-01 9.42815065e-01 -4.69579279e-01
    -1.97795558e+00 2.13824821e+00 8.17231953e-01 -1.66119230e+00
    1.56234041e-01 1.68745863e+00 4.86803174e-01 -1.71099365e+00
    8.13872099e-01 1.83278406e+00 -1.81130600e+00 -1.18408585e+00
    2.39371991e+00 -4.91250366e-01 4.32484806e-01 -2.42930412e+00
    2.92484045e+00 -1.22475266e+00 -1.48387897e+00 1.32871294e+00
    1.27806759e+00 -2.85500383e+00 2.45128107e+00 -2.98232341e+00
    4.36234283e+00 -3.88888502e+00 1.47971952e+00 9.63049471e-01
    -1.04357898e+00 -3.84812772e-01 1.38840044e+00 -1.56114078e+00
    1.91363084e+00 -2.77043462e+00 2.40198493e+00 -8.91028702e-01
    -2.96770662e-01 4.12879497e-01 -1.61766633e-01 4.11553495e-02
    -5.26987426e-02 -1.00624792e-01 4.94330674e-01 -5.06167829e-01
    1.86494246e-01</data></vocabulary>
</opencv_storage>
