<?xml version="1.0"?>
<opencv_storage>
<vocabulary type_id="opencv-matrix">
  <rows>81</rows>
  <cols>1</cols>
  <dt>f</dt>
  <data>
    1.92704037e-01 -1.08798015e+00 3.31798267e+00 -1.48414826e+00
    -3.49743891e+00 3.43525958e+00 1.88566530e+00 -3.13195348e+00
    9.63656366e-01 1.88601628e-01 -2.84972161e-01 -1.95305324e+00
    -5.05820215e-01 5.90179920e+00 -4.94471979e+00 -1.26632130e+00
    3.08259416e+00 -1.09560943e+00 2.07627863e-01 1.41671228e+00
    -7.82348156e-01 1.38804197e+00 -1.41292465e+00 -2.92023778e+00
    7.37530470e+00 -6.78482485e+00 2.40463781e+00 -1.64476347e+00
    -1.17240942e+00 2.13363194e+00 -2.01054549e+00 2.02985382e+00
    3.16480589e+00 -8.37438679e+00 6.38172245e+00 -2.13464046e+00
    2.53631306e+00 1.15327090e-01 -1.63369745e-01 -4.01950836e-01
    -2.79444814e+00 -5.65849915e-02 6.68894482e+00 -3.96769786e+00
    1.03406346e+00 -2.85439754e+00 -2.13066530e+00 7.35128641e+00
    -6.65806293e+00 6.13141346e+00 -2.88998872e-01 -5.04079008e+00
    2.33115792e+00 -1.82328165e-01 3.54148746e+00 4.38884306e+00
    -1.74217587e+01 1.79741077e+01 -1.10062342e+01 4.25843382e+00
    -2.73986387e+00 3.98962855e+00 -2.16882777e+00 -2.70289350e+00
    -1.92269838e+00 1.06475735e+01 -8.84323025e+00 -2.87435502e-01
    3.60897326e+00 1.09543860e+00 -3.91175103e+00 1.81879282e+00
    8.23922694e-01 -3.71990889e-01 -9.91426528e-01 -1.19198930e+00
    5.74011946e+00 -6.31628942e+00 2.87132454e+00 -5.10539770e-01
    -2.77246349e-03</data></vocabulary>
</opencv_storage>
