<?xml version="1.0"?>
<opencv_storage>
<vocabulary type_id="opencv-matrix">
  <rows>81</rows>
  <cols>1</cols>
  <dt>f</dt>
  <data>
    5.32330155e-01 5.51756799e-01 -1.61882699e+00 2.39676103e-01
    -6.60605356e-02 9.28869750e-03 -2.26224363e-01 -2.26488456e-01
    2.05599219e-01 1.02882326e+00 -4.60528755e+00 3.60912704e+00
    1.87107289e+00 -1.99991941e+00 1.20662344e+00 4.94345486e-01
    1.73824501e+00 -2.11162639e+00 -3.57532352e-01 2.49495411e+00
    -7.19321012e-01 -1.39422345e+00 1.87038708e+00 -1.29657173e+00
    -6.98173881e-01 -2.06546739e-01 1.88732219e+00 -1.95320284e+00
    2.16528559e+00 -3.36218071e+00 -1.68119049e+00 -2.19598864e-04
    1.42635942e+00 -4.17183447e+00 2.28509355e+00 -2.51013875e+00
    1.36805701e+00 1.29260540e+00 -9.38021004e-01 2.92934966e+00
    9.98823866e-02 8.40641558e-01 1.69168019e+00 -1.62895501e+00
    2.29124260e+00 -3.90764785e+00 1.37367606e+00 2.46282086e-01
    1.02846372e+00 -1.07230163e+00 1.02177346e+00 2.62102818e+00
    -4.15959269e-01 7.01498866e-01 1.29788792e+00 -3.89624268e-01
    -2.90698624e+00 -2.38449574e+00 2.84218049e+00 -2.99986601e+00
    -9.80051100e-01 9.65198100e-01 -1.51194775e+00 -5.51475957e-02
    9.08940136e-01 5.00443888e+00 -3.19776058e-01 2.71901011e+00
    -1.23555911e+00 -1.78182673e+00 -4.97220665e-01 1.16138494e+00
    1.55611932e+00 -1.68373263e+00 -1.97199214e+00 -2.40112960e-01
    -2.67480350e+00 2.81577229e+00 1.76554829e-01 -4.47773218e-01
    -3.29397947e-01</data></vocabulary>
</opencv_storage>
