<?xml version="1.0"?>
<opencv_storage>
<vocabulary type_id="opencv-matrix">
  <rows>81</rows>
  <cols>1</cols>
  <dt>f</dt>
  <data>
    -1.26189833e+01 4.45337410e+01 -1.19468559e+02 1.34707764e+02
    -7.52480087e+01 2.40345116e+01 1.26480379e+01 -3.53909445e+00
    -1.90939713e+01 5.67865086e+00 -8.19063854e+00 7.90143967e+01
    -4.61239891e+01 -7.58420639e+01 1.14252373e+02 -1.05496719e+02
    2.14493637e+01 4.45309906e+01 2.83559647e+01 -7.14553604e+01
    -4.91871796e+01 -1.46516657e+01 1.22605682e+02 -1.13923790e+02
    9.29582672e+01 2.56586132e+01 -7.54074936e+01 -2.63987446e+01
    7.06406784e+01 1.21850227e+02 -6.06117287e+01 1.13955927e+01
    1.98121703e+00 -1.00934158e+02 1.80844307e+00 6.23020821e+01
    8.23406982e+01 -1.45345917e+02 -7.10508194e+01 1.89078407e+01
    -4.01819344e+01 3.24848061e+01 7.12185364e+01 3.22881241e+01
    -6.01734962e+01 -1.47226837e+02 2.53164261e+02 -1.17377996e+01
    1.84560223e+01 8.78251038e+01 -4.06546707e+01 -8.07041245e+01
    -1.51280527e+01 3.33256302e+01 1.16433891e+02 -2.13722656e+02
    5.72318363e+00 -1.22154694e+01 -1.29750702e+02 8.09652100e+01
    3.77279320e+01 3.13584747e+01 -3.25999870e+01 -3.99519043e+01
    1.00010757e+02 -4.92403450e+01 1.25500648e+02 -2.04416161e+01
    4.92590637e+01 -6.80476608e+01 -1.99203720e+01 2.36576366e+01
    -5.16853593e-02 2.18326626e+01 -7.43819656e+01 4.20612717e+01
    -6.09002800e+01 1.59333782e+01 -3.99102592e+00 3.60965538e+01
    -2.13205833e+01</data></vocabulary>
</opencv_storage>
