<?xml version="1.0"?>
<opencv_storage>
<vocabulary type_id="opencv-matrix">
  <rows>81</rows>
  <cols>1</cols>
  <dt>f</dt>
  <data>
    -1.50783002e+00 4.33634901e+00 -7.53028488e+00 1.02478247e+01
    -1.13234034e+01 1.07005367e+01 -4.77775955e+00 -2.72743678e+00
    3.00148654e+00 2.84913611e+00 -8.59495163e+00 1.48740292e+01
    -1.98522739e+01 2.18682175e+01 -2.03260441e+01 7.20663214e+00
    9.15417099e+00 -8.23905373e+00 -2.94250679e+00 9.63490486e+00
    -1.62423782e+01 2.08076878e+01 -2.37949524e+01 2.16196327e+01
    -3.78139019e+00 -1.80803871e+01 1.38881941e+01 3.14361286e+00
    -1.07008705e+01 1.68440628e+01 -1.99939575e+01 2.22994308e+01
    -1.79667187e+01 -3.48523164e+00 2.82883186e+01 -1.95951767e+01
    1.82611421e-01 1.96382189e+00 -3.19544005e+00 2.04180646e+00
    -4.00621265e-01 -3.95616126e+00 2.15138130e+01 -3.94741974e+01
    2.39777298e+01 -5.27953720e+00 1.16197186e+01 -1.70762901e+01
    2.29813232e+01 -2.58580475e+01 3.11819267e+01 -4.13426971e+01
    4.84796867e+01 -2.65503826e+01 5.74289322e+00 -1.31484270e+01
    1.81211720e+01 -2.20761185e+01 2.41365929e+01 -2.83110905e+01
    3.49636497e+01 -3.89504700e+01 2.09739552e+01 -2.74595761e+00
    5.83267260e+00 -6.41572046e+00 5.42763948e+00 -5.44969797e+00
    8.16173363e+00 -1.37840014e+01 1.89940071e+01 -1.08645840e+01
    6.37183607e-01 -1.10295737e+00 3.11539084e-01 1.32497096e+00
    -1.63678968e+00 2.66129911e-01 2.71644902e+00 -5.88466787e+00
    3.65064359e+00</data></vocabulary>
</opencv_storage>
