<?xml version="1.0"?>
<opencv_storage>
<vocabulary type_id="opencv-matrix">
  <rows>81</rows>
  <cols>1</cols>
  <dt>f</dt>
  <data>
    2.04614531e-02 3.82300094e-02 -1.06187731e-01 1.05005518e-01
    -8.67302790e-02 -1.91776436e-02 3.75564061e-02 -2.86241453e-02
    1.37899714e-02 -1.89633191e-01 4.70394455e-02 2.00124338e-01
    -1.26443490e-01 -5.98592348e-02 4.27222043e-01 -7.00072110e-01
    5.48336029e-01 -1.17850810e-01 3.81869465e-01 -9.39331949e-02
    -3.42116266e-01 1.18950054e-01 2.91887701e-01 -1.12447143e+00
    1.66134274e+00 -1.43117273e+00 4.10387993e-01 -4.82565016e-01
    1.87138453e-01 3.04945707e-01 2.89327592e-01 -1.07572019e+00
    1.73485839e+00 -1.96334469e+00 1.70516860e+00 -5.71196258e-01
    5.10896742e-01 -2.02820212e-01 -4.73908514e-01 -3.33743572e-01
    2.28644323e+00 -1.18296170e+00 1.23803711e+00 -1.32716477e+00
    4.75122392e-01 -4.60971653e-01 6.71497583e-01 -6.85845137e-01
    1.03439224e+00 -8.50137353e-01 6.03583276e-01 -6.16095722e-01
    7.22044528e-01 -2.64129698e-01 2.96786904e-01 -9.55074489e-01
    1.48095977e+00 -1.42444122e+00 7.03986704e-01 -3.09259892e-01
    2.14340195e-01 -2.34898448e-01 6.78180531e-02 -8.52799341e-02
    5.47975361e-01 -9.67165589e-01 8.67109358e-01 -5.00782669e-01
    2.02892631e-01 -2.36558169e-01 1.81911439e-01 -4.39300239e-02
    4.07147408e-02 -2.19001114e-01 3.29329312e-01 -3.04030925e-01
    3.04526269e-01 -2.59877384e-01 2.68139452e-01 -1.63586661e-01
    4.89944406e-02</data></vocabulary>
</opencv_storage>
