<?xml version="1.0"?>
<opencv_storage>
<vocabulary type_id="opencv-matrix">
  <rows>81</rows>
  <cols>1</cols>
  <dt>f</dt>
  <data>
    -1.84134871e-01 -2.11441353e-01 1.45217001e+00 -2.97271252e+00
    4.30857849e+00 -3.97491336e+00 2.62111735e+00 -1.16635263e+00
    1.99977010e-01 5.53638458e-01 1.23241663e-01 -2.74090648e+00
    5.81201744e+00 -8.42041016e+00 7.57906723e+00 -4.53897953e+00
    1.66349995e+00 -9.70270187e-02 -1.40434504e+00 1.96712422e+00
    3.16515961e-03 -4.08431768e+00 8.42201424e+00 -8.15974617e+00
    4.06839132e+00 -8.97201061e-01 -3.54105264e-01 2.27368450e+00
    -4.39986086e+00 3.69927025e+00 1.19072950e+00 -7.49877119e+00
    8.20080090e+00 -3.65258837e+00 3.23399872e-01 6.79689407e-01
    -2.34094000e+00 5.34372091e+00 -5.93095827e+00 1.00388372e+00
    6.81909227e+00 -6.84353828e+00 3.47051263e+00 -6.11434698e-01
    -5.60625553e-01 2.08289194e+00 -5.53162146e+00 7.00750542e+00
    -2.93896604e+00 -2.86356068e+00 4.82857084e+00 -3.32737517e+00
    9.62514818e-01 3.33170384e-01 -1.63889599e+00 4.31445074e+00
    -5.57620430e+00 2.75319695e+00 1.60615242e+00 -3.65518951e+00
    3.40209842e+00 -1.59528446e+00 6.99944571e-02 1.04947662e+00
    -2.40537691e+00 2.80883074e+00 -1.10449088e+00 -1.68536389e+00
    3.14161992e+00 -3.56646824e+00 2.28092360e+00 -5.09236395e-01
    -4.24332231e-01 9.22259152e-01 -9.96104479e-01 2.94494212e-01
    8.68428946e-01 -1.57124484e+00 1.88239777e+00 -1.27504528e+00
    3.22155476e-01</data></vocabulary>
</opencv_storage>
