<?xml version="1.0"?>
<opencv_storage>
<vocabulary type_id="opencv-matrix">
  <rows>81</rows>
  <cols>1</cols>
  <dt>f</dt>
  <data>
    -4.20056134e-02 2.39207879e-01 -5.66143870e-01 6.74911380e-01
    -5.72039247e-01 5.22404730e-01 -3.88662875e-01 1.58006072e-01
    9.64698731e-04 -1.05774596e-01 -1.89267900e-02 3.10143322e-01
    -2.08679274e-01 -1.30929306e-01 3.05982500e-01 -3.56662095e-01
    3.77928823e-01 -1.50310159e-01 4.85275418e-01 -6.87620342e-01
    7.85165071e-01 -1.40867496e+00 1.82679248e+00 -1.95817173e+00
    1.48863614e+00 -1.07382107e+00 2.72704214e-01 -5.87025583e-01
    6.62570477e-01 -5.70416272e-01 1.37554204e+00 -2.07640576e+00
    2.09107041e+00 -1.02487481e+00 3.45404506e-01 1.33059368e-01
    5.13995051e-01 -3.52926075e-01 -2.20597297e-01 -5.23768961e-01
    2.22439504e+00 -5.47916114e-01 -6.44936085e-01 1.05723941e+00
    -6.98285937e-01 -3.52426261e-01 -3.34584899e-02 7.72319436e-01
    -6.64092004e-01 8.71027946e-01 -1.30451965e+00 1.93668735e+00
    -1.93868935e+00 9.63380873e-01 9.51244459e-02 7.66567290e-01
    -1.94854116e+00 2.26878595e+00 -2.42604828e+00 2.38283324e+00
    -2.58980274e+00 2.20683670e+00 -9.72616076e-01 4.02577855e-02
    -7.25689173e-01 1.47927821e+00 -1.63667595e+00 1.56366122e+00
    -1.49848974e+00 1.53506684e+00 -1.29762220e+00 5.67275286e-01
    7.12368172e-03 1.45492673e-01 -3.20859551e-01 3.26764852e-01
    -2.12384239e-01 1.28012627e-01 -1.70164526e-01 2.24892706e-01
    -1.24409862e-01</data></vocabulary>
</opencv_storage>
