<?xml version="1.0"?>
<opencv_storage>
<vocabulary type_id="opencv-matrix">
  <rows>81</rows>
  <cols>1</cols>
  <dt>f</dt>
  <data>
    2.58448839e+00 1.43460584e+00 -3.50626230e+00 7.26480961e-01
    1.80205517e-02 1.29074681e+00 1.11990845e+00 1.81902683e+00
    1.15636218e+00 -3.15847778e+00 2.41813302e+00 -2.24830255e-01
    -4.98721898e-01 -1.56994128e+00 -2.67298031e+00 -5.98820329e-01
    -2.75658774e+00 -1.09180081e+00 1.82884932e-01 -3.10311866e+00
    2.80820346e+00 2.13549399e+00 -1.04265404e+00 1.99552190e+00
    4.24912393e-01 9.99901235e-01 -2.44846836e-01 -1.02864218e+00
    -2.06075001e+00 2.17368677e-01 1.59844542e+00 -3.99017125e-01
    1.72785902e+00 -2.51593184e+00 -8.15744281e-01 8.98728907e-01
    1.80941308e+00 2.54591084e+00 -4.35838556e+00 4.85378116e-01
    1.53405797e+00 1.69726956e+00 -3.00811768e-01 2.68551469e+00
    -1.36132538e+00 7.77074695e-01 1.26623881e+00 -1.27636313e+00
    1.43355536e+00 -2.74333429e+00 -7.66007125e-01 -4.67821777e-01
    -3.16729210e-02 6.83233678e-01 1.35934949e+00 2.70795345e+00
    -6.58080816e+00 2.02248526e+00 -4.61301487e-03 -9.21024323e-01
    1.87277293e+00 -3.05899501e+00 -1.04136109e+00 -2.01012921e+00
    -3.16133809e+00 2.55188036e+00 2.13066602e+00 1.69933498e+00
    -5.25972247e-01 5.44738591e-01 1.50285983e+00 1.62537122e+00
    5.20192564e-01 6.42813325e-01 1.51395762e+00 -1.69989014e+00
    -2.56538105e+00 2.42519498e+00 -1.51790655e+00 -9.50651884e-01
    3.61473784e-02</data></vocabulary>
</opencv_storage>
