<?xml version="1.0"?>
<opencv_storage>
<vocabulary type_id="opencv-matrix">
  <rows>81</rows>
  <cols>1</cols>
  <dt>f</dt>
  <data>
    -4.48775887e-01 1.22610879e+00 1.51212502e+00 -5.10970545e+00
    4.13313627e+00 2.25378975e-01 -3.89777184e+00 5.29125595e+00
    -2.45165277e+00 1.44575012e+00 -3.88616180e+00 9.14821863e-01
    2.68712115e+00 9.91654456e-01 -9.87833691e+00 1.45656242e+01
    -1.15442152e+01 3.85390925e+00 -2.42213511e+00 4.97676134e+00
    -5.61644697e+00 8.93586731e+00 -1.19950104e+01 1.45691195e+01
    -1.52093315e+01 7.63537645e+00 3.62484567e-02 -7.77797103e-02
    3.34345150e+00 -1.73482263e+00 -8.28958702e+00 1.07779398e+01
    -8.43577766e+00 7.81040955e+00 -2.45036390e-02 -4.41139936e+00
    3.89550471e+00 -1.43343201e+01 1.61952515e+01 -6.54151058e+00
    5.33402860e-01 3.65557742e+00 -3.26628780e+00 -5.13853931e+00
    6.49378681e+00 -5.40951538e+00 1.85443153e+01 -2.09292259e+01
    1.11709909e+01 -1.57603455e+00 -3.61940670e+00 1.76242042e+00
    7.49929047e+00 -7.24018288e+00 2.26433992e+00 -9.57812691e+00
    7.88311577e+00 2.80385876e+00 -9.32107639e+00 1.03586121e+01
    -5.97581339e+00 -4.37795687e+00 5.56504631e+00 1.02300279e-01
    2.20728230e+00 2.64218688e+00 -1.36513662e+01 1.59876804e+01
    -1.12762938e+01 5.34353971e+00 2.71474314e+00 -3.76014376e+00
    1.60425127e-01 -1.61842382e+00 -7.64387548e-02 4.91957331e+00
    -5.82967520e+00 3.31749439e+00 -9.99977350e-01 -1.60703337e+00
    1.60672033e+00</data></vocabulary>
</opencv_storage>
