<?xml version="1.0"?>
<opencv_storage>
<vocabulary type_id="opencv-matrix">
  <rows>81</rows>
  <cols>1</cols>
  <dt>f</dt>
  <data>
    2.38402873e-01 -3.27267140e-01 2.07961068e-01 2.46061720e-02
    -3.25073838e-01 6.52160525e-01 -3.82451028e-01 1.13055697e-02
    1.03668869e-01 -4.12627518e-01 4.62745368e-01 -3.39621127e-01
    -1.86177231e-02 6.76252186e-01 -1.26065731e+00 7.00714052e-01
    7.19535500e-02 -2.63637722e-01 7.50359535e-01 -1.20101380e+00
    5.44569433e-01 3.34547251e-01 -1.41567075e+00 1.50822997e+00
    -8.31364274e-01 -3.57619748e-02 2.43166089e-01 -8.73100758e-01
    1.70489478e+00 -1.14130843e+00 3.73329401e-01 1.20837033e+00
    -1.29001474e+00 6.62630200e-01 1.08188845e-01 -2.43312120e-01
    5.00617027e-01 -1.10336363e+00 4.40829396e-01 3.09747517e-01
    1.05008438e-01 6.23457789e-01 -2.19781354e-01 -3.03443611e-01
    3.05369854e-01 -1.37407035e-01 4.94351953e-01 -4.12788987e-02
    -6.92497909e-01 1.01221883e+00 -3.31412137e-01 -1.36123881e-01
    5.01997054e-01 -3.81080180e-01 9.19868946e-02 -4.20509577e-01
    3.22688609e-01 2.75531262e-02 -4.65494037e-01 2.95853257e-01
    1.29726112e-01 -5.15966415e-01 3.66813689e-01 -2.44504124e-01
    6.92613840e-01 -8.04345727e-01 7.39314079e-01 -6.53861642e-01
    5.21173775e-01 -5.02782702e-01 4.70795512e-01 -2.72324443e-01
    1.72186181e-01 -4.43768859e-01 5.76769054e-01 -6.11184895e-01
    5.31948745e-01 -3.67860049e-01 3.18568558e-01 -2.80355275e-01
    1.51223049e-01</data></vocabulary>
</opencv_storage>
