<?xml version="1.0"?>
<opencv_storage>
<vocabulary type_id="opencv-matrix">
  <rows>81</rows>
  <cols>1</cols>
  <dt>f</dt>
  <data>
    2.10234046e-01 -4.35937822e-01 1.80116534e-01 -4.06918555e-01
    1.05463767e+00 -1.12980604e+00 9.26875710e-01 -7.67667174e-01
    3.20482522e-01 -7.14013517e-01 1.38177598e+00 -6.65185869e-01
    1.30291462e+00 -3.05885863e+00 3.43450737e+00 -3.06378269e+00
    2.43636107e+00 -9.39359844e-01 1.34125471e+00 -2.02205324e+00
    3.28434885e-01 -6.96217716e-01 2.57385135e+00 -2.82930684e+00
    1.83295989e+00 -1.74612701e+00 8.79711807e-01 -1.73675346e+00
    1.94459403e+00 1.12991798e+00 -1.34788525e+00 -3.89971524e-01
    1.33486018e-01 1.68233895e+00 -6.90202951e-01 -2.37274855e-01
    1.69886744e+00 -1.40100074e+00 -2.62803078e+00 3.24906206e+00
    -5.69003105e-01 2.81734133e+00 -5.38429785e+00 3.36970234e+00
    -5.85632503e-01 -1.52357543e+00 1.08997977e+00 2.75564504e+00
    -3.83239245e+00 3.20574284e+00 -4.88061857e+00 7.83705473e+00
    -5.41645765e+00 1.31121683e+00 1.15038002e+00 -1.20800662e+00
    -1.00788558e+00 1.52990174e+00 -1.26287055e+00 3.07642841e+00
    -5.88678503e+00 4.24857521e+00 -1.13027251e+00 -6.74470723e-01
    1.28064060e+00 -9.54909682e-01 1.18894672e+00 -1.59643698e+00
    1.61307409e-01 2.04845142e+00 -1.65662324e+00 4.55052108e-01
    3.14650536e-01 -7.73769438e-01 9.25101638e-01 -1.16989219e+00
    1.42386842e+00 -7.78629243e-01 -2.94876307e-01 3.58555317e-01
    -9.73739326e-02</data></vocabulary>
</opencv_storage>
