<?xml version="1.0"?>
<opencv_storage>
<vocabulary type_id="opencv-matrix">
  <rows>81</rows>
  <cols>1</cols>
  <dt>f</dt>
  <data>
    -9.88640562e-02 1.27592817e-01 -1.01496309e-01 4.80005324e-01
    -5.28696537e-01 1.82669908e-01 -3.09982777e-01 7.81869113e-01
    -4.98973489e-01 2.98969626e-01 -3.99251133e-01 2.71216899e-01
    -9.15409446e-01 6.44802034e-01 5.86404622e-01 -1.62904188e-01
    -1.39191890e+00 1.04781091e+00 -1.02695155e+00 2.20539212e+00
    -2.41755366e+00 2.61312819e+00 -1.61022675e+00 -1.31907928e+00
    1.16714382e+00 1.27468514e+00 -1.22661948e+00 1.84396362e+00
    -4.22550011e+00 4.53994036e+00 -3.80062556e+00 1.75226915e+00
    2.62050200e+00 -2.61954999e+00 -6.79483116e-01 1.14291620e+00
    -1.50030243e+00 3.39799714e+00 -3.47048354e+00 2.35864687e+00
    1.68822014e+00 -5.04958630e+00 4.12213993e+00 -2.05860689e-01
    -7.45410383e-01 5.87522924e-01 -1.12404788e+00 1.53690053e-03
    1.73391366e+00 -4.46462536e+00 7.86864233e+00 -5.64437675e+00
    1.11145818e+00 2.77852833e-01 7.41571859e-02 -4.23694283e-01
    1.81868851e+00 -3.43715763e+00 4.88959312e+00 -6.34521818e+00
    4.26316357e+00 -8.20436358e-01 -2.35106722e-01 -2.97640592e-01
    8.73422086e-01 -1.86709845e+00 2.87667990e+00 -3.30829597e+00
    3.27495909e+00 -1.93633664e+00 9.36855152e-02 3.08844179e-01
    1.64117888e-01 -4.56017941e-01 8.32017362e-01 -1.19357598e+00
    1.29059803e+00 -1.12147570e+00 5.69977403e-01 7.05936328e-02
    -1.49665475e-01</data></vocabulary>
</opencv_storage>
