<?xml version="1.0"?>
<opencv_storage>
<vocabulary type_id="opencv-matrix">
  <rows>81</rows>
  <cols>1</cols>
  <dt>f</dt>
  <data>
    -4.12659459e-02 2.03153968e+00 -5.06299543e+00 6.22063541e+00
    -5.70874262e+00 4.73729658e+00 -4.35412693e+00 3.11227608e+00
    -9.05622959e-01 -9.59976614e-01 -1.32934928e-01 2.76186776e+00
    -1.79477549e+00 -9.88210857e-01 2.58296937e-01 3.38042593e+00
    -4.36627960e+00 1.63273287e+00 2.04026222e+00 -1.99829042e+00
    -7.33323395e-01 -8.59851718e-01 3.57467890e+00 -2.13577509e+00
    -2.23972464e+00 4.73267269e+00 -2.19555378e+00 -2.84540415e+00
    2.64696598e+00 2.20181394e+00 -3.17222738e+00 2.14652872e+00
    -1.50348830e+00 2.99590850e+00 -5.14023209e+00 2.54675531e+00
    4.12084913e+00 -5.44226837e+00 5.87120235e-01 1.83892572e+00
    -2.63065636e-01 -1.70502484e+00 2.29399848e+00 1.32655263e+00
    -1.73631418e+00 -3.79094815e+00 5.74568987e+00 -2.38764501e+00
    -1.95401274e-02 -2.61393040e-01 4.27682352e+00 -4.83132696e+00
    3.65987629e-01 1.42680013e+00 1.98420525e+00 -3.16169596e+00
    1.33795559e+00 2.18232244e-01 1.12456322e-01 -3.12871957e+00
    2.67835474e+00 6.88621998e-01 -1.67174470e+00 -7.71091104e-01
    1.45377791e+00 -9.18060422e-01 4.31336835e-02 -1.98316365e-01
    1.77879882e+00 -1.09297669e+00 -8.26174200e-01 1.29061949e+00
    2.49122009e-01 -5.07025480e-01 4.60698724e-01 -1.51909664e-01
    -1.20987473e-02 -1.83066130e-01 -2.00465262e-01 5.58275342e-01
    -4.57225293e-01</data></vocabulary>
</opencv_storage>
