<?xml version="1.0"?>
<opencv_storage>
<vocabulary type_id="opencv-matrix">
  <rows>81</rows>
  <cols>1</cols>
  <dt>f</dt>
  <data>
    -1.37533531e-01 3.53364825e-01 -4.88373309e-01 3.69228512e-01
    -1.00021563e-01 2.99890161e-01 -2.36293644e-01 7.60057056e-03
    4.09992300e-02 3.12768430e-01 -7.93010235e-01 1.17092216e+00
    -8.76952589e-01 2.93251723e-01 -6.32633269e-01 6.72167063e-01
    -3.43503267e-01 6.01232089e-02 -4.64434922e-01 8.82247388e-01
    -1.13577151e+00 1.03335500e+00 -1.21292937e+00 1.48849785e+00
    -1.44532549e+00 6.88172340e-01 -1.62595704e-01 5.17112553e-01
    -7.13775098e-01 5.00595927e-01 -2.55186260e-01 4.94601756e-01
    -4.43576097e-01 8.84182274e-01 -4.58731949e-01 1.20685749e-01
    -4.76591647e-01 6.81286454e-01 -3.51426035e-01 -5.55321574e-01
    2.09330845e+00 -8.92881989e-01 4.06902283e-02 -8.66742618e-03
    9.45661683e-04 4.82596010e-01 -9.26299691e-01 8.69621336e-01
    -1.40498042e-01 -2.31698766e-01 3.98320287e-01 -1.72082670e-02
    -5.93234301e-02 3.44263762e-02 -3.82170022e-01 9.12626863e-01
    -1.23313642e+00 7.81874776e-01 -2.47331023e-01 -1.73294052e-01
    7.91492388e-02 -1.14864103e-01 5.85174151e-02 2.13963777e-01
    -4.63921994e-01 5.11529803e-01 1.43796265e-01 -8.32608104e-01
    9.96525407e-01 -8.95061374e-01 7.67324328e-01 -3.01554203e-01
    -5.46014681e-02 8.95698220e-02 -9.40294340e-02 -2.08191961e-01
    6.15394533e-01 -7.31044710e-01 6.22833371e-01 -4.89859641e-01
    1.97959080e-01</data></vocabulary>
</opencv_storage>
