<?xml version="1.0"?>
<opencv_storage>
<vocabulary type_id="opencv-matrix">
  <rows>81</rows>
  <cols>1</cols>
  <dt>f</dt>
  <data>
    -5.30110253e-03 2.39242673e-01 -2.49677882e-01 9.86526549e-01
    -1.12996686e+00 2.67296433e-01 1.30857611e+00 -5.29074192e-01
    -3.23392302e-01 -5.38967013e-01 4.27016795e-01 4.73659128e-01
    -9.83992338e-01 -3.75000834e-02 9.85380113e-01 -1.18538129e+00
    -1.29281533e+00 1.58210254e+00 2.70981103e-01 -4.48722661e-01
    -3.23257327e-01 -2.33907938e-01 7.06519127e-01 -7.39078939e-01
    -1.84610635e-01 2.49544191e+00 -1.66232288e+00 1.14538932e+00
    -1.37423646e+00 2.17897916e+00 -2.01762676e+00 1.41363668e+00
    5.27017415e-01 -8.76806557e-01 -5.27959466e-01 2.43973032e-01
    -1.65660036e+00 1.97648764e+00 -2.99261785e+00 2.73108578e+00
    -4.25657123e-01 -1.62877083e+00 2.04689670e+00 -1.35554135e+00
    9.43295002e-01 7.75481835e-02 6.52489841e-01 4.93022203e-01
    -1.64001811e+00 2.30231833e+00 -1.34972095e+00 1.23578608e+00
    2.80864984e-01 -8.51932406e-01 6.79997087e-01 -1.73306298e+00
    6.42280638e-01 1.55715549e+00 -3.10829163e+00 3.97702932e+00
    -3.96648216e+00 9.38045263e-01 5.62315583e-01 -2.77102530e-01
    1.10869980e+00 -7.58996546e-01 -7.41759181e-01 2.37752843e+00
    -4.03615427e+00 3.92019606e+00 -1.48774195e+00 -2.53765043e-02
    1.74273476e-01 -7.54207492e-01 4.88643736e-01 5.52544832e-01
    -1.34670198e+00 1.94908094e+00 -2.08680129e+00 1.38629735e+00
    -4.20529783e-01</data></vocabulary>
</opencv_storage>
