<?xml version="1.0"?>
<opencv_storage>
<vocabulary type_id="opencv-matrix">
  <rows>81</rows>
  <cols>1</cols>
  <dt>f</dt>
  <data>
    -4.08469057e+00 1.05372505e+01 -1.30115013e+01 1.27145634e+01
    -9.60133076e+00 4.60629749e+00 -8.51754487e-01 -9.92838740e-01
    6.14546537e-01 6.21660423e+00 -1.59793768e+01 1.68595524e+01
    -1.26968088e+01 7.83010435e+00 -6.47307336e-01 -5.71886492e+00
    7.79853535e+00 -3.80390453e+00 -6.00845671e+00 1.55498657e+01
    -1.27572536e+01 3.04286647e+00 4.18863869e+00 -1.33602629e+01
    2.00715199e+01 -1.86969299e+01 8.38758850e+00 3.84988737e+00
    -1.06083059e+01 9.05480385e+00 -3.43250442e+00 -1.38768092e-01
    7.21643162e+00 -1.50727768e+01 1.61161480e+01 -7.50170088e+00
    -6.72813654e-02 1.58004844e+00 -3.47431111e+00 7.28451824e+00
    -9.70611477e+00 8.45618057e+00 3.67270947e-01 -6.70080709e+00
    3.80181527e+00 -7.10935068e+00 1.64601059e+01 -1.50433741e+01
    4.63321781e+00 6.76866055e+00 -1.22786436e+01 7.69126034e+00
    -1.30526841e+00 -8.46504420e-03 1.31110916e+01 -3.16171799e+01
    3.17723045e+01 -1.81348534e+01 1.87266541e+00 9.95383358e+00
    -1.04925709e+01 6.40489292e+00 -2.77722216e+00 -9.71971130e+00
    2.34485455e+01 -2.34917030e+01 1.36414452e+01 -2.65116119e+00
    -5.65832615e+00 6.64159584e+00 -4.47904539e+00 2.03062081e+00
    2.77653408e+00 -6.64603138e+00 6.31197834e+00 -3.14930201e+00
    2.38716319e-01 1.72790253e+00 -1.78591526e+00 1.10529506e+00
    -4.73114669e-01</data></vocabulary>
</opencv_storage>
