<?xml version="1.0"?>
<opencv_storage>
<vocabulary type_id="opencv-matrix">
  <rows>81</rows>
  <cols>1</cols>
  <dt>f</dt>
  <data>
    1.47681028e-01 -4.39882189e-01 9.65787947e-01 -1.57529581e+00
    1.63744593e+00 -1.45492482e+00 1.15185368e+00 -7.40971506e-01
    3.06358129e-01 4.15757019e-03 1.27215415e-01 -1.18316829e+00
    2.54879069e+00 -2.86086893e+00 2.40002322e+00 -1.73265719e+00
    1.16974282e+00 -5.22633672e-01 -3.57866943e-01 8.03096771e-01
    4.43299830e-01 -2.49169827e+00 2.72599721e+00 -1.88553035e+00
    1.30879343e+00 -1.14530611e+00 5.96483171e-01 8.99375260e-01
    -2.16176534e+00 9.46183324e-01 1.79499829e+00 -2.32874823e+00
    1.11872971e+00 -6.27373874e-01 8.74813914e-01 -4.92192417e-01
    -1.35446882e+00 3.28583241e+00 -2.60310650e+00 8.57904647e-03
    2.23305964e+00 -7.01657161e-02 -3.82101923e-01 -2.75450021e-01
    2.15618283e-01 1.30751979e+00 -3.18688154e+00 2.61612749e+00
    -4.46021318e-01 -4.72387284e-01 -7.28029832e-02 3.60725045e-01
    2.19076261e-01 -2.34121889e-01 -9.90839779e-01 2.40155411e+00
    -1.96675932e+00 3.47444236e-01 4.18585300e-01 -3.77505243e-01
    2.55050510e-01 -5.33767521e-01 3.81703943e-01 3.46279085e-01
    -8.66397977e-01 3.85760665e-01 7.02850819e-01 -1.31982851e+00
    1.18069279e+00 -8.44663620e-01 5.73356986e-01 -2.87883818e-01
    1.23063698e-01 -2.54440337e-01 5.27326345e-01 -9.04632390e-01
    1.07808459e+00 -9.35440838e-01 6.55536413e-01 -3.27082396e-01
    1.14162341e-01</data></vocabulary>
</opencv_storage>
