<?xml version="1.0"?>
<opencv_storage>
<vocabulary type_id="opencv-matrix">
  <rows>81</rows>
  <cols>1</cols>
  <dt>f</dt>
  <data>
    -5.31203747e+00 1.42507668e+01 -2.20374298e+01 2.72543144e+01
    -2.32917328e+01 1.46994715e+01 -7.33348513e+00 1.96531391e+00
    -5.54158129e-02 1.03164272e+01 -2.73722916e+01 3.53066673e+01
    -3.30413551e+01 1.68655853e+01 3.86329103e+00 -1.14918098e+01
    1.03246861e+01 -5.21889544e+00 -9.31481743e+00 2.43122902e+01
    -2.29725170e+01 5.87330770e+00 1.92912617e+01 -4.39375076e+01
    4.34060593e+01 -2.83745747e+01 1.21447859e+01 8.35500813e+00
    -2.23842030e+01 2.17778683e+01 -5.99213219e+00 -1.60058022e+01
    3.59380417e+01 -3.36855125e+01 2.03442020e+01 -8.23147202e+00
    -6.41754341e+00 1.85559196e+01 -2.21323719e+01 1.42177315e+01
    -3.12418550e-01 -8.97780037e+00 7.26756763e+00 -1.81875670e+00
    -1.46243563e-02 1.74395597e+00 -6.60668612e+00 7.25552607e+00
    -7.49052227e-01 -4.80516100e+00 5.85584784e+00 -1.02106714e+00
    -3.64685822e+00 2.67691088e+00 2.42980886e+00 -4.67053318e+00
    8.56197166e+00 -1.60398827e+01 1.71282597e+01 -1.10462408e+01
    2.69459224e+00 3.21700978e+00 -2.59065866e+00 -2.79265881e+00
    6.24947834e+00 -1.04719448e+01 1.61798725e+01 -1.57008486e+01
    9.17559624e+00 -2.28784561e+00 -2.23487186e+00 1.85297322e+00
    1.19540286e+00 -2.75345731e+00 4.16839743e+00 -5.74086761e+00
    5.20272732e+00 -2.66781712e+00 3.29300702e-01 1.04252291e+00
    -7.37284482e-01</data></vocabulary>
</opencv_storage>
