<?xml version="1.0"?>
<opencv_storage>
<vocabulary type_id="opencv-matrix">
  <rows>81</rows>
  <cols>1</cols>
  <dt>f</dt>
  <data>
    -8.84782746e-02 5.72579056e-02 2.80887764e-02 1.64351732e-01
    -3.60867471e-01 3.30550581e-01 -2.43810296e-01 2.67140977e-02
    1.24503262e-01 1.41754091e-01 -2.15494037e-02 -1.86692119e-01
    -2.26882204e-01 5.63698411e-01 -3.65164399e-01 2.41016269e-01
    9.18621197e-02 -3.00243318e-01 5.29015809e-02 -2.90287167e-01
    4.62366372e-01 8.66840035e-02 -9.03674424e-01 3.75338614e-01
    -3.22222352e-01 -4.27115895e-02 2.96122462e-01 -2.37474859e-01
    6.99575841e-01 -1.11694109e+00 7.61601329e-01 4.72872674e-01
    -1.30856065e-02 1.91241488e-01 9.68074054e-02 -2.95841604e-01
    9.30969883e-03 -3.27079773e-01 7.10478425e-01 -8.61652613e-01
    1.60751283e+00 -8.11329365e-01 3.01421344e-01 -3.52895826e-01
    3.41551781e-01 2.85457283e-01 -2.19741717e-01 -1.94755435e-01
    2.73094654e-01 -2.70981006e-02 4.76862818e-01 -2.25652248e-01
    1.49644107e-01 -1.84414029e-01 -4.26234841e-01 5.58231473e-01
    -4.40690443e-02 -2.33490244e-01 -1.18015848e-01 8.78171772e-02
    -1.76282421e-01 3.37107740e-02 6.99508190e-02 3.94387931e-01
    -4.73531634e-01 -2.12654606e-01 8.43848467e-01 -9.11541343e-01
    5.05338192e-01 -1.41123161e-01 1.82197735e-01 -1.23752162e-01
    -1.44762605e-01 1.89030655e-02 4.89044845e-01 -8.63083243e-01
    9.36270714e-01 -6.54146433e-01 3.36437911e-01 -2.23413602e-01
    8.97146910e-02</data></vocabulary>
</opencv_storage>
