<?xml version="1.0"?>
<opencv_storage>
<vocabulary type_id="opencv-matrix">
  <rows>81</rows>
  <cols>1</cols>
  <dt>f</dt>
  <data>
    1.09342940e-01 -2.98341483e-01 6.65592492e-01 -9.49251175e-01
    1.00750530e+00 -8.47359419e-01 8.02885830e-01 -7.00672567e-01
    2.81924099e-01 -3.41045260e-01 9.28164423e-01 -2.26361561e+00
    3.33557343e+00 -3.17332053e+00 2.34514713e+00 -1.94421566e+00
    1.73197532e+00 -8.11747670e-01 4.37188655e-01 -1.17158139e+00
    3.24841666e+00 -5.58705139e+00 5.25012922e+00 -3.24723125e+00
    2.33795094e+00 -2.45279765e+00 1.32203984e+00 2.99411148e-01
    -9.71768081e-01 -3.35708946e-01 2.83749509e+00 -2.94379163e+00
    9.30413306e-01 -4.21846330e-01 1.73084950e+00 -1.36949086e+00
    -1.13115060e+00 3.48527169e+00 -3.42516613e+00 1.57325065e+00
    2.55159855e-01 1.74177980e+00 -1.46260571e+00 -1.11465704e+00
    1.45099759e+00 3.76847625e-01 -1.61547458e+00 9.88286197e-01
    6.21053696e-01 -4.15125817e-01 -6.12081587e-01 6.89752817e-01
    1.73217714e+00 -1.68554211e+00 1.50305346e-01 1.31189466e-01
    3.90347302e-01 -9.78776038e-01 -1.57831565e-01 1.54189217e+00
    -1.18097425e+00 -1.48405540e+00 1.38659203e+00 9.85433385e-02
    -4.76401567e-01 5.18569052e-01 -7.59846210e-01 1.66337109e+00
    -2.79944897e+00 2.08688140e+00 2.67934538e-02 -3.83472502e-01
    -2.25214332e-01 6.02037489e-01 -9.50456798e-01 1.34518600e+00
    -1.40420902e+00 1.42832315e+00 -1.06282473e+00 4.27346438e-01
    -1.57047883e-01</data></vocabulary>
</opencv_storage>
