<?xml version="1.0"?>
<opencv_storage>
<vocabulary type_id="opencv-matrix">
  <rows>81</rows>
  <cols>1</cols>
  <dt>f</dt>
  <data>
    -1.12580851e-01 3.29094648e-01 -6.57780468e-01 1.21218538e+00
    -1.46899402e+00 1.45036876e+00 -9.35544670e-01 3.75487864e-01
    -7.92651549e-02 -1.18055783e-01 1.90430239e-01 1.20410055e-01
    -7.23340750e-01 7.81623185e-01 -3.35965961e-01 1.20367780e-01
    -8.29722881e-02 -4.78851572e-02 6.82283461e-01 -1.58761656e+00
    1.81151950e+00 -1.98789477e+00 2.24034953e+00 -3.20535326e+00
    2.41251683e+00 -1.05101943e+00 4.46126103e-01 -5.55882633e-01
    1.19463170e+00 -9.91013467e-01 1.01811850e+00 -1.93631530e+00
    3.73760080e+00 -2.97170782e+00 1.24533308e+00 -5.11529446e-01
    5.86757250e-02 2.34581217e-01 -1.78515160e+00 2.74149108e+00
    1.15079343e-01 -1.72347057e+00 1.76734126e+00 -6.49401009e-01
    2.86611348e-01 -1.44368172e-01 -7.70024434e-02 1.60784364e+00
    -2.63696122e+00 1.08621907e+00 1.65191340e+00 -1.88430715e+00
    7.25382149e-01 -2.75201768e-01 5.77596366e-01 -1.00862193e+00
    2.87337929e-01 5.73600344e-02 1.28207552e+00 -3.50067234e+00
    3.22402430e+00 -1.51988494e+00 5.42690337e-01 -6.28785431e-01
    1.30926478e+00 -1.30063975e+00 1.43963492e+00 -2.37886858e+00
    3.49459147e+00 -2.97743273e+00 1.47122824e+00 -5.17975867e-01
    2.92409778e-01 -6.58690751e-01 7.89727449e-01 -9.31343734e-01
    1.19706845e+00 -1.40324926e+00 1.13302255e+00 -5.83298683e-01
    2.04932541e-01</data></vocabulary>
</opencv_storage>
