<?xml version="1.0"?>
<opencv_storage>
<vocabulary type_id="opencv-matrix">
  <rows>81</rows>
  <cols>1</cols>
  <dt>f</dt>
  <data>
    -5.70750856e+00 1.80466557e+01 -1.71319885e+01 1.36351767e+01
    -1.38845291e+01 -4.40497734e-02 6.76069689e+00 -2.00653529e+00
    -9.66973066e-01 5.78237629e+00 -2.03484344e+01 2.50288715e+01
    -5.02271576e+01 7.35484695e+01 -4.62474747e+01 1.91134758e+01
    -6.93287992e+00 3.64086485e+00 2.13521767e+00 -2.98155904e-01
    7.90321922e+00 1.18988333e+01 -4.76730728e+01 2.75914879e+01
    -6.56877804e+00 1.35657797e+01 -1.26439667e+01 -2.24044442e+00
    -1.00296843e+00 -1.71939468e+01 2.09026852e+01 2.09701705e+00
    3.66891556e+01 -4.84551468e+01 -6.49759150e+00 1.99308434e+01
    -1.55137885e+00 1.74634705e+01 -1.42503099e+01 1.92137547e+01
    -2.23865833e+01 -4.96203995e+01 6.94472046e+01 1.64291763e+00
    -2.12863884e+01 -1.84101069e+00 -1.65493164e+01 2.92368374e+01
    -4.79621353e+01 3.60556068e+01 6.01433754e+01 -8.28927155e+01
    2.83581591e+00 2.07605953e+01 6.30759621e+00 -2.77867138e-01
    -1.62680721e+01 4.03334694e+01 -3.25657654e+01 -4.27517700e+01
    5.69133797e+01 6.27811432e+00 -2.17289848e+01 -1.16574783e+01
    2.36781731e+01 -1.04145365e+01 -1.21963997e+01 2.71610641e+01
    -1.43987675e+01 1.16768627e+01 -2.86069279e+01 2.30266037e+01
    1.02266788e+01 -2.49345169e+01 2.01363544e+01 -5.92176723e+00
    -7.97208118e+00 1.34922762e+01 -1.57190132e+01 1.89810314e+01
    -1.24626637e+01</data></vocabulary>
</opencv_storage>
