<?xml version="1.0"?>
<opencv_storage>
<vocabulary type_id="opencv-matrix">
  <rows>81</rows>
  <cols>1</cols>
  <dt>f</dt>
  <data>
    1.44670131e-02 -1.74967051e-02 1.57134607e-02 -2.12505892e-01
    4.88198936e-01 -4.97473985e-01 5.17234921e-01 -3.30510020e-01
    7.12593049e-02 -4.24685106e-02 -1.79814532e-01 6.10694110e-01
    -2.36291677e-01 -4.36563104e-01 6.86751366e-01 -8.34313512e-01
    5.61012089e-01 -1.83917880e-01 1.20108955e-01 3.30841273e-01
    -1.35820568e+00 9.66398716e-01 -2.06115082e-01 -3.41217250e-01
    5.11323094e-01 -3.38349551e-01 1.96404278e-01 -2.50653177e-01
    1.03184834e-01 5.89337766e-01 8.34311694e-02 -5.73797882e-01
    5.77987134e-01 -4.72107410e-01 2.54733235e-01 -1.66993260e-01
    3.70705605e-01 -5.14383733e-01 -9.09054205e-02 -6.76809967e-01
    2.65231037e+00 -1.26415515e+00 6.44066334e-01 -3.47211480e-01
    1.67938173e-01 -4.51370835e-01 8.47508907e-01 -4.12357628e-01
    4.18147415e-01 -7.93619812e-01 1.04289794e+00 -6.41440272e-01
    3.20136994e-01 -1.30976677e-01 4.21848863e-01 -1.04833794e+00
    1.02178204e+00 -6.52701974e-01 3.83501023e-01 -5.47046363e-01
    4.96291757e-01 -3.34762335e-01 8.76462981e-02 -2.74674535e-01
    7.51198053e-01 -8.15731287e-01 6.12066746e-01 -6.23667777e-01
    5.36905050e-01 -4.32576716e-01 2.20490530e-01 6.82927086e-04
    1.22039542e-01 -3.14201891e-01 3.31836939e-01 -2.93120086e-01
    3.64009023e-01 -2.57159472e-01 1.67475551e-01 -6.97239339e-02
    -1.50560047e-02</data></vocabulary>
</opencv_storage>
