<?xml version="1.0"?>
<opencv_storage>
<vocabulary type_id="opencv-matrix">
  <rows>81</rows>
  <cols>1</cols>
  <dt>f</dt>
  <data>
    -1.09129786e+00 2.46691489e+00 -1.08866048e+00 -1.69858992e+00
    1.30734706e+00 8.54686558e-01 -3.03366780e-01 -1.59364128e+00
    1.18392968e+00 3.22251034e+00 -7.45143032e+00 4.72827768e+00
    1.69097352e+00 -8.18506300e-01 -4.02252913e+00 1.94886804e+00
    3.48940206e+00 -2.82673526e+00 -5.12482500e+00 1.22075157e+01
    -1.00058632e+01 2.53860140e+00 -4.58741379e+00 1.06777143e+01
    -5.91530609e+00 -4.02328110e+00 3.86160350e+00 5.85324335e+00
    -1.40553579e+01 1.18153372e+01 -3.59854198e+00 6.92734861e+00
    -1.45019255e+01 8.02771759e+00 5.08893299e+00 -4.93929768e+00
    -4.64157486e+00 1.08219547e+01 -7.35868883e+00 -1.47560418e+00
    1.23821139e-01 8.44098854e+00 -3.46052694e+00 -7.66691017e+00
    5.93666410e+00 3.34962106e+00 -7.46915722e+00 2.81466246e+00
    6.25739670e+00 -5.09276819e+00 -9.41632450e-01 -1.96412635e+00
    9.36523247e+00 -6.18498993e+00 -3.17373395e+00 7.12311697e+00
    -3.61007476e+00 -3.67692447e+00 3.50797391e+00 1.44655898e-01
    2.31732821e+00 -7.66618633e+00 4.90934324e+00 3.02943659e+00
    -6.98881435e+00 5.53328896e+00 -1.11851323e+00 2.38890573e-01
    -1.26991451e+00 -9.26852822e-01 4.46112013e+00 -2.92071247e+00
    -1.53888762e+00 3.63645554e+00 -3.24313998e+00 1.40399706e+00
    -7.49230862e-01 8.23669314e-01 2.32209891e-01 -1.72055519e+00
    1.14299452e+00</data></vocabulary>
</opencv_storage>
