<?xml version="1.0"?>
<opencv_storage>
<vocabulary type_id="opencv-matrix">
  <rows>81</rows>
  <cols>1</cols>
  <dt>f</dt>
  <data>
    -2.03030437e-01 6.43179834e-01 -1.40323222e+00 2.18029237e+00
    -3.00805569e+00 3.33005905e+00 -2.11907578e+00 5.80062270e-01
    -1.35579184e-01 4.84442711e-01 -1.61616540e+00 3.51817846e+00
    -5.42972898e+00 7.29208279e+00 -7.88620996e+00 5.06896925e+00
    -1.60136497e+00 4.53108370e-01 7.00695515e-02 2.70848155e-01
    -1.42897248e+00 2.55859065e+00 -4.94764328e+00 6.06340837e+00
    -3.64718866e+00 8.19870949e-01 -2.76207238e-01 -1.06690419e+00
    2.38698649e+00 -3.14787793e+00 3.92514992e+00 -1.46993554e+00
    -6.55523360e-01 -4.57620323e-02 8.67783725e-01 -1.56841993e-01
    6.76685393e-01 -1.77169263e+00 2.65046740e+00 -3.76104832e+00
    3.52465963e+00 -8.90921116e-01 9.87942874e-01 -1.08251965e+00
    1.79879978e-01 3.91650170e-01 -4.95978743e-01 -9.01285633e-02
    1.01855624e+00 -6.33815169e-01 4.48940456e-01 -7.44832754e-01
    6.34917319e-01 -1.21485917e-02 -1.42628089e-01 -1.56219453e-01
    1.33825850e+00 -2.77405381e+00 2.91313076e+00 -3.02701187e+00
    2.71440220e+00 -1.65229988e+00 4.14406598e-01 -6.34028375e-01
    2.04442310e+00 -4.14246273e+00 6.24152851e+00 -6.84401989e+00
    6.74907970e+00 -5.42488098e+00 3.07965827e+00 -9.81853843e-01
    4.33300555e-01 -1.32450986e+00 2.54973364e+00 -3.73843575e+00
    4.11888218e+00 -4.06673765e+00 3.20847273e+00 -1.77474916e+00
    5.79797506e-01</data></vocabulary>
</opencv_storage>
