<?xml version="1.0"?>
<opencv_storage>
<vocabulary type_id="opencv-matrix">
  <rows>81</rows>
  <cols>1</cols>
  <dt>f</dt>
  <data>
    -3.32688599e+01 1.00876076e+02 -1.69333282e+02 2.33012787e+02
    -2.33539642e+02 1.78355179e+02 -1.11301132e+02 3.41648026e+01
    5.08354247e-01 1.08039913e+01 -5.37681122e+01 1.31341766e+02
    -2.23374313e+02 2.36091080e+02 -1.71442245e+02 1.05523254e+02
    -2.92252617e+01 -4.78471899e+00 8.55620499e+01 -1.98799271e+02
    2.12029663e+02 -1.61139130e+02 1.09018166e+02 -7.71353912e+01
    3.73798294e+01 -1.69962158e+01 8.92784119e+00 -1.14538879e+02
    2.67086304e+02 -3.03187592e+02 2.47796387e+02 -1.74363525e+02
    1.02067360e+02 -2.83785858e+01 -1.65823517e+01 2.16536694e+01
    7.53858948e+01 -1.50496155e+02 1.38806122e+02 -3.67689552e+01
    -3.80629501e+01 9.72798462e+01 -1.31391998e+02 1.19050087e+02
    -7.57693100e+01 -4.06912155e+01 6.54526291e+01 -2.73623943e+01
    -8.58422318e+01 1.56849426e+02 -2.09605408e+02 2.14047470e+02
    -1.59119186e+02 8.93460159e+01 4.13261795e+01 -8.58004456e+01
    6.89584656e+01 1.19601250e+01 -7.79946976e+01 1.49123962e+02
    -1.61830887e+02 1.16137283e+02 -6.12351189e+01 -5.21501846e+01
    1.27731201e+02 -1.44662048e+02 1.03235573e+02 -5.21330528e+01
    -1.82380142e+01 5.09673233e+01 -4.43183365e+01 2.52008648e+01
    2.53129253e+01 -6.43280334e+01 7.62663879e+01 -6.10664215e+01
    4.22619896e+01 -1.70989418e+01 -3.01204119e-02 5.48182297e+00
    -4.21953869e+00</data></vocabulary>
</opencv_storage>
