<?xml version="1.0"?>
<opencv_storage>
<vocabulary type_id="opencv-matrix">
  <rows>81</rows>
  <cols>1</cols>
  <dt>f</dt>
  <data>
    5.50267994e-01 -1.28860474e+00 1.22479439e+00 -1.19608998e+00
    9.20848072e-01 -2.85818219e-01 9.72926170e-02 -6.53592721e-02
    2.23472789e-02 -6.03560805e-01 1.30941701e+00 -1.15246713e+00
    1.12149096e+00 -5.52705884e-01 -4.89979088e-01 5.26744783e-01
    -1.02028057e-01 -4.35588285e-02 7.42727444e-02 1.50301203e-01
    -1.00038064e+00 1.60835660e+00 -2.36375952e+00 2.71688461e+00
    -1.97063601e+00 5.21883011e-01 4.26725633e-02 1.43310517e-01
    -5.71586788e-01 8.42850029e-01 -7.41551101e-01 1.71049702e+00
    -2.44494581e+00 1.67985523e+00 -2.39243004e-02 -3.10210913e-01
    1.72092333e-01 -3.62302691e-01 9.77169037e-01 -2.06727576e+00
    2.66749835e+00 -2.47379243e-01 2.37425953e-01 -1.29785502e+00
    8.57351422e-01 -2.84865201e-01 6.86860383e-01 -1.64775884e+00
    2.86086416e+00 -2.21386218e+00 9.98196363e-01 -8.69695842e-01
    1.52155638e+00 -8.77075136e-01 -6.67524785e-02 1.87685445e-01
    3.49064350e-01 -1.03429234e+00 1.38380915e-01 8.85663688e-01
    -4.19404238e-01 -6.28754735e-01 4.06223655e-01 1.97608531e-01
    -4.43851203e-01 1.90649301e-01 1.26956999e-01 2.35911146e-01
    -8.55782866e-01 4.79904354e-01 2.36722067e-01 -1.74463078e-01
    -1.04142062e-01 2.10307136e-01 -7.34611452e-02 -8.42225552e-02
    -1.88837461e-02 2.25338444e-01 -7.74812326e-02 -1.69172212e-01
    1.12405866e-01</data></vocabulary>
</opencv_storage>
