<?xml version="1.0"?>
<opencv_storage>
<vocabulary type_id="opencv-matrix">
  <rows>81</rows>
  <cols>1</cols>
  <dt>f</dt>
  <data>
    -2.43343282e-02 1.39255926e-01 1.49256617e-01 -3.74945968e-01
    4.77925390e-01 -3.03831816e-01 9.90060046e-02 -3.68080847e-02
    -2.32126396e-02 1.68255404e-01 -5.82687736e-01 1.79466397e-01
    4.35129791e-01 -9.44086969e-01 7.45888114e-01 -2.47138202e-01
    5.36865592e-02 5.27828671e-02 -3.30133438e-01 8.83245528e-01
    -5.78629076e-01 -4.16970938e-01 8.86820614e-01 -7.24858582e-01
    -8.47651884e-02 2.90471494e-01 -1.52557179e-01 4.17025745e-01
    -1.02098072e+00 9.80445683e-01 2.19207108e-01 -6.47434115e-01
    3.37348521e-01 8.35265696e-01 -9.33863640e-01 3.19094658e-01
    -5.18641412e-01 1.12459171e+00 -1.48506069e+00 7.13164210e-01
    1.12600291e+00 7.65591860e-02 -1.38481665e+00 1.12152529e+00
    -2.78934926e-01 5.06437004e-01 -1.02678573e+00 1.29948890e+00
    -1.05948877e+00 6.60431623e-01 -2.45605946e-01 1.19289649e+00
    -9.58151042e-01 2.04881147e-01 -3.12197953e-01 6.97859049e-01
    -8.62056911e-01 8.14254880e-01 -1.00136793e+00 9.28496361e-01
    -1.27665961e+00 8.05307090e-01 -1.71026036e-01 1.27618119e-01
    -3.55030179e-01 4.82174248e-01 -5.14396071e-01 8.85183692e-01
    -1.25168777e+00 1.17358458e+00 -5.75534999e-01 9.19722095e-02
    -3.28599475e-02 1.33092657e-01 -2.06936926e-01 2.66764283e-01
    -5.24172127e-01 7.29263186e-01 -5.68235159e-01 2.19221145e-01
    -1.27594015e-02</data></vocabulary>
</opencv_storage>
