<?xml version="1.0"?>
<opencv_storage>
<vocabulary type_id="opencv-matrix">
  <rows>81</rows>
  <cols>1</cols>
  <dt>f</dt>
  <data>
    -9.58006620e-01 2.49897718e+00 -3.40457439e+00 7.06715441e+00
    -8.46464634e+00 6.72986031e+00 -5.12531471e+00 2.52075958e+00
    -8.50073934e-01 3.32753015e+00 -3.66136694e+00 -3.47217059e+00
    -1.22880995e+00 7.29792023e+00 -4.61704540e+00 4.30221891e+00
    -5.64934111e+00 3.44645739e+00 -6.92189932e+00 3.59396219e+00
    1.60284309e+01 -1.33479595e+01 1.42464742e-01 1.57178271e+00
    -3.94308090e+00 8.82484913e+00 -6.55518961e+00 1.15759659e+01
    -9.75041580e+00 -1.27051277e+01 1.19872198e+01 -4.03308630e-01
    2.52142358e+00 -4.01055384e+00 -3.22648072e+00 5.81440544e+00
    -1.49778643e+01 1.54270306e+01 5.98864889e+00 -8.75468826e+00
    5.01404953e+00 -1.25098467e+01 2.06265793e+01 -1.03156385e+01
    -1.70159447e+00 1.51164007e+01 -1.45047617e+01 -9.29292297e+00
    1.15560188e+01 8.73812318e-01 4.54386091e+00 -1.57675610e+01
    9.13732719e+00 1.37392402e+00 -1.32020712e+01 1.03399925e+01
    1.53212147e+01 -1.42191010e+01 -9.59980583e+00 1.03249836e+01
    2.89068866e+00 -2.30072927e+00 -2.69181943e+00 8.38626289e+00
    -5.72076178e+00 -1.24313812e+01 1.07739372e+01 7.92825603e+00
    -9.65085125e+00 -5.18099964e-01 1.85081208e+00 1.02904844e+00
    -2.44656372e+00 1.52454126e+00 4.23227882e+00 -3.49902201e+00
    -2.75463700e+00 2.53378820e+00 2.30355453e+00 -3.08367038e+00
    8.90706122e-01</data></vocabulary>
</opencv_storage>
