<?xml version="1.0"?>
<opencv_storage>
<vocabulary type_id="opencv-matrix">
  <rows>81</rows>
  <cols>1</cols>
  <dt>f</dt>
  <data>
    1.96052060e-01 -3.91356260e-01 -8.57007578e-02 9.52265203e-01
    -1.74795318e+00 2.57727838e+00 -2.70475388e+00 1.96943283e+00
    -7.75819600e-01 -4.25943643e-01 6.44395769e-01 1.07554591e+00
    -3.46350908e+00 5.66227245e+00 -8.25103951e+00 8.43974400e+00
    -5.93185663e+00 2.26602960e+00 3.88638169e-01 -1.29651979e-01
    -3.23010945e+00 7.00373840e+00 -1.00826378e+01 1.35788879e+01
    -1.34417572e+01 9.14175892e+00 -3.36452174e+00 -7.22680271e-01
    8.85310829e-01 1.86046672e+00 -4.60942745e+00 6.85568428e+00
    -1.03855019e+01 1.08032293e+01 -7.27230501e+00 2.55450416e+00
    1.06291676e+00 -1.79006934e+00 3.72558713e-01 4.74255532e-01
    2.18163982e-01 3.77177525e+00 -5.25790644e+00 3.60951662e+00
    -1.13612688e+00 -4.39911842e-01 5.00227630e-01 -6.58713803e-02
    7.08025694e-01 -1.46307480e+00 9.03580151e-03 1.62921965e+00
    -1.28335416e+00 2.37900451e-01 -2.47560680e-01 9.70386028e-01
    -1.01857531e+00 -2.40847915e-01 1.75820208e+00 -1.90127194e+00
    9.38014209e-01 -5.29654562e-01 4.67558354e-01 1.70945883e-01
    -6.32250071e-01 4.81975824e-01 4.94373113e-01 -1.74373055e+00
    2.02361321e+00 -1.48941553e+00 8.53967011e-01 -4.61834788e-01
    9.54767019e-02 -1.32283464e-01 2.15966508e-01 -5.24334371e-01
    9.41113234e-01 -1.03178370e+00 7.82727838e-01 -3.82636935e-01
    1.45513594e-01</data></vocabulary>
</opencv_storage>
