<?xml version="1.0"?>
<opencv_storage>
<vocabulary type_id="opencv-matrix">
  <rows>81</rows>
  <cols>1</cols>
  <dt>f</dt>
  <data>
    2.89716959e-01 -5.69822967e-01 6.96875751e-01 1.47771195e-01
    -1.55245531e+00 2.53348994e+00 -2.95380211e+00 2.17695880e+00
    -6.72452629e-01 -6.42066479e-01 1.36196887e+00 -1.77321124e+00
    4.19521034e-02 2.97285199e+00 -4.97637367e+00 6.01129055e+00
    -4.52867174e+00 1.44857633e+00 7.83867300e-01 -1.77899778e+00
    2.35391927e+00 -1.01204538e+00 -1.95759737e+00 3.57055473e+00
    -4.92821932e+00 3.69566727e+00 -1.14106596e+00 -9.48697984e-01
    2.24264622e+00 -3.12008238e+00 2.77795696e+00 -7.97303617e-01
    -1.66777819e-01 2.05828643e+00 -1.78187752e+00 4.91676182e-01
    1.01236391e+00 -2.22180343e+00 2.76775336e+00 -2.69893742e+00
    2.44112158e+00 -5.02868354e-01 -1.03119385e+00 9.49748635e-01
    -2.38146752e-01 -8.33155155e-01 1.34589529e+00 -8.09819520e-01
    -2.08816633e-01 1.89729714e+00 -2.10719466e+00 2.16723490e+00
    -1.44407415e+00 3.94331694e-01 3.75931054e-01 -7.00816289e-02
    -1.32377720e+00 2.50551748e+00 -3.50303507e+00 3.08662200e+00
    -2.39948297e+00 1.41213119e+00 -3.98972541e-01 1.09991603e-01
    -8.77874315e-01 2.32926321e+00 -2.98258996e+00 2.90819216e+00
    -2.26348233e+00 1.41958070e+00 -7.18123913e-01 1.97876453e-01
    -1.18150368e-01 5.12385786e-01 -1.18806088e+00 1.44810688e+00
    -1.26741552e+00 8.59949589e-01 -4.26586568e-01 1.72328338e-01
    -3.38627324e-02</data></vocabulary>
</opencv_storage>
