<?xml version="1.0"?>
<opencv_storage>
<vocabulary type_id="opencv-matrix">
  <rows>81</rows>
  <cols>1</cols>
  <dt>f</dt>
  <data>
    3.39877427e-01 -8.71378422e-01 7.70188808e-01 -5.61939776e-01
    1.13620496e+00 -2.01153445e+00 1.26230431e+00 -8.60320628e-02
    -1.11703388e-01 -5.24084985e-01 1.57297075e+00 -9.92277801e-01
    1.09626256e-01 -9.22745347e-01 2.73511815e+00 -1.19889414e+00
    -1.00435042e+00 6.94765508e-01 6.77457631e-01 -1.81731009e+00
    1.35144985e+00 -9.07769650e-02 1.10592961e+00 -3.69402552e+00
    9.10142541e-01 2.62957335e+00 -1.53016770e+00 7.55253732e-02
    3.77405614e-01 -5.67688048e-01 -1.28000879e+00 5.19240685e-02
    3.81531835e+00 -4.22379136e-01 -4.19685984e+00 2.31750011e+00
    -1.12982583e+00 2.28820467e+00 -3.59677148e+00 5.80614567e+00
    -2.72682333e+00 -1.65939438e+00 -1.14270222e+00 5.55468750e+00
    -2.81942892e+00 1.20151031e+00 -3.25283265e+00 5.56381989e+00
    -7.19507504e+00 5.14086103e+00 9.57811773e-01 1.53517079e+00
    -6.06958294e+00 3.02017117e+00 -4.90003526e-01 1.83100855e+00
    -2.64611292e+00 2.41346002e+00 -3.00635815e-01 -4.00934505e+00
    1.48988819e+00 2.90738392e+00 -1.78749609e+00 -7.61842430e-01
    1.60657954e+00 -2.57414484e+00 3.42635012e+00 -5.12302017e+00
    6.99465656e+00 -4.57295132e+00 6.87517226e-01 3.51906538e-01
    4.78702128e-01 -1.27918351e+00 2.25483918e+00 -2.98044729e+00
    3.57581568e+00 -3.78587699e+00 2.62785506e+00 -9.86762345e-01
    1.28692240e-01</data></vocabulary>
</opencv_storage>
