<?xml version="1.0"?>
<opencv_storage>
<vocabulary type_id="opencv-matrix">
  <rows>81</rows>
  <cols>1</cols>
  <dt>f</dt>
  <data>
    5.85373789e-02 1.95265853e+00 -4.48142338e+00 6.62215829e-01
    4.01780844e+00 5.24471331e+00 1.10293090e+00 -1.60371609e+01
    8.83006573e+00 -2.81599522e+00 4.34480381e+00 2.36722589e+00
    -2.86669803e+00 -1.06723337e+01 8.34102154e-01 -3.62315369e+00
    1.07608585e+01 -3.33062649e+00 4.10761309e+00 -2.73486495e+00
    -1.08728135e+00 5.31964493e+00 6.14543962e+00 -2.78636670e+00
    6.13436222e+00 -1.12367239e+01 8.90825081e+00 -1.04906855e+01
    -1.31985974e+00 -1.30604580e-01 -5.87554574e-01 1.50291657e+00
    7.08694315e+00 -9.38935089e+00 4.35019779e+00 -1.70443382e+01
    5.31929016e+00 8.15931976e-01 1.93753707e+00 2.52166271e+00
    -9.02861404e+00 1.89921272e+00 -3.23158765e+00 2.23354454e+01
    3.69349551e+00 5.19933844e+00 3.99714887e-01 1.26929688e+00
    -3.22680569e+00 3.42546272e+00 2.93807769e+00 -7.58484125e+00
    -6.31222391e+00 6.18916178e+00 -6.12271643e+00 -1.69274311e+01
    6.86584568e+00 1.14877701e+01 -3.74368453e+00 -7.93673801e+00
    1.07122393e+01 2.10912752e+00 -1.55606165e+01 1.03908939e+01
    1.37328463e+01 -5.03947163e+00 -1.09890242e+01 -4.08866835e+00
    6.39600945e+00 -9.41102791e+00 3.32280231e+00 2.42466974e+00
    -4.89510965e+00 -2.96354151e+00 -1.69255567e+00 5.42000675e+00
    9.78793800e-01 3.41351461e+00 -2.67701817e+00 3.15318990e+00
    9.69251335e-01</data></vocabulary>
</opencv_storage>
