<?xml version="1.0"?>
<opencv_storage>
<vocabulary type_id="opencv-matrix">
  <rows>81</rows>
  <cols>1</cols>
  <dt>f</dt>
  <data>
    2.93882377e-02 -2.61006236e-01 5.24275720e-01 -4.53208536e-01
    2.63780117e-01 -3.52377295e-01 5.85632920e-01 -4.09306675e-01
    7.93480948e-02 1.36521608e-01 -1.71960413e-01 2.67398626e-01
    -5.37877738e-01 9.93708134e-01 -7.23731339e-01 -2.21350819e-01
    3.13194126e-01 -4.01756689e-02 -3.54689628e-01 8.37268591e-01
    -1.54534054e+00 1.88712800e+00 -2.64335847e+00 2.32496524e+00
    -7.68679142e-01 1.80076435e-01 -9.74856243e-02 3.73094320e-01
    -9.23009574e-01 1.56075513e+00 -1.63353574e+00 2.15656400e+00
    -2.41100454e+00 1.29872119e+00 -6.83745921e-01 3.39096189e-01
    -4.18150038e-01 1.03058743e+00 -1.62142551e+00 1.64377809e+00
    -6.13709748e-01 2.39399529e+00 -1.84276199e+00 1.04259241e+00
    -4.71442938e-01 4.03179973e-01 -5.66642165e-01 5.41009367e-01
    -6.95243657e-01 9.21274245e-01 -1.22695696e+00 1.09202790e+00
    -6.95115507e-01 2.84792989e-01 -3.45817864e-01 1.86252236e-01
    2.01471001e-01 1.00759484e-01 -5.47914445e-01 5.10142386e-01
    -3.47391605e-01 3.04518044e-01 -1.04217596e-01 2.12423205e-01
    -1.61212891e-01 -1.39221018e-02 -2.22183868e-01 3.37095976e-01
    -2.83176571e-01 9.29086208e-02 -1.67615891e-01 6.28115013e-02
    -1.71372329e-03 -1.41470833e-02 -4.44860272e-02 2.01994419e-01
    -2.41006985e-01 2.45077252e-01 -1.99704081e-01 1.77621692e-01
    -5.96595034e-02</data></vocabulary>
</opencv_storage>
