<?xml version="1.0"?>
<opencv_storage>
<vocabulary type_id="opencv-matrix">
  <rows>81</rows>
  <cols>1</cols>
  <dt>f</dt>
  <data>
    -8.35498154e-01 -1.59056509e+00 3.55210876e+00 -2.27746868e+00
    -1.13158906e+00 4.15390110e+00 -3.70908070e+00 3.20841646e+00
    -1.66266048e+00 3.49250793e-01 6.81017828e+00 -1.28824673e+01
    6.11845589e+00 7.65122032e+00 -2.23805790e+01 2.34816895e+01
    -1.69245319e+01 6.30495596e+00 1.32532072e+00 -9.51928329e+00
    1.34206324e+01 5.44911623e+00 -3.38572006e+01 6.10483971e+01
    -6.03600807e+01 4.21557312e+01 -1.37848368e+01 4.42627335e+00
    -4.28662348e+00 -4.08227301e+00 -7.60017920e+00 2.57909260e+01
    -4.87178383e+01 4.44374695e+01 -2.99762058e+01 8.06670284e+00
    -1.56531353e+01 2.77239151e+01 -4.62505674e+00 -1.51705379e+01
    3.66380692e+01 -3.04309330e+01 3.30771103e+01 -2.31905956e+01
    1.00671110e+01 1.64221859e+01 -3.05328236e+01 3.14181238e-01
    2.13470726e+01 -2.99628181e+01 2.80011806e+01 -4.09008827e+01
    3.19053898e+01 -1.37531090e+01 -6.37837267e+00 7.27664614e+00
    2.85580120e+01 -2.24775887e+01 -3.28873825e+01 5.37787399e+01
    -2.56316376e+01 1.05116911e+01 -5.63533604e-01 6.32661998e-01
    2.70711184e+00 -2.93160172e+01 1.28588820e+01 5.34592705e+01
    -7.94035873e+01 5.85593376e+01 -3.66153488e+01 9.82507229e+00
    6.45520270e-01 -1.48215473e+00 9.12819290e+00 -1.22656977e+00
    -2.44753551e+01 3.28919258e+01 -2.51837807e+01 1.61327686e+01
    -3.69309020e+00</data></vocabulary>
</opencv_storage>
