<?xml version="1.0"?>
<opencv_storage>
<vocabulary type_id="opencv-matrix">
  <rows>81</rows>
  <cols>1</cols>
  <dt>f</dt>
  <data>
    -4.46118546e+00 6.36130190e+00 -1.92413557e+00 -3.27761173e+00
    1.48638115e+01 -1.51785564e+01 -2.06628704e+00 1.49577129e+00
    5.78882456e-01 6.17581558e+00 -1.21352158e+01 1.11298485e+01
    4.60956037e-01 -3.70991516e+01 4.07741966e+01 8.15964699e+00
    -3.23321748e+00 -4.48397541e+00 -3.13539445e-01 4.10801268e+00
    -5.36250114e+00 2.18170547e+00 2.57836380e+01 -3.15195122e+01
    -2.52107124e+01 -1.56498826e+00 9.74739742e+00 -9.36394310e+00
    -7.17185354e+00 1.77954521e+01 -3.21757736e+01 3.58907356e+01
    -9.00582886e+00 4.45800591e+01 1.00035725e+01 -1.08884211e+01
    2.39484119e+01 -2.54169971e-01 5.31571627e+00 -1.78213060e+00
    -1.08979588e+01 -4.19015465e+01 -7.38705844e-02 -5.00930099e+01
    2.00901661e+01 -9.34207535e+00 -2.11342602e+01 6.79259109e+00
    -1.30707750e+01 1.87233200e+01 1.73322945e+01 1.85129032e+01
    2.15001659e+01 -1.45222938e+00 -2.42619419e+01 4.87282410e+01
    -1.69096432e+01 2.55053082e+01 9.20123482e+00 -7.21820688e+00
    3.04137783e+01 -2.92616119e+01 -1.38010826e+01 1.75374470e+01
    -2.27946758e+01 -1.23367872e+01 1.81876850e+00 -3.08326225e+01
    1.45967026e+01 -6.41888123e+01 4.04466362e+01 1.33518105e+01
    -4.50349092e-01 1.94244957e+00 4.02748203e+00 9.06517410e+00
    -1.42705727e+01 2.33603420e+01 -8.06084037e-01 3.42636299e+00
    -1.12252293e+01</data></vocabulary>
</opencv_storage>
