<?xml version="1.0"?>
<opencv_storage>
<vocabulary type_id="opencv-matrix">
  <rows>81</rows>
  <cols>1</cols>
  <dt>f</dt>
  <data>
    -1.85716934e+01 2.98657169e+01 -2.13426151e+01 -1.31132579e+00
    1.55461245e+01 -4.86833344e+01 5.04433823e+01 -2.16853504e+01
    1.57512140e+01 3.94606628e+01 -3.11235847e+01 2.91382751e+01
    -2.03175297e+01 -9.66131628e-01 3.36052589e+01 -3.04136219e+01
    -1.93048871e+00 -1.53601255e+01 -1.98672848e+01 -3.72297325e+01
    2.37658672e+01 -4.21902466e+00 2.07373543e+01 -3.07853966e+01
    3.40845375e+01 -9.10270596e+00 1.95522249e+00 -1.15788593e+01
    6.75542221e+01 -7.36007023e+00 -1.94147224e+01 -1.21322756e+01
    7.04219103e+00 3.71497107e+00 3.51996708e+00 1.33134489e+01
    1.09333334e+01 -3.35976639e+01 -1.90742607e+01 6.62429123e+01
    -2.32705631e+01 2.23436623e+01 -4.33292389e+01 -1.16988611e+00
    -8.53232861e+00 -1.20580654e+01 4.11661072e+01 -3.24118767e+01
    -6.16997566e+01 5.82522812e+01 -4.87380409e+01 4.06067657e+01
    -9.45382714e-01 1.50564635e+00 1.26991396e+01 -6.91127300e+00
    3.27765121e+01 -2.13564644e+01 -5.81256294e+00 6.95631256e+01
    -3.33049965e+01 -4.41566429e+01 6.56566467e+01 -3.60172577e+01
    1.28683290e+01 -2.21516914e+01 3.96454315e+01 -4.88248024e+01
    3.84812431e+01 -8.05082245e+01 9.96923828e+01 -8.59304047e+01
    3.40717773e+01 -3.62162514e+01 1.44839048e+01 2.53362370e+00
    2.48224792e+01 -5.42794456e+01 5.93955917e+01 -2.53086643e+01
    1.27777739e+01</data></vocabulary>
</opencv_storage>
