<?xml version="1.0"?>
<opencv_storage>
<vocabulary type_id="opencv-matrix">
  <rows>81</rows>
  <cols>1</cols>
  <dt>f</dt>
  <data>
    6.40314960e+00 -1.89161453e+01 2.39004860e+01 -1.42430124e+01
    -3.05097771e+00 9.14675617e+00 -6.88292742e+00 4.41161489e+00
    -9.01424885e-01 9.88167572e+00 -4.26928329e+01 3.58095665e+01
    1.48208547e+00 -1.21522264e+01 1.13301096e+01 5.79410076e+00
    -1.10495663e+01 8.27735245e-01 1.01695287e+00 2.59539318e+01
    -1.19932728e+01 -3.29698982e+01 1.67944603e+01 -3.32775521e+00
    3.19775403e-01 1.27305973e+00 4.90585899e+00 -9.33989429e+00
    -1.78289623e+01 1.74735336e+01 8.23448563e+00 -1.35647812e+01
    1.39303465e+01 3.18583393e+01 -3.99749756e+01 6.71081924e+00
    2.70896702e+01 -2.06630669e+01 -2.19799772e-01 2.84611149e+01
    -3.41761093e+01 5.65233326e+00 -2.58535938e+01 2.53217945e+01
    -1.55835605e+00 -2.24540329e+01 1.73251858e+01 -7.93912935e+00
    6.11515164e-01 1.49566164e+01 2.00780225e+00 -5.21136045e+00
    5.92595291e+00 -7.47060633e+00 3.60645223e+00 1.88511925e+01
    -2.48176079e+01 1.48510313e+01 -5.48327971e+00 -2.00738773e+01
    2.12628193e+01 -1.58502283e+01 8.69830322e+00 3.02542353e+00
    -2.34592361e+01 1.60216045e+01 1.52761784e+01 1.95308352e+00
    -1.88376274e+01 1.28298969e+01 -8.08744621e+00 6.30465686e-01
    7.33505106e+00 -1.90265446e+01 3.23079796e+01 -4.50963249e+01
    3.30246239e+01 -1.55255461e+01 1.00284786e+01 -5.11940956e+00
    2.29933333e+00</data></vocabulary>
</opencv_storage>
