<?xml version="1.0"?>
<opencv_storage>
<vocabulary type_id="opencv-matrix">
  <rows>81</rows>
  <cols>1</cols>
  <dt>f</dt>
  <data>
    2.48259798e-01 -1.02514708e+00 1.64144123e+00 -9.71878111e-01
    5.70799172e-01 -1.04623723e+00 1.05057883e+00 -4.36366081e-01
    2.99340021e-03 -6.49952173e-01 2.26445293e+00 -2.74742651e+00
    7.97029495e-01 2.11669262e-02 1.89556217e+00 -3.12935853e+00
    1.65624630e+00 -1.53938502e-01 5.32770813e-01 -1.94285607e+00
    1.66847885e+00 1.16992974e+00 -1.77350247e+00 -1.61243451e+00
    2.78279901e+00 -7.78934479e-01 -2.09587514e-01 -3.04543257e-01
    1.71014071e+00 -1.54369009e+00 -1.81085169e+00 2.72078562e+00
    1.47261977e+00 -2.34018493e+00 -1.93707570e-01 5.80504000e-01
    2.66550798e-02 -1.10810876e+00 8.08667719e-01 1.32295108e+00
    5.35920002e-02 -2.35928273e+00 2.12862587e+00 4.87118632e-01
    -6.97131038e-01 4.58170921e-01 -2.33068034e-01 8.17735732e-01
    -2.00807977e+00 8.28217983e-01 2.20607543e+00 -1.38768351e+00
    -1.07988071e+00 9.16064322e-01 -7.30958879e-01 1.20853162e+00
    -1.67034018e+00 1.82485354e+00 -1.03982016e-01 -1.89687097e+00
    5.80802143e-01 1.23605049e+00 -7.46681631e-01 6.89652264e-01
    -1.36160111e+00 1.45050704e+00 -7.09200561e-01 -1.37430251e+00
    2.37101865e+00 -1.01851535e+00 -4.45488900e-01 3.38053584e-01
    -2.22552478e-01 4.10308868e-01 -4.10163730e-01 8.88106693e-03
    1.05870020e+00 -1.45308352e+00 7.13738024e-01 4.00153399e-02
    -8.62817168e-02</data></vocabulary>
</opencv_storage>
