<?xml version="1.0"?>
<opencv_storage>
<vocabulary type_id="opencv-matrix">
  <rows>81</rows>
  <cols>1</cols>
  <dt>f</dt>
  <data>
    2.21416998e+00 -6.70435095e+00 1.13409176e+01 -1.13363400e+01
    6.62165880e+00 -4.76262856e+00 1.70677423e+00 4.09873438e+00
    -3.15383291e+00 -4.51929998e+00 1.39270201e+01 -2.26595726e+01
    2.00966644e+01 -9.26879406e+00 6.39607286e+00 -1.23255312e+00
    -9.81772614e+00 7.04252243e+00 2.76879644e+00 -1.00604525e+01
    1.69413090e+01 -1.08839998e+01 3.79302919e-01 -3.14432549e+00
    -2.31455564e-01 1.33333855e+01 -9.31428719e+00 -1.26643527e+00
    6.34888029e+00 -1.03574190e+01 1.10149741e+00 6.95535994e+00
    2.45938897e+00 -7.49520600e-01 -1.45015316e+01 1.04151897e+01
    7.11174786e-01 -4.28153944e+00 5.49498129e+00 3.62622309e+00
    -1.95849454e+00 -1.51911840e+01 1.24630795e+01 8.02253723e+00
    -8.32978916e+00 -2.21551701e-01 1.94166481e+00 -4.65298325e-01
    -7.75788260e+00 -1.30133986e+00 2.78851700e+01 -2.45054455e+01
    -6.75446570e-01 5.67478943e+00 1.83952570e+00 -5.00540876e+00
    3.50107574e+00 2.63600826e+00 8.28617764e+00 -3.23561478e+01
    2.81475449e+01 -4.96536446e+00 -2.33413577e+00 -3.54467773e+00
    8.57235718e+00 -8.42784500e+00 5.73786259e+00 -1.59255981e+01
    3.30053101e+01 -2.81096687e+01 9.47251797e+00 -9.69143987e-01
    2.01043153e+00 -4.87907791e+00 5.19377565e+00 -4.36568403e+00
    8.97567749e+00 -1.62962570e+01 1.38488388e+01 -5.28035641e+00
    9.16629851e-01</data></vocabulary>
</opencv_storage>
