<?xml version="1.0"?>
<opencv_storage>
<vocabulary type_id="opencv-matrix">
  <rows>81</rows>
  <cols>1</cols>
  <dt>f</dt>
  <data>
    -1.60587519e-01 1.84890795e+00 -4.95534182e-01 -3.48765635e+00
    3.38729525e+00 1.71235228e+00 -3.01765704e+00 3.47548783e-01
    4.08351153e-01 -2.16076064e+00 1.62971878e+00 -1.24413645e+00
    3.66197300e+00 -2.96706748e+00 -3.95434928e+00 5.17518711e+00
    3.57343256e-01 -1.32013392e+00 2.19332695e+00 -9.94598985e-01
    -6.56482041e-01 -2.16574526e+00 1.37635887e+00 6.37996531e+00
    -6.51680708e+00 -1.71055198e+00 2.52063847e+00 -1.03007980e-01
    -3.98826885e+00 5.97882271e+00 -6.51233375e-01 -1.02654231e+00
    -4.78181648e+00 3.92747664e+00 4.02663612e+00 -3.59680939e+00
    -1.44245279e+00 6.31200171e+00 -8.66201210e+00 4.64893436e+00
    -1.10076344e+00 5.58093262e+00 -4.08097029e+00 -4.88122129e+00
    4.55809307e+00 1.76111710e+00 -5.43768549e+00 6.40149498e+00
    -2.54623127e+00 6.53020620e-01 -3.60776687e+00 2.59877348e+00
    6.28576136e+00 -5.78324032e+00 -3.37331265e-01 1.06410193e+00
    -1.66571379e-01 -3.64851904e+00 3.48257518e+00 8.20316851e-01
    -2.64896631e-01 -6.73668432e+00 5.67963505e+00 -9.01928425e-01
    2.17106915e+00 -3.18812561e+00 5.18127155e+00 -3.44082475e+00
    -1.06417334e+00 2.71487981e-01 4.86870241e+00 -4.08555889e+00
    6.04115963e-01 -1.48938966e+00 1.86817193e+00 -2.27768064e+00
    1.02760375e+00 1.32175493e+00 -6.86087668e-01 -1.96850944e+00
    1.70381773e+00</data></vocabulary>
</opencv_storage>
