<?xml version="1.0"?>
<opencv_storage>
<vocabulary type_id="opencv-matrix">
  <rows>81</rows>
  <cols>1</cols>
  <dt>f</dt>
  <data>
    2.25724980e-01 -8.70325387e-01 1.65235710e+00 -2.40831947e+00
    3.06427670e+00 -3.81751776e+00 2.79953957e+00 -1.11945736e+00
    2.55640388e-01 -5.02475500e-01 1.94205475e+00 -3.51215267e+00
    4.82342243e+00 -5.82574415e+00 6.99807453e+00 -4.86750460e+00
    1.48837054e+00 -5.77301681e-02 1.72478676e-01 -1.39690149e+00
    1.68312812e+00 -5.51178455e-01 6.60376430e-01 -1.28213704e+00
    -4.62458789e-01 2.02000999e+00 -1.65765822e+00 -5.57884015e-02
    1.39013290e+00 -6.10008657e-01 -2.67369246e+00 3.27460170e+00
    -3.44296455e+00 5.12514114e+00 -5.35488987e+00 3.36950564e+00
    1.19720030e+00 -4.53637409e+00 4.45219755e+00 -1.57010078e+00
    -1.75699249e-01 5.65279150e+00 -8.51688957e+00 8.86333847e+00
    -5.41045284e+00 -2.19800901e+00 7.32327747e+00 -8.34039497e+00
    6.47381020e+00 -7.75214493e-01 -7.78567791e+00 1.14926357e+01
    -1.21316509e+01 7.21256924e+00 2.35168362e+00 -7.42800522e+00
    8.05026913e+00 -6.25604963e+00 7.68128932e-01 7.17340994e+00
    -9.95688534e+00 1.00775156e+01 -5.75139475e+00 -2.02761388e+00
    6.19728947e+00 -7.10687923e+00 5.93281746e+00 -1.73958063e+00
    -4.26430416e+00 6.31969023e+00 -6.54665709e+00 3.63050222e+00
    1.22832131e+00 -3.51734424e+00 4.25048351e+00 -3.86882830e+00
    1.75236976e+00 1.29893112e+00 -2.50136852e+00 2.85459328e+00
    -1.62657642e+00</data></vocabulary>
</opencv_storage>
