<?xml version="1.0"?>
<opencv_storage>
<vocabulary type_id="opencv-matrix">
  <rows>81</rows>
  <cols>1</cols>
  <dt>f</dt>
  <data>
    -4.46648884e+00 3.33918333e+00 1.53226650e+00 3.94191360e+00
    -3.07951283e+00 -5.11401892e+00 6.96910763e+00 1.55781341e+00
    -3.76232362e+00 1.11942081e+01 -8.55810833e+00 -8.01620579e+00
    -6.66773796e+00 1.60007591e+01 -1.40254087e+01 1.02411261e+01
    -1.95975399e+01 1.59844084e+01 -9.37769032e+00 2.26850567e+01
    -7.13737154e+00 5.38593483e+00 -1.43727297e-02 7.25803852e+00
    -7.12859678e+00 1.46845541e+01 -1.30400286e+01 -1.17277536e+01
    -1.01067793e+00 3.43048692e+00 -3.88841534e+00 -1.49184818e+01
    6.62163591e+00 -1.70535011e+01 1.21635437e+01 -1.16939580e+00
    8.23736286e+00 -1.51347494e+01 2.70696163e+00 2.20619392e+00
    1.74976501e+01 -5.73271465e+00 1.13807020e+01 -3.77380538e+00
    -3.44727540e+00 5.23243856e+00 9.32027531e+00 -1.36931360e+00
    -7.75867641e-01 -6.66922808e+00 -1.25893784e+01 1.97791786e+01
    -1.43103113e+01 6.94661665e+00 -1.06992035e+01 5.66051579e+00
    -1.48671246e+00 3.04954410e+00 -7.41709614e+00 1.08303461e+01
    -1.24621677e+01 3.05426764e+00 1.57671034e+00 -8.94582152e-01
    -1.03506832e+01 1.43318205e+01 -6.17011595e+00 1.09614544e+01
    1.03232651e+01 -1.79622917e+01 1.79493866e+01 -7.69036293e+00
    1.38983717e+01 -1.01640368e+01 2.54502916e+00 -7.03283215e+00
    1.46574247e+00 -5.93054533e+00 -1.65511727e+00 1.61198795e+00
    9.50204909e-01</data></vocabulary>
</opencv_storage>
