<?xml version="1.0"?>
<opencv_storage>
<vocabulary type_id="opencv-matrix">
  <rows>81</rows>
  <cols>1</cols>
  <dt>f</dt>
  <data>
    3.34421848e-03 -1.61631852e-02 -7.55835116e-01 1.95468605e+00
    -2.03788662e+00 1.55534613e+00 -8.46603811e-01 1.22818373e-01
    3.04947756e-02 -6.20248079e-01 1.69703496e+00 2.71472186e-01
    -3.86837196e+00 4.01947021e+00 -2.52518034e+00 7.31885850e-01
    1.35218644e+00 -1.10222912e+00 1.47522306e+00 -4.04763651e+00
    1.03504527e+00 4.87735224e+00 -5.03655910e+00 2.03666949e+00
    1.14459908e+00 -4.70959330e+00 3.18649602e+00 -2.45829821e+00
    6.60099697e+00 -3.36986160e+00 -3.83460927e+00 4.24015093e+00
    -1.01864362e+00 -2.97309780e+00 7.49444151e+00 -4.78700447e+00
    3.39472556e+00 -9.01439571e+00 5.55025482e+00 2.86127830e+00
    -2.45744705e+00 4.13823068e-01 4.23034191e+00 -9.53007412e+00
    5.92076254e+00 -3.36607003e+00 8.86915684e+00 -5.96561956e+00
    -1.68383610e+00 2.43748546e+00 1.19443989e+00 -5.86603212e+00
    1.04941311e+01 -6.28202152e+00 2.49034786e+00 -6.49881506e+00
    4.11516714e+00 1.82557809e+00 -1.98874819e+00 -2.14103675e+00
    6.50760126e+00 -1.00537405e+01 5.85496998e+00 -1.38586533e+00
    3.53480434e+00 -1.95057952e+00 -1.66018105e+00 1.38436913e+00
    1.51124668e+00 -4.53158188e+00 6.70115328e+00 -3.84298801e+00
    5.59301496e-01 -1.31642556e+00 8.13305616e-01 2.53507614e-01
    -7.35876262e-02 -8.04579318e-01 1.59540534e+00 -2.06177878e+00
    1.14037311e+00</data></vocabulary>
</opencv_storage>
