<?xml version="1.0"?>
<opencv_storage>
<vocabulary type_id="opencv-matrix">
  <rows>81</rows>
  <cols>1</cols>
  <dt>f</dt>
  <data>
    -2.34655786e+00 1.17790098e+01 -4.14182281e+00 -6.51360929e-01
    2.49848537e+01 -3.51301384e+01 -2.88869119e+00 -8.68735504e+00
    2.38236370e+01 -7.48346233e+00 -8.27270699e+00 6.71710730e-01
    -8.97351360e+00 -2.65606022e+01 5.23467484e+01 -4.88327179e+01
    4.68589859e+01 -2.01753387e+01 -5.40429878e+00 3.54271584e+01
    -1.57915163e+01 2.61553555e+01 7.21158934e+00 -1.77918015e+01
    1.68183708e+01 2.48467541e+01 -4.05890808e+01 1.99889221e+01
    -2.43084698e+01 -2.78268890e+01 -2.34181571e+00 4.20590324e+01
    -1.22222996e+01 -2.44027805e+01 -3.49131165e+01 2.52527790e+01
    -3.79786301e+01 2.89489555e+01 1.55013466e+01 -2.20034885e+00
    -2.33447857e+01 1.72609348e+01 2.11632614e+01 3.24793320e+01
    -4.08399391e+00 6.76485138e+01 -1.28001137e+01 -9.24916363e+00
    -3.77884521e+01 1.66897221e+01 -4.08793793e+01 3.23065948e+00
    -4.98001823e+01 1.77333946e+01 -6.10209007e+01 -2.28559895e+01
    1.31075401e+01 3.06691055e+01 5.90428429e+01 -1.04076493e+00
    -1.85207291e+01 6.95593872e+01 -1.94404564e+01 1.58642349e+01
    1.95863094e+01 -1.22306709e+01 -2.25618801e+01 4.10326529e+00
    -2.42565517e+01 7.61121941e+00 -2.44354095e+01 -1.63460579e+01
    5.08976839e-02 2.93398452e+00 2.65738144e+01 -2.13175697e+01
    -2.78971062e+01 5.55278969e+01 -4.80461426e+01 7.96780527e-01
    3.45102921e+01</data></vocabulary>
</opencv_storage>
