<?xml version="1.0"?>
<opencv_storage>
<vocabulary type_id="opencv-matrix">
  <rows>81</rows>
  <cols>1</cols>
  <dt>f</dt>
  <data>
    -6.03051819e-02 8.05195346e-02 8.43189005e-03 -2.51075238e-01
    5.37582219e-01 -2.99057931e-01 9.70610045e-03 7.13724568e-02
    3.54369767e-02 1.72539935e-01 -3.01638484e-01 2.46682122e-01
    -2.72519883e-05 -1.98715001e-01 -3.98419738e-01 9.35309350e-01
    -8.14375103e-01 1.88573301e-01 -3.00445616e-01 5.69461465e-01
    -7.32057095e-01 6.10908210e-01 -7.46456861e-01 1.06284881e+00
    -1.68521631e+00 1.30151415e+00 -4.05236006e-01 3.14194947e-01
    -3.89266461e-01 3.22759867e-01 2.46519774e-01 -7.71787047e-01
    1.02222967e+00 3.19474936e-01 -7.66859293e-01 3.71297479e-01
    -1.68673456e-01 -4.27618772e-02 5.25611579e-01 -2.03470683e+00
    4.40893555e+00 -3.22508264e+00 1.66399419e+00 -5.69545746e-01
    7.75275985e-04 8.69566128e-02 -3.99118476e-02 -3.11115503e-01
    1.73318493e+00 -3.00728035e+00 3.48119593e+00 -2.81155086e+00
    1.40456283e+00 -2.45345891e-01 9.43520386e-03 3.28835756e-01
    -8.44536722e-01 2.01806769e-01 8.46602380e-01 -1.61540425e+00
    1.59557235e+00 -7.42313981e-01 8.92673954e-02 -3.86664048e-02
    -4.08475280e-01 1.06772256e+00 -1.00022066e+00 6.88948452e-01
    -4.09924865e-01 9.67478678e-02 -1.49041414e-01 9.04967189e-02
    1.27636623e-02 2.55089879e-01 -5.95898271e-01 5.82893372e-01
    -5.10329247e-01 4.60239023e-01 -3.27263981e-01 2.48442248e-01
    -8.85893255e-02</data></vocabulary>
</opencv_storage>
