<?xml version="1.0"?>
<opencv_storage>
<vocabulary type_id="opencv-matrix">
  <rows>81</rows>
  <cols>1</cols>
  <dt>f</dt>
  <data>
    -5.76637797e-02 -4.98744398e-02 1.54871032e-01 -6.08525217e-01
    8.95470619e-01 -4.60951716e-01 2.05830231e-01 -1.13598168e-01
    7.43940994e-02 2.58794576e-01 -6.18679166e-01 8.21517646e-01
    2.11912557e-01 -1.24637425e+00 8.96985352e-01 -4.93605763e-01
    2.03755572e-01 -9.04964656e-02 -3.79210621e-01 1.22974932e+00
    -2.05213547e+00 1.05249953e+00 2.17719242e-01 -5.21897554e-01
    3.46785873e-01 -8.92247111e-02 -3.54253836e-02 5.48130631e-01
    -1.28287137e+00 1.65297842e+00 -2.69546449e-01 -5.40178001e-01
    1.63586095e-01 -1.83385864e-01 1.26303703e-01 1.00974165e-01
    -6.61881864e-01 1.32721615e+00 -1.59734797e+00 1.28753990e-01
    2.19668794e+00 -3.51979136e-01 3.20305169e-01 -3.79142195e-01
    -3.54962833e-02 7.34392285e-01 -1.43553197e+00 1.72000146e+00
    -9.80157733e-01 2.46014632e-02 -3.09018288e-02 -1.85651898e-01
    3.13919157e-01 1.77646223e-02 -7.11127818e-01 1.26866841e+00
    -1.29044187e+00 6.23908043e-01 5.41942054e-03 -1.19958445e-02
    1.73349097e-01 -3.15046370e-01 -4.90754982e-03 4.05222654e-01
    -7.31676698e-01 6.84715629e-01 -5.22138737e-02 -7.88164377e-01
    7.93226063e-01 -6.11410379e-01 3.15584004e-01 2.33846530e-02
    -8.34374428e-02 1.47698417e-01 -9.98548120e-02 -1.20131277e-01
    3.98297131e-01 -3.62451851e-01 2.54785568e-01 -7.46392831e-02
    -3.08154393e-02</data></vocabulary>
</opencv_storage>
