<?xml version="1.0"?>
<opencv_storage>
<vocabulary type_id="opencv-matrix">
  <rows>81</rows>
  <cols>1</cols>
  <dt>f</dt>
  <data>
    -1.52780104e+00 3.15242815e+00 -4.26011705e+00 5.71306229e+00
    -4.59837532e+00 1.21449031e-01 4.13610172e+00 -6.70006704e+00
    4.34067440e+00 2.01191688e+00 -3.84095120e+00 2.10832143e+00
    -2.70526052e+00 1.27297580e+00 4.81118107e+00 -5.32321644e+00
    3.47103834e+00 -3.17527509e+00 -1.87936640e+00 -1.60405791e+00
    1.02942514e+01 -1.39737415e+01 1.40792656e+01 -1.84072514e+01
    1.29306335e+01 -6.37008619e+00 4.50200748e+00 7.01698017e+00
    -7.62597704e+00 1.45456600e+00 2.50293636e+00 -6.35599077e-01
    -3.34249407e-01 -3.30730602e-02 4.07059622e+00 -4.36384487e+00
    -5.52882957e+00 5.93890488e-01 7.39459705e+00 -9.14988136e+00
    6.60418606e+00 5.70921421e-01 2.93523133e-01 -2.27239203e+00
    2.12770677e+00 6.25914383e+00 -5.00669003e+00 4.63927937e+00
    -3.92469382e+00 1.67954218e+00 5.22342491e+00 1.51356554e+00
    -6.36698306e-01 1.12870717e+00 -2.67663455e+00 -1.04025292e+00
    -8.55137157e+00 8.48085308e+00 -4.92844248e+00 -3.67023873e+00
    -2.46873856e+00 -3.96146202e+00 9.69531119e-01 9.02785540e-01
    6.73435593e+00 2.40513301e+00 9.60332215e-01 -7.11367846e+00
    6.09380436e+00 -3.47624063e+00 4.22196531e+00 -3.97015595e+00
    1.76961398e+00 -1.08364630e+01 8.26088905e+00 -6.74468660e+00
    7.07038116e+00 -3.88639545e+00 3.13658452e+00 1.27480537e-01
    1.03788197e+00</data></vocabulary>
</opencv_storage>
