<?xml version="1.0"?>
<opencv_storage>
<vocabulary type_id="opencv-matrix">
  <rows>81</rows>
  <cols>1</cols>
  <dt>f</dt>
  <data>
    7.61410177e-01 -2.00083613e+00 2.87007737e+00 -3.38981342e+00
    3.06462216e+00 -1.97639239e+00 8.05938482e-01 1.06009111e-01
    -2.13395834e-01 -1.45826268e+00 4.04112196e+00 -5.51064157e+00
    5.83159161e+00 -4.41336250e+00 1.48826289e+00 1.19158828e+00
    -2.73217297e+00 1.76112068e+00 1.41908026e+00 -4.17140532e+00
    5.33246994e+00 -4.76373625e+00 2.15631366e+00 1.81872189e+00
    -5.18137455e+00 6.41360474e+00 -3.66540456e+00 -1.38331270e+00
    4.07374191e+00 -4.57537603e+00 3.21314192e+00 -2.50275642e-01
    -4.06046247e+00 7.44518805e+00 -8.32443905e+00 4.54503632e+00
    1.23004854e+00 -3.69542098e+00 3.37292886e+00 -1.43356693e+00
    -7.34963477e-01 6.62727213e+00 -9.58012581e+00 9.81829929e+00
    -5.16821671e+00 -1.56723428e+00 4.55302763e+00 -4.94851255e+00
    3.82678151e+00 -2.73628533e-01 -4.55831003e+00 7.36809874e+00
    -8.12435627e+00 4.38086939e+00 2.05000091e+00 -5.71454430e+00
    7.07269430e+00 -6.97678995e+00 3.89323449e+00 4.46560949e-01
    -3.23128271e+00 4.75867796e+00 -2.77793932e+00 -1.36413133e+00
    3.69609427e+00 -4.60309839e+00 4.52554703e+00 -2.50734520e+00
    -5.08180678e-01 2.12508464e+00 -2.93249178e+00 1.69294333e+00
    3.23843449e-01 -8.01456034e-01 8.76520276e-01 -6.98574424e-01
    6.57862350e-02 8.33464384e-01 -1.12661278e+00 1.09277570e+00
    -5.72050989e-01</data></vocabulary>
</opencv_storage>
