<?xml version="1.0"?>
<opencv_storage>
<vocabulary type_id="opencv-matrix">
  <rows>81</rows>
  <cols>1</cols>
  <dt>f</dt>
  <data>
    -7.89472014e-02 1.57221526e-01 5.80845922e-02 -3.69431943e-01
    2.36224100e-01 6.57377020e-02 -2.11105794e-02 -5.43003976e-02
    1.73793826e-02 4.83896732e-02 -5.37954196e-02 -4.08120364e-01
    1.05359805e+00 -8.75088036e-01 4.00847107e-01 -2.44362310e-01
    9.55379382e-02 1.65156573e-02 1.72422200e-01 -3.41450393e-01
    5.16158462e-01 -7.32628822e-01 2.91916560e-02 4.38283682e-02
    1.53726295e-01 -2.86324322e-01 4.25193571e-02 -3.34086001e-01
    5.49842775e-01 -2.34685451e-01 -2.00364202e-01 8.54458153e-01
    -1.20118260e-01 -2.93601960e-01 4.89932060e-01 -1.20105021e-01
    3.40431303e-01 -5.73561549e-01 -7.33491853e-02 8.64940643e-01
    -1.39381364e-01 6.15901351e-01 -1.53298646e-01 -3.38770270e-01
    1.49803221e-01 -4.31462437e-01 8.49408865e-01 -2.91586369e-01
    -7.00805843e-01 1.37124634e+00 -1.15302634e+00 6.14558697e-01
    2.53582634e-02 -8.73821601e-02 4.92693573e-01 -9.78553891e-01
    4.97983754e-01 4.92047459e-01 -1.11663651e+00 1.03850818e+00
    -6.86433971e-01 2.69281447e-01 -1.02226578e-01 -4.18046266e-01
    8.68503094e-01 -7.72022486e-01 1.90899640e-01 3.22383583e-01
    -6.36881649e-01 5.20298660e-01 -3.58517468e-01 2.13312685e-01
    2.48658985e-01 -5.12909055e-01 4.50066090e-01 -1.58470467e-01
    -1.49018271e-02 1.19645052e-01 -1.13198094e-01 1.08871862e-01
    -8.55081156e-02</data></vocabulary>
</opencv_storage>
