<?xml version="1.0"?>
<opencv_storage>
<vocabulary type_id="opencv-matrix">
  <rows>81</rows>
  <cols>1</cols>
  <dt>f</dt>
  <data>
    -4.56169777e+01 1.99341949e+02 -1.67776550e+02 -8.72345657e+01
    1.52871307e+02 3.66079788e+01 -4.98237419e+01 -2.11217697e+02
    1.61299576e+02 -3.36392746e+01 -1.04530632e+02 5.20359154e+01
    -3.68031654e+01 2.47250992e+02 -3.71729309e+02 2.61993652e+02
    1.66675217e+02 -2.31073563e+02 -7.97925949e-01 5.07792664e+02
    -3.58294952e+02 1.68758621e+02 -2.89670319e+02 -1.20237633e+02
    2.02254761e+02 1.29729736e+02 -4.60456734e+01 -2.50984116e+02
    -3.88758850e+02 1.98661224e+02 1.90855637e+02 2.38942917e+02
    8.26939316e+01 4.45887909e+01 -6.86616760e+02 1.95876099e+02
    4.41725739e+02 2.33577194e+02 -2.44811535e+01 -6.20067810e+02
    3.18847179e+00 7.37262955e+01 -3.28090576e+02 7.01762512e+02
    1.66211731e+02 -5.50420837e+02 2.05666946e+02 3.32384148e+01
    -2.21424759e+02 1.61261383e+02 -6.09051895e+01 1.20108963e+02
    -4.98568764e+01 -5.99848572e+02 6.70361938e+02 -6.47537476e+02
    4.09413986e+01 8.60248840e+02 -2.97400146e+02 -5.96260691e+00
    -2.05520309e+02 -9.82212353e+00 6.43826050e+02 -6.42054810e+02
    9.75843079e+02 -5.11282440e+02 -4.92976776e+02 2.29423965e+02
    2.33327591e+02 9.06005001e+00 -2.60284027e+02 -2.27843597e+02
    1.78809555e+02 -2.94454681e+02 1.75384827e+02 9.98584366e+01
    -8.12974396e+01 7.35213699e+01 -1.92124680e+02 3.17413086e+02
    -8.22337036e+01</data></vocabulary>
</opencv_storage>
