<?xml version="1.0"?>
<opencv_storage>
<vocabulary type_id="opencv-matrix">
  <rows>81</rows>
  <cols>1</cols>
  <dt>f</dt>
  <data>
    -2.19397402e+00 4.69339037e+00 -2.38180828e+00 -7.70816565e-01
    -5.34283221e-01 2.48002505e+00 -1.28800356e+00 4.97718364e-01
    -4.57582891e-01 4.09821463e+00 -1.00501995e+01 3.88100791e+00
    7.78179979e+00 -3.37263942e+00 -7.01219273e+00 3.99186873e+00
    -6.48564175e-02 8.58210444e-01 -3.65141392e+00 1.04126034e+01
    -2.45718694e+00 -1.59597330e+01 1.12087278e+01 5.29479027e+00
    -2.47859931e+00 -1.64381003e+00 -1.20628619e+00 2.34283900e+00
    -7.35032749e+00 9.89389360e-01 1.48226213e+01 -9.75224590e+00
    -6.39519024e+00 2.74938273e+00 1.81779754e+00 8.49879622e-01
    -5.07923007e-01 2.99856424e+00 -2.64504433e+00 -2.84913921e+00
    -2.42116547e+00 1.54156876e+01 -8.35171127e+00 -1.49857640e-01
    1.46150768e-01 -1.56233215e+00 1.79671681e+00 -1.19424034e-02
    1.14350450e+00 4.02047539e+00 -1.03322420e+01 4.02615833e+00
    2.24250650e+00 -1.58731806e+00 2.64350986e+00 -4.05695343e+00
    3.76532578e+00 -6.63176775e+00 4.67629480e+00 -2.22696328e+00
    5.35093546e+00 -6.12272406e+00 2.90801954e+00 -1.20937860e+00
    1.01991808e+00 1.34220451e-01 9.50518727e-01 -1.91431797e+00
    3.36324286e+00 -6.02751684e+00 5.47905254e+00 -2.48971605e+00
    -2.09724888e-01 1.11281216e+00 -2.57054257e+00 3.61627722e+00
    -3.20641708e+00 1.88354242e+00 -4.54767734e-01 -6.52054697e-03
    1.13505207e-01</data></vocabulary>
</opencv_storage>
