<?xml version="1.0"?>
<opencv_storage>
<vocabulary type_id="opencv-matrix">
  <rows>81</rows>
  <cols>1</cols>
  <dt>f</dt>
  <data>
    1.55224130e-01 -2.22951248e-01 -1.10149458e-01 1.81297615e-01
    1.13730066e-01 6.72185570e-02 -7.46450527e-03 -2.31997482e-02
    2.28384212e-02 -5.36820889e-01 5.44093490e-01 -4.59260494e-02
    4.25901175e-01 -1.29949319e+00 1.01211655e+00 -8.26080024e-01
    5.25059581e-01 -2.93120831e-01 1.15063918e+00 -1.29380584e+00
    7.06377149e-01 -1.45765388e+00 2.74118066e+00 -2.73537850e+00
    2.02958989e+00 -1.19169903e+00 6.41190231e-01 -1.48054862e+00
    1.87866950e+00 -1.45793843e+00 2.44137096e+00 -3.06644773e+00
    2.20422530e+00 -1.12418985e+00 4.82252717e-01 -4.22538579e-01
    1.49965882e+00 -1.90222633e+00 1.08127260e+00 -1.57018089e+00
    2.73147488e+00 -1.85506403e-01 -1.18985438e+00 1.13329399e+00
    -1.54576674e-01 -1.38934839e+00 2.00138760e+00 -1.31666923e+00
    8.01116645e-01 -3.89384441e-02 -1.00707150e+00 2.23431659e+00
    -1.98399293e+00 5.64731300e-01 1.19406903e+00 -2.10435677e+00
    1.97879362e+00 -1.15915704e+00 -1.37350813e-01 1.26276863e+00
    -2.25261450e+00 2.01531410e+00 -7.67929018e-01 -7.20285296e-01
    1.20635593e+00 -9.23116684e-01 2.10013062e-01 4.17235464e-01
    -1.12835205e+00 1.77669632e+00 -1.65393651e+00 6.96624875e-01
    2.02883631e-01 -2.70653695e-01 2.83519030e-02 2.92807102e-01
    -4.98295248e-01 7.10312724e-01 -8.20694685e-01 6.70603812e-01
    -2.62526661e-01</data></vocabulary>
</opencv_storage>
