<?xml version="1.0"?>
<opencv_storage>
<vocabulary type_id="opencv-matrix">
  <rows>81</rows>
  <cols>1</cols>
  <dt>f</dt>
  <data>
    6.61248505e-01 6.18825006e+00 1.70132494e+00 -2.14465694e+01
    2.26587276e+01 -1.95859969e-01 6.41598225e+00 3.15973401e+00
    -1.98047012e-01 1.32861853e+01 9.69599545e-01 -2.26070843e+01
    -5.88153553e+00 6.50043249e+00 -1.10001707e+01 -1.62046528e+00
    -8.87925625e+00 -1.54603589e+00 -3.02287254e+01 1.15028601e+01
    1.55373106e+01 -3.92861128e+00 1.29446545e+01 -4.16150331e+00
    9.16267586e+00 1.30500734e+00 6.82504606e+00 8.13241768e+00
    -2.24150181e+01 -3.27662468e+00 1.30649042e+01 8.08018506e-01
    -4.59688568e+00 -1.62356071e+01 7.43255186e+00 -6.42744637e+00
    -1.56607103e+00 2.69690495e+01 1.37411175e+01 -2.84365368e+00
    -4.58332062e+00 4.78703439e-01 1.75693111e+01 -9.37627411e+00
    1.47349429e+00 -7.59163952e+00 -1.62728348e+01 -9.36059952e+00
    2.22936268e+01 -2.28785591e+01 -6.36518383e+00 -8.72195721e+00
    3.23809004e+00 2.01811504e+00 1.24956453e+00 -3.88981557e+00
    4.55484486e+00 1.59355593e+01 8.69889355e+00 2.73780942e+00
    -1.37427592e+00 1.06129599e+01 -5.07927036e+00 -7.87202454e+00
    1.95155602e+01 -4.39189720e+00 -2.70306396e+01 1.69800491e+01
    -1.13192415e+01 -2.06095161e+01 1.87012978e+01 -5.36270714e+00
    8.09114647e+00 -1.06830244e+01 -7.22736692e+00 -3.43220043e+00
    9.50096321e+00 1.62914314e+01 -1.35794191e+01 1.27132645e+01
    -4.55279446e+00</data></vocabulary>
</opencv_storage>
