<?xml version="1.0"?>
<opencv_storage>
<vocabulary type_id="opencv-matrix">
  <rows>81</rows>
  <cols>1</cols>
  <dt>f</dt>
  <data>
    9.24303383e-02 -7.01941013e-01 1.48058546e+00 -2.09568954e+00
    2.48332977e+00 -1.76134717e+00 8.89082015e-01 -3.93486291e-01
    8.71857926e-02 1.63411424e-01 1.02566361e+00 -2.71040463e+00
    4.19978046e+00 -5.23484945e+00 3.93215418e+00 -2.00834537e+00
    7.49844491e-01 -1.37614861e-01 -6.94060206e-01 -8.17400694e-01
    3.02109671e+00 -4.59200811e+00 5.27653980e+00 -3.73049879e+00
    1.41372359e+00 -1.34676114e-01 -2.24051289e-02 1.26934290e+00
    2.35182382e-02 -2.57399273e+00 4.09509611e+00 -3.81467152e+00
    1.60347509e+00 3.11150581e-01 -8.52257669e-01 3.07517439e-01
    -1.67933607e+00 9.83286321e-01 1.19946110e+00 -2.37652898e+00
    3.34734535e+00 4.11626603e-03 -1.93844879e+00 1.76402318e+00
    -6.36463344e-01 1.63296318e+00 -1.44221032e+00 -2.18935817e-01
    4.95491087e-01 -7.26829618e-02 -1.25185931e+00 2.56034374e+00
    -2.01050663e+00 7.76199818e-01 -1.24130094e+00 1.30901909e+00
    -1.12633348e-01 3.88834357e-01 -1.44057429e+00 2.56707740e+00
    -3.05733228e+00 2.06818080e+00 -8.59161615e-01 6.87192023e-01
    -7.27636158e-01 -2.25622561e-02 -2.15093940e-01 7.38320649e-01
    -1.57844448e+00 2.04051042e+00 -1.53540182e+00 6.93704247e-01
    -1.97408646e-01 1.89640179e-01 5.29469661e-02 3.97850154e-03
    -7.52159208e-02 3.68321240e-01 -6.21914446e-01 5.42931318e-01
    -2.51322508e-01</data></vocabulary>
</opencv_storage>
