<?xml version="1.0"?>
<opencv_storage>
<vocabulary type_id="opencv-matrix">
  <rows>81</rows>
  <cols>1</cols>
  <dt>f</dt>
  <data>
    -5.27701527e-03 4.62367274e-02 -1.10295460e-01 1.80435270e-01
    3.64219286e-02 -3.24488550e-01 6.19658828e-01 -5.77292562e-01
    2.36108765e-01 -6.05312958e-02 4.42580432e-01 -7.70644426e-01
    2.19999209e-01 3.57918918e-01 -2.39502341e-01 -1.92000344e-01
    4.26833600e-01 -2.78634995e-01 1.60214260e-01 -1.09169483e+00
    1.92798817e+00 -6.12972319e-01 -1.73920274e+00 1.79465580e+00
    -9.10949290e-01 -3.78425536e-03 2.52045602e-01 -2.17275307e-01
    1.52805519e+00 -2.77825999e+00 1.43944848e+00 9.93701041e-01
    -1.05072153e+00 6.39452934e-01 -1.20473474e-01 -1.09957121e-01
    1.16881289e-01 -1.50819707e+00 2.95000982e+00 -1.91136074e+00
    5.91590106e-01 1.28649879e+00 -1.17162192e+00 6.07447505e-01
    -1.14942163e-01 -3.00997850e-02 9.92866337e-01 -2.10485482e+00
    9.89275634e-01 1.56733489e+00 -2.03364134e+00 1.49102592e+00
    -8.20694089e-01 1.84463903e-01 1.07284635e-01 -8.23783100e-01
    1.53703809e+00 -6.81403041e-01 -9.65953946e-01 1.03344381e+00
    -8.08417320e-01 4.93184716e-01 -1.33177042e-01 -1.03676848e-01
    7.77222037e-01 -1.63885093e+00 1.51000822e+00 -8.15052211e-01
    4.99568462e-01 -3.17693055e-01 1.63224116e-01 -3.86651009e-02
    6.45310134e-02 -4.15642738e-01 8.81926179e-01 -1.02448380e+00
    9.48535502e-01 -7.50333190e-01 5.16870499e-01 -2.84422398e-01
    7.84748197e-02</data></vocabulary>
</opencv_storage>
