<?xml version="1.0"?>
<opencv_storage>
<vocabulary type_id="opencv-matrix">
  <rows>81</rows>
  <cols>1</cols>
  <dt>f</dt>
  <data>
    -1.14141949e-01 2.48349652e-01 -4.42255646e-01 6.89647913e-01
    -6.90213144e-01 4.61285084e-01 -3.37096542e-01 1.99886590e-01
    -7.76891708e-02 1.12126447e-01 -1.66614875e-01 3.09651822e-01
    -6.86688364e-01 8.06071699e-01 -4.06033725e-01 1.68995604e-01
    1.22011088e-01 -1.00358590e-01 6.71390519e-02 -3.47811371e-01
    4.96491879e-01 1.36954580e-02 -3.62430930e-01 -9.69752148e-02
    2.20910266e-01 -7.40223050e-01 4.19394940e-01 -2.31849089e-01
    7.62622476e-01 -1.31609750e+00 1.02630520e+00 -8.57488930e-01
    9.36313987e-01 -5.37033081e-01 8.67610157e-01 -4.49714184e-01
    2.38779187e-01 -7.66804695e-01 1.49233997e+00 -1.62115753e+00
    2.33697915e+00 -5.00576973e-01 3.87319058e-01 -8.63576353e-01
    4.49224591e-01 7.73252174e-02 1.10595845e-01 -9.92621303e-01
    1.56287134e+00 -8.38657975e-01 1.17782876e-01 -4.34730560e-01
    8.54289711e-01 -4.53778863e-01 -3.17060858e-01 3.81634712e-01
    2.79731095e-01 -8.46179366e-01 4.07804102e-01 -1.00752614e-01
    4.32499588e-01 -7.80473173e-01 4.02726442e-01 1.76915497e-01
    -1.92123324e-01 -2.68184751e-01 6.28447711e-01 -4.63621646e-01
    7.80272484e-02 -2.31273249e-01 4.58592117e-01 -2.34796435e-01
    -4.28214706e-02 7.30992779e-02 2.82093175e-02 -7.13089705e-02
    1.00457914e-01 -4.34618741e-02 4.49320711e-02 -4.11663949e-02
    1.72161013e-02</data></vocabulary>
</opencv_storage>
