<?xml version="1.0"?>
<opencv_storage>
<vocabulary type_id="opencv-matrix">
  <rows>81</rows>
  <cols>1</cols>
  <dt>f</dt>
  <data>
    -1.66229093e+00 4.27830601e+00 -3.67148924e+00 1.89299273e+00
    9.44848359e-01 1.81430614e+00 -3.22908759e-01 -6.90337658e-01
    -1.31667268e+00 1.28946269e+00 -3.29284501e+00 8.88312459e-02
    9.11812205e-03 -1.17070615e+00 -2.82101369e+00 -3.59492540e+00
    6.45247269e+00 -1.10662304e-01 -6.06127024e-01 6.80602121e+00
    -4.51381350e+00 5.87872362e+00 -2.88274312e+00 1.83469570e+00
    1.54837322e+00 -4.40076160e+00 1.23864710e+00 -3.02353454e+00
    -2.73780513e+00 -8.47409785e-01 -5.11994648e+00 3.64209986e+00
    -1.82257199e+00 9.03341103e+00 -4.77424574e+00 -2.08432865e+00
    -1.81453228e+00 2.28827357e+00 9.39784908e+00 -4.16297722e+00
    -3.76389623e-02 6.69583845e+00 -1.52143879e+01 6.32078028e+00
    4.05147076e+00 1.11143274e+01 -1.04357300e+01 8.79874900e-02
    -8.60615849e-01 2.59040380e+00 -3.08953595e+00 -7.21306026e-01
    5.06252241e+00 -5.32860804e+00 -7.99158144e+00 6.40560198e+00
    -2.49036670e+00 4.88844824e+00 3.15166891e-01 -1.03922758e+01
    1.62545815e+01 -5.51864529e+00 -3.77756453e+00 7.89024591e-01
    4.15370417e+00 -1.13755341e+01 8.79352093e+00 -9.57148170e+00
    6.41906595e+00 6.53239012e-01 -1.03839884e+01 1.36639833e+01
    -2.98226535e-01 -7.35353351e-01 3.89207387e+00 -3.11185026e+00
    -4.33692425e-01 9.91752052e+00 -1.52466698e+01 1.39656239e+01
    -9.00743866e+00</data></vocabulary>
</opencv_storage>
