<?xml version="1.0"?>
<opencv_storage>
<vocabulary type_id="opencv-matrix">
  <rows>81</rows>
  <cols>1</cols>
  <dt>f</dt>
  <data>
    5.90749454e+00 -1.49859781e+01 1.84934177e+01 -1.58553829e+01
    1.05838013e+01 -1.14642639e+01 1.76152344e+01 -1.49054461e+01
    5.11627293e+00 -1.53455391e+01 3.12869129e+01 -2.40057487e+01
    7.37212300e-01 2.96033764e+01 -3.27147903e+01 9.27670383e+00
    -2.89858580e+00 1.62081110e+00 1.94883022e+01 -2.99335575e+01
    -2.44652796e+00 4.99349136e+01 -1.00799286e+02 1.05617096e+02
    -6.68692932e+01 4.47163124e+01 -1.59341269e+01 -5.55815172e+00
    3.15566921e+00 4.31023674e+01 -8.26163177e+01 1.04433495e+02
    -9.15075226e+01 4.97401924e+01 -3.32948303e+01 1.11298294e+01
    -2.38492985e+01 4.45881882e+01 -8.86657715e+01 8.85817184e+01
    -4.24854698e+01 9.27878189e+00 1.55729723e+01 -9.06937122e+00
    3.75995779e+00 2.27177219e+01 -3.98621979e+01 6.66116028e+01
    -3.81853981e+01 -3.27168465e+01 5.79215698e+01 -3.36548576e+01
    2.60619450e+00 -1.35411763e+00 5.09462953e-02 1.12083304e+00
    -1.30936365e+01 -2.47120876e+01 9.18747330e+01 -8.88552246e+01
    -4.80185699e+00 5.40570145e+01 -1.77270260e+01 -7.14910316e+00
    1.37758636e+01 -1.02259560e+01 3.95483894e+01 -8.87427063e+01
    6.52154922e+01 4.60418968e+01 -8.67806854e+01 3.02368565e+01
    3.83961129e+00 -8.04306221e+00 6.49354076e+00 -1.47653942e+01
    2.91537266e+01 -1.46442423e+01 -2.97718601e+01 4.18838692e+01
    -1.52406769e+01</data></vocabulary>
</opencv_storage>
