<?xml version="1.0"?>
<opencv_storage>
<vocabulary type_id="opencv-matrix">
  <rows>81</rows>
  <cols>1</cols>
  <dt>f</dt>
  <data>
    -2.33753517e-01 6.19812131e-01 -9.74424243e-01 1.13497746e+00
    -4.33817834e-01 -9.18809235e-01 1.81507051e+00 -1.49253881e+00
    6.21841609e-01 5.18636107e-01 -1.24799466e+00 1.79951346e+00
    -2.28524470e+00 1.03318274e+00 2.45091653e+00 -4.82012272e+00
    4.16310215e+00 -1.80972600e+00 -4.50033396e-01 8.80660594e-01
    -7.95776188e-01 1.07293105e+00 -3.60940583e-02 -5.17892027e+00
    8.70059395e+00 -7.57716894e+00 3.38455582e+00 -9.40460145e-01
    3.55535412e+00 -9.40841961e+00 1.52875853e+01 -1.73808117e+01
    2.07101555e+01 -2.03827763e+01 1.42349968e+01 -5.81497622e+00
    1.63068604e+00 -6.54236937e+00 1.86160316e+01 -3.19282246e+01
    3.64668007e+01 -3.58291512e+01 3.11512184e+01 -1.99848843e+01
    7.75686169e+00 3.55636311e+00 -6.28913641e+00 -3.25710821e+00
    1.74437160e+01 -2.21718159e+01 2.43293743e+01 -2.27712746e+01
    1.58037128e+01 -6.50174713e+00 -1.00841503e+01 2.29618454e+01
    -1.97585812e+01 8.65327168e+00 -2.48818731e+00 -3.15489912e+00
    7.10742998e+00 -7.42150927e+00 3.70500684e+00 8.31383038e+00
    -1.92240410e+01 1.86137276e+01 -1.23278179e+01 7.96346664e+00
    -3.50970483e+00 -4.70804214e-01 2.40180850e+00 -1.47564697e+00
    -2.59082937e+00 6.00553703e+00 -6.00883436e+00 4.35882950e+00
    -3.13249850e+00 1.88984072e+00 -6.22118652e-01 -1.61117300e-01
    1.75088897e-01</data></vocabulary>
</opencv_storage>
