<?xml version="1.0"?>
<opencv_storage>
<vocabulary type_id="opencv-matrix">
  <rows>81</rows>
  <cols>1</cols>
  <dt>f</dt>
  <data>
    6.30184975e+01 -1.65786407e+02 2.92175018e+02 -1.87535141e+02
    -6.39388161e+01 2.87871155e+02 -4.20082520e+02 4.07308746e+02
    -1.02198227e+02 1.24966393e+01 -1.20973473e+02 -2.32541321e+02
    2.61212921e+02 -1.36411009e+01 -1.49637329e+02 3.17000305e+02
    -9.55460052e+01 -3.21361786e+02 -5.13603668e+01 2.52833588e+02
    6.90260010e+01 6.70105667e+01 -2.02316422e+02 1.32985367e+02
    -9.87152405e+01 5.33026352e+01 2.27192886e+02 7.84175339e+01
    -2.94590851e+02 1.78910046e+01 -5.43966599e+01 3.49806023e+01
    -8.42920685e+01 -1.24251656e+02 -1.59296051e+02 1.62014267e+02
    -1.75378876e+02 2.94546814e+02 -1.14807281e+02 -1.95865035e+00
    3.13274811e+02 -1.85063141e+02 1.81211548e+02 -2.12509117e+01
    4.80538559e+01 7.86738815e+01 2.64900452e+02 -6.30542259e+01
    -3.13156128e+02 -1.12336426e+02 4.19817108e+02 -2.09770569e+02
    1.47498962e+02 -2.37197601e+02 3.85846877e+00 -4.78297058e+02
    1.68615189e+02 2.16929825e+02 -1.75398750e+01 -1.22912384e+02
    -1.76974625e+02 8.39177322e+01 -9.58511276e+01 1.63564320e+01
    -1.81212673e+01 2.37482285e+02 -1.05008011e+02 -1.82964287e+01
    -2.80501801e+02 4.40699005e+02 1.87470746e+00 1.27504524e+02
    7.94558563e+01 -5.22311707e+01 -3.99114299e+00 -1.44647018e+02
    2.93599304e+02 -3.40270050e+02 3.06571533e+02 -1.48095276e+02
    -8.12957993e+01</data></vocabulary>
</opencv_storage>
