<?xml version="1.0"?>
<opencv_storage>
<vocabulary type_id="opencv-matrix">
  <rows>81</rows>
  <cols>1</cols>
  <dt>f</dt>
  <data>
    3.09195630e-02 -2.97096580e-01 -3.02542541e-02 5.13575435e-01
    -7.42488503e-01 8.63754153e-01 -8.25616345e-02 -3.35540444e-01
    1.85771257e-01 -1.94199502e-01 7.40833223e-01 2.71239072e-01
    -1.56687570e+00 2.38550425e+00 -2.89257693e+00 8.77682328e-01
    9.39522028e-01 -7.84275949e-01 5.30005515e-01 -1.09444737e+00
    -4.63736296e-01 9.87950563e-01 -1.52928305e+00 2.62029028e+00
    -5.12324691e-01 -2.65608120e+00 2.01987839e+00 -1.10086942e+00
    1.49797809e+00 -1.76779613e-01 1.83910847e+00 -1.32301700e+00
    -1.44673884e+00 1.08380280e-01 3.82913685e+00 -2.98220015e+00
    8.07091832e-01 -3.36090699e-02 -2.64980984e+00 -1.99998826e-01
    1.99614334e+00 2.12329936e+00 -1.40097463e+00 -2.83611321e+00
    2.84139180e+00 9.86434162e-01 -4.23576927e+00 7.32573652e+00
    -2.41989732e+00 1.36089996e-01 -2.13354897e+00 7.72625208e-01
    3.25933838e+00 -2.78830242e+00 -1.88607121e+00 5.73029613e+00
    -9.23634148e+00 6.09624481e+00 -4.16148949e+00 5.33413982e+00
    -2.64561462e+00 -1.66205239e+00 1.48274493e+00 1.40705049e+00
    -3.27678394e+00 5.95022154e+00 -6.74996185e+00 6.89949703e+00
    -7.54804993e+00 4.68043947e+00 -1.07362151e+00 3.05508107e-01
    -4.48481768e-01 7.53726721e-01 -1.65452063e+00 2.61799479e+00
    -3.23710537e+00 3.62080765e+00 -2.20743585e+00 6.33504987e-01
    -3.09109420e-01</data></vocabulary>
</opencv_storage>
