<?xml version="1.0"?>
<opencv_storage>
<vocabulary type_id="opencv-matrix">
  <rows>81</rows>
  <cols>1</cols>
  <dt>f</dt>
  <data>
    -1.33537521e+01 2.31448345e+01 -5.83879852e+00 1.90890980e+01
    -2.64195690e+01 3.89323521e+00 4.27176476e+00 -4.10048056e+00
    -2.01431990e+00 6.23945856e+00 -1.73425140e+01 -1.69697208e+01
    -1.41526299e+01 3.81606560e+01 -9.71487236e+00 6.54623413e+00
    6.16913795e+00 4.12868977e+00 3.01262741e+01 -2.22098427e+01
    4.20615540e+01 -1.08590059e+01 -1.02951708e+01 -6.81122780e+00
    1.47927797e+00 -3.25767212e+01 5.28318691e+00 -3.38669434e+01
    1.86551018e+01 -2.48822136e+01 6.30862761e+00 6.19700718e+00
    1.37298059e+01 -1.68641987e+01 5.75202675e+01 -1.45327921e+01
    1.02319164e+01 7.56743288e+00 1.27244663e+00 2.51723671e+00
    -2.31815338e+01 1.11991158e+01 -4.51025677e+00 -4.40461349e+01
    1.17496033e+01 6.62545586e+00 -1.57470303e+01 5.45182705e+00
    -3.75364232e+00 9.95324802e+00 -1.97533760e+01 2.15349159e+01
    2.29035072e+01 -3.84220767e+00 -1.75022869e+01 1.20156698e+01
    -8.81106186e+00 1.91451778e+01 5.95402098e+00 3.35804977e+01
    -3.69700317e+01 1.89186335e+00 -7.24618912e+00 1.62274666e+01
    -5.36747122e+00 3.61222959e+00 -1.52015400e+01 -1.41261683e+01
    -2.57346268e+01 2.86841888e+01 -8.15022469e+00 8.91647625e+00
    -5.02174234e+00 4.13797706e-01 1.62141132e+00 9.52316880e-01
    1.00686264e+01 2.34590316e+00 -4.30502081e+00 1.75632574e-02
    -2.38188601e+00</data></vocabulary>
</opencv_storage>
