<?xml version="1.0"?>
<opencv_storage>
<vocabulary type_id="opencv-matrix">
  <rows>81</rows>
  <cols>1</cols>
  <dt>f</dt>
  <data>
    -8.73810232e-01 7.22199678e-01 1.61839485e-01 2.63347554e+00
    -1.45148730e+00 -8.36122096e-01 2.05115700e+00 -4.08806944e+00
    1.21119094e+00 -4.07925189e-01 3.03614140e+00 -9.19826031e-01
    -2.41466451e+00 -4.83135968e-01 -6.32808805e-01 1.36319458e+00
    7.35850155e-01 1.01278090e+00 4.05609012e-01 -2.28661150e-01
    9.45714116e-01 -7.55853832e-01 3.41187525e+00 -1.10692823e+00
    3.51518106e+00 -2.38278389e+00 1.11049223e+00 7.79361904e-01
    -1.15532148e+00 -5.16216934e-01 1.64606392e+00 -1.59738272e-01
    -1.52310789e+00 1.25769043e+00 -9.93761420e-02 -1.19182110e+00
    9.33734894e-01 -3.92774582e-01 7.33917952e-01 -2.90193528e-01
    -1.03754711e+00 -2.03207183e+00 5.11295572e-02 -6.44006789e-01
    -1.69749141e-01 -1.90202975e+00 -6.82235479e-01 -1.25205410e+00
    5.59847057e-01 1.16462827e+00 3.40478152e-01 -6.13156080e-01
    -4.11820650e-01 -6.30673170e-01 3.77047993e-02 3.50884318e-01
    1.38925433e+00 2.13316083e-02 6.88235760e-01 7.43577242e-01
    9.40388083e-01 -1.31657672e+00 1.59279287e+00 -5.55849671e-01
    1.91052949e+00 9.89081979e-01 -1.58749056e+00 -1.70326352e-01
    -2.35147309e+00 -4.20713216e-01 3.51294912e-02 -2.88408965e-01
    -1.27247298e+00 9.91489410e-01 7.65111983e-01 -2.32612777e+00
    6.75323367e-01 1.23666561e+00 -1.84460580e-01 -4.87118304e-01
    1.15883696e+00</data></vocabulary>
</opencv_storage>
