<?xml version="1.0"?>
<opencv_storage>
<vocabulary type_id="opencv-matrix">
  <rows>81</rows>
  <cols>1</cols>
  <dt>f</dt>
  <data>
    1.92145646e+00 -4.94123220e+00 6.60995913e+00 -7.37153101e+00
    5.37733746e+00 -1.97802460e+00 7.57741183e-02 7.59720802e-01
    -2.38201603e-01 -3.93820596e+00 9.60588741e+00 -1.21166077e+01
    1.27296114e+01 -7.62326717e+00 -5.63082099e-01 4.81355333e+00
    -5.24459791e+00 1.89437985e+00 3.15792775e+00 -7.96546268e+00
    1.08104334e+01 -1.20960636e+01 5.56623125e+00 4.91058969e+00
    -1.03516912e+01 9.75190544e+00 -3.71917677e+00 -2.20756030e+00
    6.47710133e+00 -1.06364594e+01 1.41869793e+01 -8.20689964e+00
    -3.22608113e+00 1.04645004e+01 -1.13262873e+01 4.84984970e+00
    1.53869796e+00 -5.75308084e+00 9.63544083e+00 -1.30920067e+01
    8.26290035e+00 3.99918795e+00 -1.06315203e+01 1.10076866e+01
    -4.51277924e+00 -7.36136854e-01 4.16975927e+00 -6.60651636e+00
    8.01074219e+00 -1.01743984e+00 -9.05615807e+00 1.31196089e+01
    -1.11857100e+01 3.85991764e+00 2.47058034e+00 -7.35804224e+00
    1.00689678e+01 -1.09043865e+01 4.14969349e+00 5.17408228e+00
    -8.47026920e+00 7.09187317e+00 -2.07381225e+00 -4.71658182e+00
    1.21620998e+01 -1.65678234e+01 1.82417564e+01 -1.29903364e+01
    4.33332157e+00 -6.28857195e-01 -2.86917537e-01 -2.73352176e-01
    2.72814417e+00 -6.88964272e+00 8.87342453e+00 -9.32618809e+00
    7.29424906e+00 -3.60259938e+00 1.87980652e+00 -1.05873966e+00
    4.61394191e-01</data></vocabulary>
</opencv_storage>
