<?xml version="1.0"?>
<opencv_storage>
<vocabulary type_id="opencv-matrix">
  <rows>81</rows>
  <cols>1</cols>
  <dt>f</dt>
  <data>
    -2.18611526e+01 -4.47735519e+01 8.24580002e+01 -4.75963326e+01
    -3.57266121e+01 1.07451462e+02 -9.55958633e+01 4.79008636e+01
    -2.56409607e+01 2.92699013e+01 1.63768738e+02 -3.30103943e+02
    3.31748291e+02 -1.83383881e+02 8.12172651e-01 8.56733398e+01
    -6.76520996e+01 4.95071335e+01 -4.62437630e+01 -1.34896072e+02
    3.03839813e+02 -2.35246353e+02 1.72302795e+02 -1.47216446e+02
    8.84630432e+01 -3.50845833e+01 -3.28949928e+01 7.69597473e+01
    -1.97991066e+01 -7.03803301e+00 -2.30845718e+02 2.54881592e+02
    -6.81876221e+01 -6.50411911e+01 4.92501335e+01 3.73799400e+01
    4.55530071e+00 -1.41980476e+01 -8.83464737e+01 4.47323090e+02
    -5.61436951e+02 2.64001465e+02 9.45536137e+00 -2.54968815e+01
    -3.87374496e+01 -1.31652771e+02 2.15304810e+02 -1.16686630e+02
    -3.08780975e+02 5.80665771e+02 -2.80069946e+02 -1.17393112e+01
    -5.59862494e-01 4.68515282e+01 1.47526932e+02 -2.65781067e+02
    2.27239548e+02 7.64179993e+01 -2.74804840e+02 5.58934135e+01
    9.44741058e+01 -1.85665092e+01 -3.08700867e+01 -1.13179596e+02
    1.51439438e+02 -4.71730385e+01 -1.38769806e+02 2.08887848e+02
    -5.40788765e+01 -1.84295883e+01 -2.90990334e+01 2.55533600e+01
    5.04078331e+01 -4.59965172e+01 -4.09438553e+01 1.48194183e+02
    -1.92376282e+02 1.13573105e+02 -4.86961365e+01 4.08152046e+01
    -1.79254341e+01</data></vocabulary>
</opencv_storage>
