<?xml version="1.0"?>
<opencv_storage>
<vocabulary type_id="opencv-matrix">
  <rows>81</rows>
  <cols>1</cols>
  <dt>f</dt>
  <data>
    2.87019461e-01 1.99049369e-01 -5.32164955e+00 1.18555622e+01
    -1.27517891e+01 9.06553555e+00 -4.20302248e+00 5.91744959e-01
    4.18396026e-01 -2.46857643e+00 2.82860565e+00 6.41072035e+00
    -1.34352179e+01 1.16614094e+01 -9.60919380e+00 3.47130966e+00
    5.07210302e+00 -4.70335102e+00 7.11596394e+00 -1.16070900e+01
    5.59139967e-01 5.45307159e+00 -4.07939720e+00 9.80792236e+00
    -4.07207584e+00 -1.22564821e+01 1.04392061e+01 -9.10610580e+00
    1.40247116e+01 -2.49461865e+00 3.81503344e-01 -4.60570717e+00
    -4.29615355e+00 1.17035456e-01 1.81041908e+01 -1.33613205e+01
    8.84229279e+00 -1.15546570e+01 -1.84865808e+00 7.69249558e-01
    6.55865955e+00 6.34737062e+00 -2.71877193e+00 -1.73754101e+01
    1.25373526e+01 -6.88321877e+00 6.94893169e+00 9.89650440e+00
    -1.27024975e+01 7.66922283e+00 -1.76772156e+01 1.26105337e+01
    7.90157032e+00 -7.25172997e+00 5.10988617e+00 -3.62259197e+00
    -1.37949476e+01 1.94886284e+01 -1.42243605e+01 1.96101284e+01
    -1.51751795e+01 -8.93815577e-01 2.71240115e+00 -3.73723745e+00
    4.16594315e+00 4.66067362e+00 -7.08910561e+00 3.26286530e+00
    -6.19371700e+00 5.43381929e+00 9.97931242e-01 -1.26293743e+00
    1.49259675e+00 -2.51982188e+00 2.75272191e-01 8.69417071e-01
    1.91073611e-01 4.50386822e-01 -1.03646493e+00 2.88526684e-01
    -2.41591353e-02</data></vocabulary>
</opencv_storage>
