<?xml version="1.0"?>
<opencv_storage>
<vocabulary type_id="opencv-matrix">
  <rows>81</rows>
  <cols>1</cols>
  <dt>f</dt>
  <data>
    1.85408756e-01 -5.14354527e-01 7.15000212e-01 -6.90510452e-01
    2.74355173e-01 3.25450182e-01 -6.81363225e-01 7.96711981e-01
    -4.01149958e-01 -9.64475811e-01 2.68257356e+00 -3.79987574e+00
    4.01589441e+00 -3.31108046e+00 1.94206083e+00 -1.81271415e-02
    -1.64793658e+00 1.10298133e+00 1.90219426e+00 -5.35538530e+00
    7.99617672e+00 -9.11968040e+00 8.36173630e+00 -6.40532398e+00
    2.46841669e+00 1.39108098e+00 -1.39020431e+00 -1.03119075e+00
    3.19333458e+00 -5.65194178e+00 7.31679010e+00 -7.47886562e+00
    6.17225695e+00 -2.14999652e+00 -1.97368836e+00 1.70255184e+00
    -8.51208448e-01 1.61613476e+00 -5.80009222e-01 -1.07935703e+00
    3.46261740e+00 -2.29097080e+00 -5.36508560e-01 3.62543464e+00
    -2.36487556e+00 1.78374052e+00 -4.00477409e+00 3.52607632e+00
    -1.70067811e+00 4.20688123e-01 1.71533346e-01 1.62655377e+00
    -3.91388607e+00 2.35187149e+00 -1.80410588e+00 4.25552416e+00
    -4.03545189e+00 2.23174357e+00 -1.04341090e+00 2.31024042e-01
    -1.25215518e+00 2.88205934e+00 -1.67913353e+00 8.43839645e-01
    -2.00291634e+00 1.56493831e+00 -2.60119587e-01 -5.50377965e-01
    8.44550371e-01 -8.11319947e-02 -1.25310588e+00 8.32508028e-01
    3.74535806e-02 -1.11886814e-01 4.30279672e-01 -8.45131099e-01
    1.01830626e+00 -9.44831848e-01 5.23585677e-01 1.00960694e-01
    -1.55748829e-01</data></vocabulary>
</opencv_storage>
