<?xml version="1.0"?>
<opencv_storage>
<vocabulary type_id="opencv-matrix">
  <rows>81</rows>
  <cols>1</cols>
  <dt>f</dt>
  <data>
    -1.50478169e-01 3.67313802e-01 -5.32448113e-01 6.77234292e-01
    -7.44359672e-01 4.27143097e-01 -5.70083670e-02 -5.88695221e-02
    1.08329810e-01 1.48556083e-01 -1.71446756e-01 7.36079961e-02
    -5.60697854e-01 1.79102242e+00 -1.53936458e+00 2.44729102e-01
    3.04807097e-01 -2.32991233e-01 -1.69447020e-01 -3.52542140e-02
    2.62253672e-01 4.52552497e-01 -3.02478147e+00 2.75344348e+00
    -1.53008461e-01 -8.46292436e-01 3.64498347e-01 7.81220019e-01
    -1.24326193e+00 9.23429012e-01 -1.72124171e+00 5.03837299e+00
    -4.03077126e+00 1.94956452e-01 6.29922509e-01 -6.37726411e-02
    -1.37558758e+00 2.26937509e+00 -1.59061146e+00 3.13097501e+00
    -6.53548670e+00 5.89362431e+00 -8.66606712e-01 -3.92760560e-02
    -3.83444041e-01 1.38004386e+00 -2.52865148e+00 2.45540643e+00
    -4.41214609e+00 8.41735363e+00 -5.54301453e+00 4.41791058e-01
    1.54714450e-01 4.33494836e-01 -1.51727712e+00 3.27715540e+00
    -4.69636202e+00 7.04939842e+00 -9.59815884e+00 6.01630163e+00
    -1.28574979e+00 5.15341222e-01 -3.17444831e-01 1.12728453e+00
    -2.68830061e+00 4.38150215e+00 -6.36861610e+00 7.84406042e+00
    -5.65438986e+00 2.68554211e+00 -1.83880401e+00 5.25603473e-01
    -2.09912941e-01 3.60603034e-01 -5.96306622e-01 1.28177118e+00
    -1.96566367e+00 1.59874380e+00 -9.23526108e-01 7.53187656e-01
    -2.57733703e-01</data></vocabulary>
</opencv_storage>
