<?xml version="1.0"?>
<opencv_storage>
<vocabulary type_id="opencv-matrix">
  <rows>81</rows>
  <cols>1</cols>
  <dt>f</dt>
  <data>
    1.00589544e-01 -4.06181142e-02 -3.72911841e-01 8.88570070e-01
    -1.17253900e+00 6.90822840e-01 -2.91005820e-01 3.15708846e-01
    -1.05493046e-01 -5.13680100e-01 6.77496970e-01 7.46379718e-02
    -1.07405937e+00 1.31088471e+00 -3.09217364e-01 -4.20587450e-01
    5.97863078e-01 -3.71056288e-01 9.27865863e-01 -7.76917219e-01
    -1.28620553e+00 3.60433650e+00 -3.90600610e+00 1.87818980e+00
    -2.47424603e-01 -9.40384984e-01 6.84992731e-01 -1.42648387e+00
    1.18913281e+00 1.11028218e+00 -3.50463247e+00 2.87103152e+00
    -3.81923556e-01 -3.78671765e-01 1.19405627e+00 -7.50797808e-01
    2.12391233e+00 -2.68264866e+00 5.71737766e-01 1.56937373e+00
    1.06079340e+00 -2.33507752e+00 1.80857217e+00 -1.63619435e+00
    7.21917033e-01 -2.23422647e+00 3.39938545e+00 -1.33710444e+00
    -6.05187774e-01 -7.52895594e-01 2.80782008e+00 -2.15296531e+00
    1.73067033e+00 -6.98726952e-01 1.89039850e+00 -3.12840462e+00
    1.22530091e+00 5.87026834e-01 1.03063107e-01 -1.51820385e+00
    1.50733817e+00 -1.54753590e+00 6.75904274e-01 -1.06311512e+00
    1.73383832e+00 -7.49697328e-01 -1.47096008e-01 -4.17729139e-01
    1.21230209e+00 -1.21573889e+00 1.00003266e+00 -3.98144335e-01
    3.26087445e-01 -4.95708436e-01 2.57319957e-01 -1.53105482e-01
    4.07338828e-01 -6.19654775e-01 5.45332432e-01 -3.45684022e-01
    1.19694307e-01</data></vocabulary>
</opencv_storage>
