<?xml version="1.0"?>
<opencv_storage>
<vocabulary type_id="opencv-matrix">
  <rows>81</rows>
  <cols>1</cols>
  <dt>f</dt>
  <data>
    -8.30833244e+00 1.77934418e+01 -2.39703255e+01 1.96801834e+01
    8.61298466e+00 2.95686855e+01 -2.35961361e+01 8.97056770e+00
    -3.28177414e+01 1.42910290e+01 -1.40904121e+01 2.31495380e+01
    -2.55543995e+01 -3.68541260e+01 -3.29287033e+01 -3.75839376e+00
    6.22627144e+01 2.65389423e+01 -1.59515944e+01 2.32130694e+00
    1.52535114e+01 -1.14508114e+01 5.78358727e+01 -1.39209423e+01
    -6.14835978e+00 7.88354874e+00 -5.12214394e+01 2.70578995e+01
    -3.59187050e+01 -1.81788750e+01 1.57449446e+01 -2.66492596e+01
    2.92228870e+01 2.32651463e+01 -7.23584366e+01 6.72091370e+01
    -4.93708849e+00 1.69297905e+01 3.25282326e+01 1.10571585e+01
    -1.20302324e+01 -1.41630888e+01 -4.97312088e+01 6.16439667e+01
    -3.91578140e+01 -2.30464745e+01 2.02152824e+01 -2.63937130e+01
    -6.24276657e+01 9.15219879e+01 3.76519300e-02 -1.66491079e+00
    2.44627438e+01 -1.57061701e+01 -1.09492960e+01 -5.55241241e+01
    -1.82376652e+01 1.05168724e+01 -7.36013174e+00 -6.45925217e+01
    1.22592287e+01 -3.49507179e+01 1.76261749e+01 4.89617805e+01
    6.69476852e+01 4.61515274e+01 2.01738987e+01 6.74158192e+00
    6.74453201e+01 2.13419509e+00 -4.40979719e-01 -6.69216013e+00
    -2.07989273e+01 -3.80205765e+01 7.87834454e+00 -4.03599854e+01
    6.31317317e-01 -8.56297779e+00 -8.02646027e+01 9.11945343e+01
    -2.30696659e+01</data></vocabulary>
</opencv_storage>
