<?xml version="1.0"?>
<opencv_storage>
<vocabulary type_id="opencv-matrix">
  <rows>81</rows>
  <cols>1</cols>
  <dt>f</dt>
  <data>
    6.45257235e-02 -1.33483067e-01 -6.55522868e-02 4.41710591e-01
    -5.12048602e-01 3.49096954e-01 -1.44590959e-01 -6.44436553e-02
    5.34373745e-02 -2.21901581e-01 4.45572674e-01 7.53654018e-02
    -9.49823558e-01 1.06981790e+00 -6.29632533e-01 2.30152816e-01
    1.93029180e-01 -1.40328720e-01 4.81357217e-01 -8.87181401e-01
    -2.29663420e-02 1.13322759e+00 -1.39586747e+00 2.79404581e-01
    3.80509824e-01 -6.76649630e-01 2.73669928e-01 -6.10147417e-01
    1.11208475e+00 -9.56099629e-02 -8.27166736e-01 1.04414606e+00
    5.02162039e-01 -1.23413515e+00 1.22823417e+00 -4.37096894e-01
    5.14414132e-01 -9.85610485e-01 -1.60545155e-01 1.02522409e+00
    4.55346823e-01 -1.07584476e+00 1.41958261e+00 -1.21155262e+00
    4.38826919e-01 -4.09067988e-01 9.04882014e-01 -2.86642611e-01
    -1.92589059e-01 -1.82592303e-01 1.69144571e+00 -1.57940495e+00
    1.04344761e+00 -3.72343391e-01 2.52188265e-01 -6.30459905e-01
    3.00820082e-01 -4.70708348e-02 1.88584909e-01 -1.15998328e+00
    1.13735580e+00 -7.80519247e-01 2.57699519e-01 -9.94073004e-02
    2.77654380e-01 -4.50543724e-02 -1.60176069e-01 6.40998632e-02
    3.97500426e-01 -5.75202465e-01 4.85892892e-01 -1.46351829e-01
    8.06926638e-02 -1.71370015e-01 5.29926531e-02 6.02765903e-02
    -3.18307206e-02 -1.43546566e-01 2.08007216e-01 -1.44411579e-01
    2.56158467e-02</data></vocabulary>
</opencv_storage>
