<?xml version="1.0"?>
<opencv_storage>
<vocabulary type_id="opencv-matrix">
  <rows>81</rows>
  <cols>1</cols>
  <dt>f</dt>
  <data>
    2.28688765e+00 -7.93807030e+00 8.67424107e+00 -5.75595140e-01
    -3.39807534e+00 -4.96924162e-01 5.61093235e+00 -5.19295311e+00
    1.00388813e+00 -4.21337652e+00 9.39735126e+00 -7.82158709e+00
    -9.34225917e-01 5.54370308e+00 -2.40763593e+00 -5.23518264e-01
    1.10299206e+00 3.66073012e-01 5.88659668e+00 -9.49172783e+00
    2.42744613e+00 3.64148569e+00 -2.70975423e+00 -4.51602030e+00
    1.00853310e+01 -9.43059254e+00 3.40272665e+00 -8.11514437e-01
    -3.73929977e-01 8.94146633e+00 -5.17963362e+00 -5.04631042e+00
    6.29435396e+00 -2.12902808e+00 1.67631701e-01 -1.21126866e+00
    -8.65505099e-01 -3.56766796e+00 8.73451591e-01 5.00763476e-01
    3.74404597e+00 -2.26990891e+00 4.57643175e+00 -8.09951305e+00
    3.03671789e+00 -4.19656086e+00 5.25903320e+00 -3.01680088e-01
    -4.71293020e+00 4.98698330e+00 -8.64688456e-01 1.74482524e+00
    6.08335161e+00 -2.05350518e+00 3.11176133e+00 -2.95010352e+00
    3.24569869e+00 8.91309857e-01 -3.16976368e-01 -3.61475348e+00
    -1.20403786e+01 4.28409243e+00 -3.59735548e-01 1.95527101e+00
    3.57707477e+00 -3.93897915e+00 -1.47022867e+00 -1.34653568e+00
    1.35525596e+00 1.02192526e+01 -2.61772060e+00 2.08373383e-01
    1.88424301e+00 -1.01187525e+01 4.15624571e+00 4.66244984e+00
    -1.30760503e+00 1.49723804e+00 -5.81859827e+00 2.11006665e+00
    -5.61200559e-01</data></vocabulary>
</opencv_storage>
