<?xml version="1.0"?>
<opencv_storage>
<vocabulary type_id="opencv-matrix">
  <rows>81</rows>
  <cols>1</cols>
  <dt>f</dt>
  <data>
    -7.03704119e-01 2.26600909e+00 -6.84199572e+00 1.11513157e+01
    -1.27472677e+01 1.10044231e+01 -1.01828823e+01 7.31434822e+00
    -1.83419669e+00 1.81432140e+00 -1.31914186e+00 4.71680212e+00
    -9.24438286e+00 1.01878853e+01 -9.33716297e+00 1.35287533e+01
    -1.13486996e+01 2.58963537e+00 -2.08155489e+00 -1.98221862e+00
    4.05445433e+00 -3.53509021e+00 5.28663826e+00 -3.96307087e+00
    -7.13677549e+00 8.93226337e+00 -2.09940100e+00 2.56213975e+00
    -2.59334501e-02 -1.49844849e+00 8.14152658e-01 -1.61145902e+00
    -1.02539217e+00 1.40733719e+01 -1.43082933e+01 4.11174345e+00
    -3.17049289e+00 5.73810148e+00 -9.42864037e+00 9.43448162e+00
    -2.32923627e+00 2.51898861e+00 -1.34174013e+01 1.33912477e+01
    -4.22677612e+00 3.43715692e+00 -9.86502838e+00 1.73439426e+01
    -1.53747740e+01 2.10487795e+00 4.63806438e+00 2.30419970e+00
    -5.33955908e+00 2.27267170e+00 -2.57816434e+00 8.33912945e+00
    -1.44970894e+01 1.07784033e+01 2.96685576e+00 -1.14071531e+01
    9.12564087e+00 -3.59269667e+00 2.01486155e-01 1.18651271e+00
    -5.25357199e+00 9.06422806e+00 -5.12477970e+00 -5.05952930e+00
    1.30712624e+01 -1.52618036e+01 9.30937672e+00 -1.85419488e+00
    -3.56341511e-01 2.17108345e+00 -3.86662674e+00 2.29959249e+00
    1.69751918e+00 -5.57777166e+00 7.62709379e+00 -5.08872175e+00
    1.06637383e+00</data></vocabulary>
</opencv_storage>
