<?xml version="1.0"?>
<opencv_storage>
<vocabulary type_id="opencv-matrix">
  <rows>81</rows>
  <cols>1</cols>
  <dt>f</dt>
  <data>
    1.18149436e+00 -2.85707808e+00 3.93048334e+00 -4.61879683e+00
    2.64059353e+00 -3.69910097e+00 9.90438938e+00 -1.00358133e+01
    3.47936964e+00 3.53130728e-01 -2.78948951e+00 4.99443197e+00
    -3.47530103e+00 3.62390661e+00 -1.47723234e+00 -6.41028357e+00
    9.34258366e+00 -3.52182961e+00 -3.47957492e+00 1.12191906e+01
    -1.53254194e+01 1.07081375e+01 -4.30439854e+00 1.97240162e+00
    -3.96023303e-01 -3.65028811e+00 1.90210021e+00 2.20249200e+00
    -4.99679375e+00 3.47262955e+00 2.14001656e+00 -7.13593721e+00
    6.25738049e+00 -3.14434505e+00 4.68319416e+00 -2.04434371e+00
    -7.59376645e-01 -8.15600574e-01 5.05981779e+00 -6.38281155e+00
    4.56155491e+00 1.71048999e+00 -5.46453476e+00 2.49683642e+00
    -7.32322574e-01 -7.10348308e-01 2.33840728e+00 -3.62758970e+00
    -2.90583372e-01 9.07607460e+00 -1.30326948e+01 1.03335962e+01
    -4.55974960e+00 1.59228361e+00 3.67692685e+00 -6.88891315e+00
    5.95499897e+00 -7.95477152e-01 -7.63085365e+00 9.49494267e+00
    -3.67615008e+00 -7.72574425e-01 1.98460463e-03 -3.42074966e+00
    6.85339546e+00 -7.57076263e+00 6.92101479e+00 -4.69783831e+00
    3.75658917e+00 -5.55811882e+00 5.57006264e+00 -1.66567564e+00
    1.18235195e+00 -2.50925231e+00 3.12658310e+00 -3.90549922e+00
    4.54708099e+00 -4.36610603e+00 4.07553864e+00 -3.17816019e+00
    1.03510070e+00</data></vocabulary>
</opencv_storage>
