<?xml version="1.0"?>
<opencv_storage>
<vocabulary type_id="opencv-matrix">
  <rows>81</rows>
  <cols>1</cols>
  <dt>f</dt>
  <data>
    -1.52064219e-01 4.73430455e-01 -8.57807279e-01 7.92894423e-01
    -3.43438238e-01 2.27452829e-01 9.09759477e-02 -4.06438231e-01
    2.33032033e-01 8.96553278e-01 -2.66648293e+00 3.68928599e+00
    -3.62716961e+00 2.33081818e+00 -1.16556990e+00 -2.43612975e-02
    9.29782391e-01 -5.62797844e-01 1.67386100e-01 1.05873322e+00
    -2.56577253e+00 3.88215303e+00 -3.29428816e+00 1.29589653e+00
    2.30929166e-01 -1.55306780e+00 8.82439494e-01 -2.01112437e+00
    2.87952662e+00 -2.45398927e+00 1.20379996e+00 -5.12203038e-01
    1.66409683e+00 -2.32600260e+00 2.94178176e+00 -1.39921927e+00
    1.44657636e+00 -1.24692464e+00 1.70439869e-01 4.26477462e-01
    2.12386465e+00 -3.84863853e+00 4.19103289e+00 -3.83724928e+00
    1.87801027e+00 1.22510254e+00 -5.50057268e+00 7.88581944e+00
    -7.74711323e+00 4.13190222e+00 1.69904983e+00 -3.59080410e+00
    3.54516482e+00 -2.03197336e+00 -1.81184864e+00 6.08973694e+00
    -8.02048683e+00 7.24844170e+00 -3.86937356e+00 -1.14234078e+00
    3.10344362e+00 -3.13974476e+00 1.93924749e+00 4.11207110e-01
    -1.21834707e+00 8.25057626e-01 1.00118136e+00 -3.52613664e+00
    5.36044884e+00 -5.10486555e+00 3.40538001e+00 -1.76598012e+00
    4.02803943e-02 -2.47875497e-01 8.68083656e-01 -1.90014505e+00
    3.05906248e+00 -3.53435063e+00 3.07120371e+00 -1.92400861e+00
    9.17163491e-01</data></vocabulary>
</opencv_storage>
