<?xml version="1.0"?>
<opencv_storage>
<vocabulary type_id="opencv-matrix">
  <rows>81</rows>
  <cols>1</cols>
  <dt>f</dt>
  <data>
    -5.40163636e-01 1.35432410e+00 -2.17124224e+00 2.68466067e+00
    -2.66459370e+00 2.38455606e+00 -2.07621908e+00 1.09528697e+00
    -3.33232671e-01 1.63994014e+00 -4.35786200e+00 6.59064484e+00
    -7.61205912e+00 7.69270611e+00 -7.25010777e+00 5.93846750e+00
    -2.83448029e+00 7.42015421e-01 -2.45902205e+00 7.04209137e+00
    -1.05552740e+01 1.16394453e+01 -1.13029528e+01 1.06490717e+01
    -8.85826778e+00 3.56565690e+00 -7.02251256e-01 2.58746576e+00
    -8.07459545e+00 1.26721668e+01 -1.38113060e+01 1.24922752e+01
    -1.14229889e+01 9.96758366e+00 -4.57325649e+00 1.39309359e+00
    -2.70646596e+00 9.35711288e+00 -1.52417088e+01 1.69346180e+01
    -1.41855049e+01 1.38480072e+01 -1.15428667e+01 6.51744127e+00
    -2.81746554e+00 2.24871325e+00 -8.79670238e+00 1.40931149e+01
    -1.52824860e+01 1.26052523e+01 -9.77191639e+00 7.91788483e+00
    -5.23409843e+00 2.63426304e+00 -1.67960763e+00 7.38242626e+00
    -1.07234945e+01 9.75881577e+00 -4.63157511e+00 -3.55155051e-01
    4.94185507e-01 9.46635604e-01 -1.08431673e+00 1.23648667e+00
    -5.40127707e+00 6.49458790e+00 -4.16697311e+00 -6.19232595e-01
    4.84753990e+00 -4.11201811e+00 1.17336106e+00 2.50809729e-01
    -4.52618778e-01 1.98063755e+00 -2.18204045e+00 1.22647190e+00
    5.39629817e-01 -2.16760325e+00 1.75292945e+00 -5.10894716e-01
    -9.37921554e-02</data></vocabulary>
</opencv_storage>
