<?xml version="1.0"?>
<opencv_storage>
<vocabulary type_id="opencv-matrix">
  <rows>81</rows>
  <cols>1</cols>
  <dt>f</dt>
  <data>
    -5.97752666e+00 1.37507448e+01 -9.28946209e+00 -1.74184620e+00
    3.71845937e+00 -6.37669504e-01 -1.57603824e+00 2.52987528e+00
    -1.10055184e+00 1.39506245e+01 -3.16749115e+01 1.83223095e+01
    1.05052071e+01 -1.51152153e+01 5.93813562e+00 1.60359955e+00
    -5.27111053e+00 2.50606942e+00 -1.89040852e+01 4.21169701e+01
    -2.08977413e+01 -2.07568874e+01 2.53759098e+01 -1.00810165e+01
    -2.86746097e+00 9.79830360e+00 -5.18248749e+00 2.26844883e+01
    -5.02018204e+01 2.36624756e+01 2.61955719e+01 -3.06118011e+01
    1.14213514e+01 6.16557360e+00 -1.61172104e+01 8.78870773e+00
    -2.46932545e+01 5.50160103e+01 -2.81811943e+01 -2.37389488e+01
    3.35600052e+01 -1.77807617e+01 -9.54052806e-01 1.43735275e+01
    -8.51286030e+00 2.45897808e+01 -5.51716766e+01 2.94270248e+01
    2.20517178e+01 -3.70990143e+01 3.14451618e+01 -1.29765625e+01
    -5.67128372e+00 5.16216755e+00 -1.96056976e+01 4.37651443e+01
    -2.11777458e+01 -2.37122097e+01 4.21278954e+01 -4.43923950e+01
    2.78356609e+01 -5.23111916e+00 -7.30880976e-01 1.10000124e+01
    -2.36103992e+01 4.89756775e+00 2.93477173e+01 -4.74354286e+01
    5.40221786e+01 -3.99048309e+01 1.57361097e+01 -3.84752870e+00
    -3.76909590e+00 7.72194576e+00 1.94458568e+00 -1.85366402e+01
    2.80741863e+01 -3.22175674e+01 2.46879692e+01 -1.09423380e+01
    3.07664299e+00</data></vocabulary>
</opencv_storage>
