<?xml version="1.0"?>
<opencv_storage>
<vocabulary type_id="opencv-matrix">
  <rows>81</rows>
  <cols>1</cols>
  <dt>f</dt>
  <data>
    1.01400316e+00 -7.06461477e+00 2.51969790e+00 8.75185490e+00
    -1.34436960e+01 9.35403347e+00 6.91079807e+00 -2.08556843e+01
    1.45592127e+01 -6.20824003e+00 1.99109612e+01 -1.34374895e+01
    8.98354292e-01 7.21566200e+00 -7.15869009e-01 -2.42043953e+01
    2.36891041e+01 -1.75168686e+01 1.02045786e+00 -1.33028078e+00
    -6.29695034e+00 6.69905615e+00 -2.16712761e+01 1.97577438e+01
    1.28856230e+01 -3.07396746e+00 1.03942213e+01 4.46101570e+00
    -7.38363647e+00 9.48607635e+00 -6.47644758e+00 1.17365932e+01
    -3.00413728e+00 -3.27587700e+01 -3.88287926e+00 5.36225939e+00
    -1.32927074e+01 6.34149969e-01 1.38227682e+01 -1.83876667e+01
    1.52733307e+01 5.70404005e+00 2.89239578e+01 8.91084099e+00
    -1.76314945e+01 2.03744946e+01 -7.45087624e+00 6.15508890e+00
    -2.87091961e+01 2.31909237e+01 -2.89922543e+01 -1.48974638e+01
    3.73263812e+00 1.09418173e+01 -1.58665304e+01 2.63096256e+01
    -1.89013062e+01 1.70427055e+01 -1.04314041e+01 3.73863945e+01
    -1.34961748e+01 -1.43767776e+01 1.10258331e+01 5.73068678e-01
    -8.15626526e+00 1.78905344e+00 -4.70319319e+00 -2.82469654e+00
    -6.20442486e+00 2.21173453e+00 1.38706331e+01 -1.57923241e+01
    4.14164925e+00 -4.41922522e+00 6.28663921e+00 -7.83633995e+00
    2.16725674e+01 -2.84744949e+01 2.11235046e+01 -3.26800990e+00
    -3.20910549e+00</data></vocabulary>
</opencv_storage>
