<?xml version="1.0"?>
<opencv_storage>
<vocabulary type_id="opencv-matrix">
  <rows>81</rows>
  <cols>1</cols>
  <dt>f</dt>
  <data>
    2.15008497e-01 -8.04235935e-01 9.36150029e-02 4.45402098e+00
    -1.15455258e+00 1.02000439e+00 -1.98781359e+00 -2.37689805e+00
    6.17669642e-01 -3.54753882e-01 1.84244299e+00 -2.09327435e+00
    -1.73983291e-01 4.55090143e-02 -1.97356975e+00 8.16763461e-01
    4.35869074e+00 -1.52311444e+00 -1.28739345e+00 1.57687640e+00
    -5.81273317e-01 -3.62028861e+00 1.21972680e+00 3.21121764e+00
    -3.08829355e+00 -4.23143595e-01 9.09278095e-01 1.23793399e+00
    2.29759470e-01 -4.74832177e-01 -1.98016775e+00 -2.54839182e+00
    2.90309095e+00 3.70066762e+00 -4.27213162e-01 -4.46449846e-01
    1.94625363e-01 2.29794621e+00 -3.46095562e-01 -2.42134070e+00
    5.09225273e+00 -3.10908127e+00 1.80206919e+00 -2.61148190e+00
    -7.78185725e-01 -9.69742179e-01 -3.81619781e-01 -2.69152832e+00
    -6.16601408e-01 1.30675888e+00 2.52749920e+00 8.30515504e-01
    -5.37957525e+00 2.79129338e+00 3.58292508e+00 -4.22926569e+00
    -2.64595211e-01 2.35513186e+00 -2.19822764e+00 5.16067219e+00
    -1.03141248e+00 4.28518057e+00 -2.13930702e+00 -9.25917804e-01
    9.24988449e-01 2.82038426e+00 2.74258018e+00 -1.62046158e+00
    -2.87667370e+00 2.27719021e+00 -2.31007457e+00 -2.93346381e+00
    -3.63929486e+00 4.29818773e+00 -3.16128898e+00 2.88052464e+00
    -1.91258693e+00 2.30567622e+00 -1.77254021e+00 -3.69015664e-01
    6.66280687e-02</data></vocabulary>
</opencv_storage>
