<?xml version="1.0"?>
<opencv_storage>
<vocabulary type_id="opencv-matrix">
  <rows>81</rows>
  <cols>1</cols>
  <dt>f</dt>
  <data>
    -2.22124359e+02 6.25928955e+02 -8.01031189e+02 7.39086792e+02
    -5.11461548e+02 3.65941193e+02 -1.14756027e+02 5.24061966e+01
    -1.05186089e+02 4.10737061e+02 -1.03250220e+03 1.06145410e+03
    -5.59030823e+02 -2.45213898e+02 5.40381592e+02 -7.19492371e+02
    4.29522919e+02 6.35338898e+01 -3.02174438e+02 5.91859131e+02
    -2.83757843e+02 -2.93151276e+02 8.22094971e+02 -8.17565491e+02
    7.66069702e+02 -3.28545776e+02 -1.73268539e+02 2.20203949e+02
    -3.87193756e+02 5.45997391e+01 1.02356049e+02 2.29901871e+02
    -5.99039062e+02 5.16879333e+02 -5.63476929e+02 5.15605103e+02
    -1.03444016e+02 -3.69216080e+01 8.07971252e+02 -9.11897217e+02
    1.60010147e+02 4.74844391e+02 -7.39773804e+02 8.15184875e+02
    -5.70047424e+02 1.28300295e+01 3.15494934e+02 -1.29634119e+03
    1.43213831e+03 -6.08020996e+02 -8.07359390e+01 6.51066956e+02
    -8.17603943e+02 5.14000183e+02 2.96023159e+01 -8.11224747e+01
    3.83731781e+02 -2.51762268e+02 -3.55154236e+02 5.23614258e+02
    -4.69241974e+02 4.25796600e+02 -3.01339539e+02 -7.24771957e+01
    2.48621712e+01 3.15915318e+01 -3.00403290e+02 6.79046692e+02
    -4.37847809e+02 -1.26312569e+02 2.13145889e+02 2.79352913e+01
    3.85144577e+01 -5.26236153e+01 6.92313232e+01 3.76338921e+01
    -1.93908386e+02 7.29166336e+01 2.05021027e+02 -2.09968903e+02
    2.21171684e+01</data></vocabulary>
</opencv_storage>
