<?xml version="1.0"?>
<opencv_storage>
<vocabulary type_id="opencv-matrix">
  <rows>81</rows>
  <cols>1</cols>
  <dt>f</dt>
  <data>
    -1.92002624e-01 1.17014074e+00 -2.79302573e+00 2.31176186e+00
    1.06671655e+00 -2.20746517e+00 -4.76636708e-01 1.11680663e+00
    -1.31883055e-01 -2.58330733e-01 -1.55622280e+00 5.58078098e+00
    -5.54248810e+00 3.47624183e-01 1.25224626e+00 2.58102417e+00
    -2.89150620e+00 7.09251046e-01 1.19199288e+00 1.45615172e+00
    -8.94499779e+00 1.01656837e+01 -1.87467539e+00 -3.74273062e-01
    -4.49454546e+00 3.83525658e+00 -9.46738124e-01 -2.16987157e+00
    8.23805809e-01 6.32656097e+00 -9.02922249e+00 1.27150702e+00
    3.15651268e-01 4.20975447e+00 -3.23361731e+00 9.58647966e-01
    2.46307588e+00 -3.17618012e+00 -1.96301353e+00 5.40137625e+00
    -2.53978163e-01 1.38551486e+00 -3.65280104e+00 2.55465412e+00
    -1.27460527e+00 -1.15899622e+00 3.02670288e+00 -8.64550054e-01
    -1.53787708e+00 4.77106750e-01 -9.71319675e-01 1.27859974e+00
    -9.11001325e-01 8.38858128e-01 2.27939561e-01 -3.00430417e+00
    3.71974850e+00 -1.26693869e+00 -1.07716715e+00 1.62034309e+00
    -4.06367332e-01 2.68549383e-01 -3.56722265e-01 2.15355650e-01
    6.12582505e-01 -6.70074165e-01 -6.88764572e-01 2.20111871e+00
    -2.41720414e+00 1.11666012e+00 -5.17618597e-01 1.88315213e-01
    -5.75018376e-02 1.73573375e-01 -3.38238060e-01 6.75212622e-01
    -1.22196674e+00 1.09646273e+00 -5.53771913e-01 3.34952980e-01
    -1.11745827e-01</data></vocabulary>
</opencv_storage>
