<?xml version="1.0"?>
<opencv_storage>
<vocabulary type_id="opencv-matrix">
  <rows>81</rows>
  <cols>1</cols>
  <dt>f</dt>
  <data>
    1.58925176e-01 -8.19672719e-02 -1.36812776e-01 -3.76058877e-01
    1.00270212e+00 -6.42347991e-01 -1.56358089e-02 2.02397943e-01
    -1.29462659e-01 -3.37191671e-01 3.10056880e-02 5.14760375e-01
    6.61536634e-01 -2.21778131e+00 1.59265554e+00 -3.76440072e-03
    -5.17497182e-01 3.15823793e-01 3.33587617e-01 -5.13054691e-02
    -9.30034161e-01 -6.77507743e-02 1.58701658e+00 -1.17312634e+00
    -8.82232368e-01 1.25886154e+00 -5.27098536e-01 -1.87266707e-01
    2.80637741e-01 2.59456664e-01 8.62960219e-01 -1.72684145e+00
    7.48600602e-01 1.82367778e+00 -1.96989322e+00 7.04371035e-01
    6.53309897e-02 -2.83010781e-01 -1.28030777e-01 -1.11879373e+00
    3.79137421e+00 -1.75107574e+00 -1.23127985e+00 1.68319631e+00
    -5.51787674e-01 6.55568093e-02 -5.70941307e-02 6.08433306e-01
    -1.27002317e-02 -1.45478773e+00 1.34780753e+00 8.02066803e-01
    -1.27932405e+00 3.36915106e-01 -3.46503481e-02 -5.86577021e-02
    -1.39273718e-01 -2.50633448e-01 8.87015939e-01 -6.50378168e-01
    -6.01134419e-01 8.22234809e-01 -1.82215318e-01 -1.24044709e-01
    5.43075502e-01 -9.02254522e-01 1.37285292e+00 -1.78962779e+00
    1.43682325e+00 -4.85158861e-01 -9.22283456e-02 1.23974271e-02
    9.34143290e-02 -3.93107414e-01 7.15514004e-01 -9.72514391e-01
    1.09476995e+00 -8.85660112e-01 4.54582423e-01 -1.14742860e-01
    4.59239595e-02</data></vocabulary>
</opencv_storage>
