<?xml version="1.0"?>
<opencv_storage>
<vocabulary type_id="opencv-matrix">
  <rows>81</rows>
  <cols>1</cols>
  <dt>f</dt>
  <data>
    2.62605220e-01 -3.81623602e+00 -8.36496162e+00 4.29498215e+01
    -6.11511879e+01 5.16881790e+01 -2.74834690e+01 2.57237549e+01
    -1.78389187e+01 -5.47197962e+00 1.85941238e+01 -1.31449537e+01
    -2.62419853e+01 4.85522575e+01 -1.85389805e+01 -1.91990433e+01
    -1.34467106e+01 2.73902664e+01 2.50751042e+00 -1.20314684e+01
    4.23252792e+01 -5.84257469e+01 2.33694859e+01 -2.38320560e+01
    6.01540222e+01 -2.87364216e+01 -4.15980291e+00 2.86622620e+01
    -6.76531525e+01 3.28069992e+01 1.08311052e+01 3.14955349e+01
    -2.90146198e+01 -4.29844131e+01 5.19183464e+01 -2.03352394e+01
    -3.87359962e+01 9.14757309e+01 -5.49315796e+01 2.63371873e+00
    -5.07991486e+01 6.38273430e+01 1.45699806e+01 -5.82011299e+01
    3.37426758e+01 1.57842693e+01 -2.87733364e+01 -2.68667049e+01
    8.20187683e+01 -7.06623983e+00 -5.39049187e+01 -6.28885806e-01
    6.08071060e+01 -3.93326149e+01 1.89923363e+01 -5.49994202e+01
    1.07628571e+02 -1.30513367e+02 5.00495529e+01 1.97790051e+01
    9.56787395e+00 -5.72537689e+01 3.52889862e+01 -3.08982105e+01
    7.54620285e+01 -1.09690849e+02 1.11262550e+02 -5.83962364e+01
    1.69554882e+01 -2.89462166e+01 4.95727997e+01 -2.73995037e+01
    1.28712158e+01 -2.95829887e+01 4.37548447e+01 -4.73578110e+01
    2.93171387e+01 -1.51150608e+01 1.86885757e+01 -2.21590786e+01
    1.11359720e+01</data></vocabulary>
</opencv_storage>
