<?xml version="1.0"?>
<opencv_storage>
<vocabulary type_id="opencv-matrix">
  <rows>81</rows>
  <cols>1</cols>
  <dt>f</dt>
  <data>
    -3.13183928e+00 7.03318501e+00 -4.11041117e+00 6.26188278e+00
    6.41216087e+00 2.66015873e+01 -1.59802694e+01 -2.53577671e+01
    4.74677753e+00 8.71342945e+00 -8.22723103e+00 -7.93146849e+00
    -3.96416664e+00 -9.17105770e+00 8.55490971e+00 -1.56775451e+00
    3.08300710e+00 3.11958599e+00 -7.47879076e+00 4.47353172e+00
    1.43946991e+01 5.75425744e-01 -7.95427275e+00 -3.13847327e+00
    -1.48164272e+01 1.69646683e+01 1.02769136e+01 -8.53549671e+00
    5.97001457e+00 -2.78641671e-01 -2.69077740e+01 1.02144213e+01
    2.67047539e+01 -1.85933056e+01 -8.16205406e+00 -3.60274959e+00
    4.63695669e+00 2.85447102e+01 -3.80077505e+00 3.87880492e+00
    3.31013336e+01 -5.32740307e+00 -1.27180681e+01 -7.53642368e+00
    2.62709975e+00 -2.27310829e+01 -3.77871170e+01 -1.49338531e+01
    -1.32331362e+01 1.29175196e+01 -3.35022926e+01 1.36584291e+01
    1.12960205e+01 7.14692354e+00 3.33663902e+01 1.84620743e+01
    1.18219404e+01 3.04251289e+01 -2.61211472e+01 3.18791080e+00
    -1.09145331e+00 1.91666031e+01 -1.90834217e+01 5.04658508e+00
    -1.35984859e+01 6.03551912e+00 3.61475110e+00 7.52613544e-01
    -3.58656731e+01 5.53081369e+00 1.09293623e+01 1.32920847e+01
    -1.07065287e+01 -2.35991645e+00 -3.36708832e+00 -1.32896185e+00
    -1.03568068e+01 5.50016594e+00 3.61030693e+01 -3.98090096e+01
    9.96426392e+00</data></vocabulary>
</opencv_storage>
