<?xml version="1.0"?>
<opencv_storage>
<vocabulary type_id="opencv-matrix">
  <rows>81</rows>
  <cols>1</cols>
  <dt>f</dt>
  <data>
    -1.17675495e+00 4.64453506e+00 -1.00124044e+01 1.44815254e+01
    -1.06312819e+01 5.92251062e+00 -4.22828102e+00 1.53908801e+00
    -1.30432785e-01 -1.09591639e+00 -1.54663220e-01 6.93769312e+00
    -9.47675228e+00 5.90051174e+00 -1.14503441e+01 1.28108082e+01
    -4.04243374e+00 -9.09788758e-02 4.28361130e+00 -8.06625557e+00
    2.03041244e+00 -4.11962986e+00 1.04923029e+01 2.14223123e+00
    -1.05163612e+01 1.69590497e+00 2.18079162e+00 -8.97045040e+00
    2.06412067e+01 -1.48527031e+01 1.38099899e+01 -1.94786987e+01
    3.78210139e+00 8.80173683e+00 -1.03730488e+00 -2.85162735e+00
    1.14086933e+01 -2.82802582e+01 2.10890865e+01 -1.24080172e+01
    1.78472214e+01 -1.26969659e+00 -1.22210426e+01 4.26634932e+00
    1.28987086e+00 -7.65937805e+00 1.96044788e+01 -9.66613102e+00
    -4.39137459e+00 1.19951141e+00 -9.00222111e+00 1.68065491e+01
    -7.94310665e+00 6.06457710e-01 3.72344160e+00 -1.00383329e+01
    6.72802448e-01 1.33709707e+01 -1.06302700e+01 1.00961962e+01
    -1.30266199e+01 6.73360157e+00 -7.64913023e-01 -2.32800245e+00
    6.48245716e+00 -1.58221185e+00 -6.68598747e+00 4.47168303e+00
    -1.96869898e+00 3.30486321e+00 -1.30676174e+00 -5.04202902e-01
    8.36455941e-01 -2.33225322e+00 1.63080597e+00 -1.69019237e-01
    1.25599587e+00 -2.13487673e+00 1.33905375e+00 -9.05847907e-01
    4.69997495e-01</data></vocabulary>
</opencv_storage>
