<?xml version="1.0"?>
<opencv_storage>
<vocabulary type_id="opencv-matrix">
  <rows>81</rows>
  <cols>1</cols>
  <dt>f</dt>
  <data>
    -2.72833724e-02 -6.10586032e-02 4.48150039e-01 -3.16327125e-01
    1.11077383e-01 -3.73542756e-01 2.06750169e-01 3.34218651e-01
    -2.93934822e-01 8.91713146e-03 1.54305547e-01 -8.09373915e-01
    4.08789575e-01 -3.00269574e-01 1.20136642e+00 -6.16644204e-01
    -7.62933016e-01 6.76954627e-01 -9.50253308e-02 5.75281074e-03
    4.61215645e-01 -1.45874873e-01 1.93670556e-01 -1.38604701e+00
    2.42023140e-01 1.60809302e+00 -1.09284198e+00 1.43353835e-01
    -2.91797314e-02 -3.66744518e-01 3.65232289e-01 -6.77494824e-01
    1.72767878e+00 1.75125867e-01 -2.41801167e+00 1.47901165e+00
    8.73930082e-02 -3.48400235e-01 2.99004108e-01 -3.56080353e-01
    2.20811892e+00 -1.59136820e+00 -8.14000964e-01 2.76840043e+00
    -1.63461113e+00 -2.53934979e-01 5.34265637e-01 -2.14459047e-01
    1.15467310e-02 -5.14971495e-01 7.71492600e-01 1.41564536e+00
    -2.95324063e+00 1.68486226e+00 3.28686796e-02 2.09011719e-01
    -9.33776855e-01 1.22984016e+00 -1.06943893e+00 9.73973155e-01
    -2.06770992e+00 2.72256589e+00 -1.43775880e+00 1.83245227e-01
    -6.81694686e-01 1.38813031e+00 -1.60509562e+00 1.47631800e+00
    -1.44236445e+00 1.58607352e+00 -1.69926429e+00 8.67100716e-01
    -1.08867005e-01 2.37148821e-01 -3.80626678e-01 4.73652005e-01
    -5.10664225e-01 5.29532254e-01 -5.15895367e-01 5.74657023e-01
    -3.09776038e-01</data></vocabulary>
</opencv_storage>
