<?xml version="1.0"?>
<opencv_storage>
<vocabulary type_id="opencv-matrix">
  <rows>81</rows>
  <cols>1</cols>
  <dt>f</dt>
  <data>
    -2.50468040e+00 1.01137972e+00 4.20505857e+00 -4.35902405e+00
    7.56540239e-01 1.15172580e-01 5.08144438e-01 -4.67032522e-01
    2.88818091e-01 6.98574162e+00 -2.50574732e+00 -1.26802330e+01
    1.39996204e+01 -5.08661842e+00 2.78330326e+00 -3.89081740e+00
    3.06199121e+00 -1.38906753e+00 -9.23206615e+00 3.64918923e+00
    1.70843468e+01 -1.87133904e+01 4.28487253e+00 -1.28598022e+00
    4.61582041e+00 -4.10654163e+00 1.84033597e+00 9.30617142e+00
    -3.76993155e+00 -1.78023052e+01 1.79237976e+01 1.28379714e+00
    -4.55730295e+00 -1.62449002e+00 2.78292274e+00 -1.67339039e+00
    -8.42721558e+00 3.37553167e+00 1.65160923e+01 -1.73410568e+01
    9.55295503e-01 2.88019466e+00 2.73676562e+00 -3.27856159e+00
    2.18281102e+00 6.09517479e+00 -1.73158801e+00 -1.46084299e+01
    1.70235100e+01 -4.88840246e+00 4.31981564e+00 -7.60608101e+00
    5.48449898e+00 -3.02773285e+00 -3.08064818e+00 -1.56072581e+00
    1.42725754e+01 -1.63857651e+01 7.72060537e+00 -7.41479778e+00
    8.76187515e+00 -5.59353304e+00 2.79885912e+00 8.63544881e-01
    3.31206083e+00 -1.12703075e+01 1.33687468e+01 -1.05618238e+01
    1.03584108e+01 -9.66069317e+00 5.77330732e+00 -2.44401312e+00
    -2.69872472e-02 -1.69342256e+00 4.47949076e+00 -6.16170359e+00
    6.46961069e+00 -6.34193754e+00 5.82172728e+00 -3.61627936e+00
    1.31954908e+00</data></vocabulary>
</opencv_storage>
