<?xml version="1.0"?>
<opencv_storage>
<vocabulary type_id="opencv-matrix">
  <rows>81</rows>
  <cols>1</cols>
  <dt>f</dt>
  <data>
    -3.58169150e+00 5.06686831e+00 -2.72507501e+00 -4.73278761e+00
    8.60080624e+00 -1.68399000e+00 1.59434214e+01 -1.70890732e+01
    7.76739359e-01 2.00308275e+00 -1.55819917e+00 3.76291704e+00
    7.42056704e+00 -7.19202471e+00 -2.32504044e+01 -1.28546543e+01
    2.58154831e+01 4.07197523e+00 -1.95334518e+00 -1.17383134e+00
    -4.05501890e+00 -1.03467340e+01 2.37152147e+00 2.99327641e+01
    3.19724917e+00 -1.62747288e+01 -8.03026009e+00 7.19028521e+00
    -4.99916029e+00 1.28161688e+01 1.04064894e+01 7.22999871e-01
    -4.36733150e+00 -1.16851044e+01 7.94733381e+00 5.57127714e+00
    -3.23082376e+00 4.74178743e+00 -2.15724125e+01 -1.60219026e+00
    -6.09728765e+00 -1.90698493e+00 1.15302677e+01 4.28428268e+00
    -5.48244572e+00 -5.44496679e+00 4.07919264e+00 6.15845442e+00
    9.96447182e+00 7.51843929e-01 -7.37351105e-02 -8.28864288e+00
    -1.73135891e+01 5.97995567e+00 5.28688097e+00 -3.56347656e+00
    3.06614220e-01 -9.29550457e+00 -1.53464794e+00 2.51968193e+00
    8.60095024e+00 1.31765928e+01 -3.45588040e+00 1.92058980e+00
    -3.15007615e+00 2.62856698e+00 -2.00501466e+00 1.06232882e+01
    -1.20014496e+01 6.66960001e+00 -1.09032402e+01 4.12341881e+00
    -2.66341257e+00 6.24104321e-01 4.98262787e+00 -5.29742241e+00
    1.70739186e+00 1.34839988e+00 -4.40890503e+00 3.70135999e+00
    -1.50994277e+00</data></vocabulary>
</opencv_storage>
