<?xml version="1.0"?>
<opencv_storage>
<vocabulary type_id="opencv-matrix">
  <rows>81</rows>
  <cols>1</cols>
  <dt>f</dt>
  <data>
    1.26383865e+00 -2.25452423e-01 2.62948775e+00 -4.63397205e-01
    -3.76109958e-01 1.27260840e+00 -9.34092224e-01 1.88567013e-01
    3.78098816e-01 -4.03889418e-01 8.31279755e-01 1.37108052e+00
    -1.58173084e+00 -3.40606831e-02 -1.94137907e+00 -8.17470431e-01
    -3.91034961e-01 1.12146568e+00 -9.69590545e-01 2.89212674e-01
    -3.18742752e-01 -9.97208118e-01 -9.70147192e-01 -7.26316571e-01
    -1.10722136e+00 1.61645269e+00 6.02299094e-01 -2.67309618e+00
    3.14527202e+00 1.48612642e+00 -3.92381221e-01 1.44362990e-02
    1.87556303e+00 6.03108168e-01 -6.99824929e-01 -9.25628543e-01
    -1.47353745e+00 8.68030012e-01 -1.65179598e+00 1.28225112e+00
    -1.83510685e+00 -7.23049402e-01 7.01650679e-01 6.54425561e-01
    1.14644289e+00 1.55267644e+00 -1.55207467e+00 -9.55949724e-01
    6.47074163e-01 2.37319797e-01 -1.29309094e+00 -5.62972248e-01
    2.05890894e+00 -2.35659909e+00 -3.25528413e-01 2.47204971e+00
    5.87889194e-01 6.57472014e-01 6.18075788e-01 1.35960722e+00
    7.32096493e-01 -1.79081053e-01 -1.54453397e+00 -1.35961139e+00
    -3.63600224e-01 -1.76901507e+00 1.19645834e+00 -3.84086341e-01
    8.62025440e-01 -5.38149029e-02 -4.86236244e-01 7.46983767e-01
    1.56315076e+00 1.20473278e+00 -1.40272617e+00 3.19226354e-01
    -1.97269845e+00 -7.66267776e-01 1.36249709e+00 -5.49598098e-01
    1.44127622e-01</data></vocabulary>
</opencv_storage>
