<?xml version="1.0"?>
<opencv_storage>
<vocabulary type_id="opencv-matrix">
  <rows>81</rows>
  <cols>1</cols>
  <dt>f</dt>
  <data>
    -7.29742274e-02 2.18921155e-01 -3.53688627e-01 2.64868826e-01
    1.01453699e-01 -1.00066073e-01 2.27309298e-02 1.83220599e-02
    2.81876624e-02 1.04908198e-01 -3.16447884e-01 7.06534982e-01
    -8.10604692e-01 2.40378633e-01 1.32883027e-01 -1.40643165e-01
    2.21450239e-01 -3.03623796e-01 -2.96941511e-02 2.15420306e-01
    -1.08217502e+00 1.58137131e+00 -1.04673862e+00 -3.79418209e-02
    1.30199403e-01 -4.90312636e-01 5.98535061e-01 -4.37288493e-01
    8.54127645e-01 1.81927294e-01 -1.16189635e+00 5.69665909e-01
    3.21771443e-01 4.92221769e-03 5.55742800e-01 -6.75773323e-01
    1.02297008e+00 -2.13525605e+00 1.06994450e+00 1.66194499e-01
    8.51167440e-01 7.08612919e-01 -9.64317024e-01 -3.39094400e-01
    6.28617406e-01 -1.04295778e+00 2.07795048e+00 -1.47094369e+00
    5.07495284e-01 5.58132946e-01 -1.64023685e+00 1.54691184e+00
    -8.89389515e-02 -4.18599516e-01 7.02666044e-01 -1.15608215e+00
    5.84916234e-01 3.49543303e-01 -1.50870883e+00 2.32842994e+00
    -1.95159364e+00 5.99015534e-01 1.16941743e-01 -3.14482003e-01
    3.76471788e-01 -8.86407569e-02 -4.15408731e-01 1.06441224e+00
    -1.68192160e+00 1.36714888e+00 -5.00220597e-01 4.59327508e-04
    9.53034237e-02 -1.02729999e-01 2.36444548e-02 8.47437680e-02
    -1.94279119e-01 3.41567725e-01 -2.47425556e-01 3.76508012e-02
    3.65105420e-02</data></vocabulary>
</opencv_storage>
