<?xml version="1.0"?>
<opencv_storage>
<vocabulary type_id="opencv-matrix">
  <rows>81</rows>
  <cols>1</cols>
  <dt>f</dt>
  <data>
    -8.36239100e-01 2.19092226e+00 -4.51462412e+00 7.25582123e+00
    -6.47158194e+00 5.58344984e+00 -4.58143997e+00 2.02042055e+00
    -5.92702091e-01 2.39733052e+00 -4.79868269e+00 5.77947474e+00
    -5.89434147e+00 2.18984485e+00 -2.43990040e+00 4.30876255e+00
    -2.19798040e+00 4.56110805e-01 -2.82545614e+00 4.31537247e+00
    -1.83769727e+00 -3.57070136e+00 1.10524902e+01 -1.02926350e+01
    3.30918646e+00 -1.07374525e+00 7.93419957e-01 2.87369084e+00
    -4.01608706e+00 1.80412817e+00 2.38363338e+00 -1.00877533e+01
    1.10210896e+01 -4.63768530e+00 1.85178435e+00 -7.89809048e-01
    -1.91428339e+00 1.92376435e+00 -2.10713840e+00 2.76453686e+00
    4.16865587e+00 -5.74336290e+00 2.43074489e+00 -1.46696222e+00
    6.34284377e-01 1.59059301e-01 1.72559702e+00 -1.78332639e+00
    7.65957683e-03 -2.10462499e+00 3.37368083e+00 -2.00433159e+00
    2.88287306e+00 -1.73759115e+00 4.29202795e-01 -2.33851838e+00
    3.61659622e+00 -3.61394477e+00 3.80648613e+00 -3.23096681e+00
    2.88974905e+00 -4.62547731e+00 2.76827335e+00 1.11918114e-02
    5.99253654e-01 -1.01011169e+00 8.33399117e-01 -1.18782604e+00
    1.06187105e+00 -1.86880744e+00 3.54734874e+00 -1.94967651e+00
    -8.16595852e-02 4.64053601e-02 -5.06493509e-01 1.31972551e+00
    -1.26391375e+00 7.66551912e-01 2.76618779e-01 -1.23424172e+00
    6.03291810e-01</data></vocabulary>
</opencv_storage>
