<?xml version="1.0"?>
<opencv_storage>
<vocabulary type_id="opencv-matrix">
  <rows>81</rows>
  <cols>1</cols>
  <dt>f</dt>
  <data>
    1.88360751e+00 9.70628643e+00 -1.26633940e+01 3.40816998e+00
    4.70444012e+00 7.19805658e-01 1.61521637e+00 -1.86383743e+01
    1.50720091e+01 -1.08115339e+01 -1.66465740e+01 2.60620937e+01
    -2.02262998e-02 -2.26890125e+01 5.59530067e+00 -4.77304173e+00
    4.61447678e+01 -3.99241600e+01 1.95906906e+01 4.12747431e+00
    -2.17468281e+01 1.12282598e+00 2.23537521e+01 -6.37062025e+00
    -3.53337669e+00 -3.03980770e+01 2.90394573e+01 -2.00687962e+01
    5.34680271e+00 2.50476856e+01 -2.82666340e+01 1.40066290e+01
    -1.23455353e+01 2.38682213e+01 -1.70326290e+01 1.16909628e+01
    1.56207809e+01 -1.62276173e+00 -2.16746807e+01 2.87060490e+01
    -1.91373653e+01 1.45514240e+01 -3.08241367e+01 3.96373482e+01
    -3.62894974e+01 -1.37999792e+01 -7.00300485e-02 -3.45699167e+00
    9.86840057e+00 -2.69640064e+00 -1.97562866e+01 4.59831047e+01
    -4.83259201e+01 4.68662376e+01 8.90074825e+00 1.29814923e+00
    1.29054089e+01 -2.86441708e+01 1.95522327e+01 8.88349056e+00
    -3.30714874e+01 3.22365913e+01 -3.40154495e+01 7.59658098e+00
    -2.46131840e+01 2.02518883e+01 -4.27760029e+00 -6.37376451e+00
    1.70557232e+01 -1.08630056e+01 4.42282677e+00 2.81308985e+00
    -7.42827988e+00 1.80104065e+01 -1.70272102e+01 6.89693356e+00
    4.18387890e+00 -2.06372986e+01 2.06551571e+01 -1.26289330e+01
    6.14947987e+00</data></vocabulary>
</opencv_storage>
