<?xml version="1.0"?>
<opencv_storage>
<vocabulary type_id="opencv-matrix">
  <rows>81</rows>
  <cols>1</cols>
  <dt>f</dt>
  <data>
    1.74425185e-01 -2.68240094e-01 6.18162692e-01 -1.24956059e+00
    1.65722549e+00 -1.98787022e+00 4.97664392e-01 1.43549550e+00
    -8.97067428e-01 -2.18377665e-01 3.01408887e-01 -9.89197493e-01
    1.98817337e+00 -3.17660213e+00 5.16710615e+00 -1.71828556e+00
    -3.94007134e+00 2.65531397e+00 4.05878216e-01 -9.01425064e-01
    1.26017857e+00 -6.99995458e-01 1.79706383e+00 -5.42661428e+00
    1.17131472e+00 7.78795242e+00 -5.64891768e+00 -1.20130110e+00
    3.20496821e+00 -3.41951609e+00 1.00695658e+00 -2.04765296e+00
    6.86478662e+00 -1.68080783e+00 -1.15790100e+01 9.19142914e+00
    7.10516095e-01 -2.12305880e+00 1.60516942e+00 1.19621885e+00
    1.40339196e+00 -5.93899965e+00 1.94951510e+00 1.12272720e+01
    -9.44157982e+00 1.30380785e+00 -3.06243038e+00 4.38702154e+00
    -6.00310707e+00 4.58988667e+00 1.18144119e+00 -4.26285088e-01
    -8.33386421e+00 7.12172174e+00 -1.86357915e+00 4.51866865e+00
    -5.98978996e+00 7.03172255e+00 -5.97099590e+00 1.37316763e+00
    -3.43673348e-01 4.90713978e+00 -4.25140429e+00 1.00064456e+00
    -2.43900561e+00 3.79739261e+00 -5.19583559e+00 4.88632488e+00
    -2.96222234e+00 1.46767080e+00 -1.70235670e+00 1.21682823e+00
    -3.73542786e-01 9.15553331e-01 -1.67972481e+00 2.60241532e+00
    -2.65682626e+00 2.21498466e+00 -1.27110219e+00 1.55018181e-01
    1.33648500e-01</data></vocabulary>
</opencv_storage>
