<?xml version="1.0"?>
<opencv_storage>
<vocabulary type_id="opencv-matrix">
  <rows>81</rows>
  <cols>1</cols>
  <dt>f</dt>
  <data>
    -1.51963577e-01 4.00591969e-01 -9.32217777e-01 3.36345047e-01
    1.15092480e+00 -1.47215104e+00 1.22880328e+00 -8.78494740e-01
    3.37398142e-01 -5.45033403e-02 9.25953209e-01 -4.96651642e-02
    -8.19871947e-02 -2.05134630e+00 2.00643992e+00 -1.51022422e+00
    1.42246628e+00 -6.40244424e-01 6.55664921e-01 -2.73592639e+00
    1.02686191e+00 8.13894093e-01 6.39925480e-01 -1.48602143e-01
    -2.75450468e-01 -7.36606359e-01 5.84763646e-01 -7.17898667e-01
    2.56034684e+00 -3.19819599e-01 -1.60776019e+00 -2.78109878e-01
    -4.57663953e-01 2.01712132e+00 -4.24257576e-01 -3.62501353e-01
    7.46738762e-02 -8.01623225e-01 -1.61289287e+00 2.68342566e+00
    1.27451074e+00 2.84100801e-01 -3.31559372e+00 1.79588187e+00
    5.06073423e-02 -1.29790436e-02 1.49691448e-01 2.30100369e+00
    -3.30378699e+00 1.40264475e+00 -7.80422270e-01 2.51526523e+00
    -1.53153646e+00 6.08336702e-02 7.62708127e-01 -8.49037230e-01
    -1.50266397e+00 2.96056867e+00 -3.04543948e+00 1.95801508e+00
    -1.18104637e+00 3.07434946e-01 -1.19816385e-01 -7.86097586e-01
    6.60527170e-01 1.14798725e+00 -2.57820439e+00 3.25047350e+00
    -2.58938789e+00 1.50912893e+00 -5.65531790e-01 3.26685101e-01
    2.05087364e-01 -1.56980887e-01 -4.08091396e-01 1.03178585e+00
    -1.36090338e+00 1.13193095e+00 -7.17269599e-01 2.56904840e-01
    -1.02904685e-01</data></vocabulary>
</opencv_storage>
