<?xml version="1.0"?>
<opencv_storage>
<vocabulary type_id="opencv-matrix">
  <rows>81</rows>
  <cols>1</cols>
  <dt>f</dt>
  <data>
    -2.19638777e+00 7.57276821e+00 -6.86186743e+00 4.34098840e-01
    1.73678279e+00 2.51224732e+00 1.54729795e+00 -5.72224236e+00
    1.83822393e+00 1.85741949e+00 -9.87967587e+00 9.31107903e+00
    2.11669183e+00 -5.75511217e+00 -5.08256912e+00 7.49513833e-03
    9.64424133e+00 -3.63870001e+00 1.99338031e+00 2.04067373e+00
    -6.75691175e+00 3.60802579e+00 -1.51609027e+00 7.31725740e+00
    1.57839406e+00 -1.23861771e+01 5.34887791e+00 -3.13846707e+00
    8.64038095e-02 1.08324432e+01 -1.61597939e+01 1.21799564e+01
    -8.96103287e+00 -3.10117292e+00 1.19343138e+01 -5.12366343e+00
    2.32535076e+00 1.41217506e+00 -1.30661478e+01 1.89289761e+01
    -1.56612692e+01 1.46809235e+01 -3.47359514e+00 -4.27193499e+00
    1.54243219e+00 -3.70630550e+00 3.11281180e+00 5.01468182e+00
    -8.05385017e+00 7.33267307e+00 -8.78881454e+00 2.69295669e+00
    1.56771298e-02 1.19354415e+00 3.08765936e+00 -2.56606650e+00
    -2.03222346e+00 1.61470556e+00 2.18199778e+00 -5.20917892e+00
    8.82580471e+00 -5.25046778e+00 3.91283870e-01 -8.65205109e-01
    -1.81182420e+00 4.69850159e+00 -2.62849927e+00 -3.33180332e+00
    1.09182425e+01 -1.49888744e+01 9.74957371e+00 -2.78504539e+00
    6.27883077e-02 1.64761639e+00 -3.15980983e+00 2.44181299e+00
    2.91896939e-01 -4.42625618e+00 7.12363672e+00 -5.01718330e+00
    1.59007096e+00</data></vocabulary>
</opencv_storage>
