<?xml version="1.0"?>
<opencv_storage>
<vocabulary type_id="opencv-matrix">
  <rows>81</rows>
  <cols>1</cols>
  <dt>f</dt>
  <data>
    5.06903648e-01 -1.88898551e+00 2.94826460e+00 -1.58868599e+00
    -1.05623245e+00 1.62331474e+00 -4.32644457e-01 -3.12656850e-01
    1.01488106e-01 -1.51195359e+00 5.47279549e+00 -8.76314926e+00
    5.62668514e+00 8.65497768e-01 -2.47550917e+00 4.76113074e-02
    1.21253490e+00 -3.19099426e-01 2.34632158e+00 -8.41685963e+00
    1.37919292e+01 -9.65451050e+00 5.55700362e-01 1.95304370e+00
    4.52938408e-01 -1.83084774e+00 3.79744470e-01 -2.78299856e+00
    1.01293402e+01 -1.68971920e+01 1.22137737e+01 -1.62181234e+00
    -1.33890295e+00 -8.32182527e-01 2.11821246e+00 -3.35787684e-01
    2.71673560e+00 -9.77102470e+00 1.62172470e+01 -1.20712996e+01
    3.52256608e+00 5.44777475e-02 2.52151036e+00 -3.21747518e+00
    6.41112983e-01 -2.30729556e+00 7.97316933e+00 -1.29996185e+01
    8.78145981e+00 9.73664820e-02 -1.31459939e+00 -2.40567350e+00
    3.10849142e+00 -6.55080080e-01 1.41145492e+00 -4.34030581e+00
    6.31506872e+00 -1.78753734e+00 -5.68689203e+00 5.99246550e+00
    -1.76542222e+00 -2.35431314e-01 -1.18380114e-01 -3.87762189e-01
    7.12403119e-01 -1.62823752e-01 -3.64357090e+00 8.70454884e+00
    -8.62317181e+00 4.92653418e+00 -2.23818040e+00 8.08337688e-01
    3.24947499e-02 7.89375603e-02 -5.37780821e-01 2.24792528e+00
    -4.44454908e+00 4.36200523e+00 -2.64512587e+00 1.29790020e+00
    -4.50072497e-01</data></vocabulary>
</opencv_storage>
