<?xml version="1.0"?>
<opencv_storage>
<vocabulary type_id="opencv-matrix">
  <rows>81</rows>
  <cols>1</cols>
  <dt>f</dt>
  <data>
    -4.75522727e-02 2.02548146e-01 -6.04639530e-01 1.08331072e+00
    -1.23430049e+00 1.08101356e+00 -6.80289268e-01 2.84680665e-01
    -1.28664225e-01 -6.95977360e-02 -5.93604147e-02 8.77365708e-01
    -1.92614913e+00 2.45042443e+00 -2.30038023e+00 1.42063844e+00
    -6.03574634e-01 2.68719077e-01 4.73105520e-01 -9.14539158e-01
    -2.95971315e-02 1.61611807e+00 -2.71580005e+00 2.43979239e+00
    -1.68097472e+00 9.63539183e-01 -5.63243151e-01 -8.24576735e-01
    1.80921280e+00 -8.21111798e-01 -1.10550213e+00 2.23300457e+00
    -1.61879063e+00 1.45646763e+00 -1.35992444e+00 9.46208596e-01
    8.17948639e-01 -1.86650431e+00 1.04968989e+00 5.18905342e-01
    -9.91784483e-02 7.10880339e-01 -1.04696393e+00 1.41834521e+00
    -1.02189577e+00 -6.68796122e-01 1.66999066e+00 -1.42537022e+00
    5.27345657e-01 2.65253764e-02 2.71842748e-01 3.41494083e-01
    -1.22590613e+00 9.52103317e-01 3.38091999e-01 -9.77365494e-01
    6.65116847e-01 1.38339952e-01 -4.01054233e-01 2.88557447e-02
    -3.78848791e-01 9.90553379e-01 -7.75285423e-01 8.49808753e-02
    3.64535372e-03 3.97486717e-01 -1.15319514e+00 1.30396628e+00
    -1.12957585e+00 9.57768202e-01 -9.11492169e-01 6.17938817e-01
    -8.99355561e-02 1.38514027e-01 -4.01380956e-01 8.08685601e-01
    -8.72469902e-01 7.74628103e-01 -5.94932556e-01 4.56628591e-01
    -2.88220376e-01</data></vocabulary>
</opencv_storage>
