<?xml version="1.0"?>
<opencv_storage>
<vocabulary type_id="opencv-matrix">
  <rows>81</rows>
  <cols>1</cols>
  <dt>f</dt>
  <data>
    -4.19420600e-01 1.09138978e+00 -8.93975914e-01 -7.70945549e-02
    4.60338503e-01 -1.93415120e-01 2.28706956e-01 -3.81380647e-01
    2.28820369e-01 1.13617337e+00 -2.91274357e+00 2.46032619e+00
    -1.56951666e-01 -7.53492177e-01 1.16090067e-01 -1.51898727e-01
    6.69101477e-01 -4.57476676e-01 -1.70719397e+00 4.41486502e+00
    -3.82407165e+00 6.98648155e-01 -1.33790091e-01 1.11807275e+00
    -8.00507009e-01 -6.47263646e-01 6.24162078e-01 2.01506519e+00
    -5.31989288e+00 4.58526230e+00 -8.16490710e-01 5.16538620e-01
    -1.85524762e+00 1.50594902e+00 5.64252436e-01 -7.33658195e-01
    -1.90693009e+00 4.96306753e+00 -3.97585988e+00 -1.66663513e-01
    1.59908628e+00 1.38164473e+00 -1.47263920e+00 -5.25022209e-01
    7.63726294e-01 1.55239642e+00 -3.88320327e+00 2.12135458e+00
    2.32804394e+00 -2.37890792e+00 1.25218838e-01 5.63011527e-01
    7.37063587e-01 -8.14222097e-01 -1.29862070e+00 3.03302240e+00
    -1.58686352e+00 -1.80905104e+00 1.98787713e+00 -4.00734305e-01
    -8.42989162e-02 -8.04394841e-01 7.19995677e-01 1.04558313e+00
    -2.26554513e+00 1.48187804e+00 3.99030626e-01 -7.26760328e-01
    -7.85290003e-02 1.60215512e-01 3.87881368e-01 -3.68214846e-01
    -4.90953505e-01 1.05741882e+00 -7.78504968e-01 6.04403913e-02
    1.06909603e-01 1.93679720e-01 -2.03258559e-01 -3.46849598e-02
    8.81484821e-02</data></vocabulary>
</opencv_storage>
