<?xml version="1.0"?>
<opencv_storage>
<vocabulary type_id="opencv-matrix">
  <rows>81</rows>
  <cols>1</cols>
  <dt>f</dt>
  <data>
    1.52682111e-01 2.67807275e-01 -2.42434645e+00 5.10514307e+00
    -6.94620132e+00 9.15834141e+00 -7.61695957e+00 3.74087381e+00
    -1.27858067e+00 2.11501464e-01 -1.85476983e+00 6.59236097e+00
    -1.26826420e+01 1.76648540e+01 -2.37076473e+01 2.00807228e+01
    -9.98486614e+00 3.26922226e+00 -6.72632217e-01 1.92516577e+00
    -5.99483585e+00 1.10577831e+01 -1.88590088e+01 2.98973198e+01
    -2.40711727e+01 7.56454754e+00 -8.70039523e-01 8.75514805e-01
    -7.08804071e-01 1.81895590e+00 -2.53181291e+00 1.04433012e+01
    -2.42145443e+01 1.80392551e+01 7.82345951e-01 -3.92377472e+00
    1.37506545e+00 -5.47149706e+00 1.11121178e+01 -2.02317696e+01
    1.77027302e+01 -4.59270763e+00 7.52691555e+00 -1.85005436e+01
    1.12079010e+01 -2.79725575e+00 9.13296890e+00 -1.94595623e+01
    3.54894905e+01 -3.51039467e+01 2.43212242e+01 -2.40431061e+01
    2.72651501e+01 -1.36777897e+01 -3.86768198e+00 9.66603184e+00
    -1.14117031e+01 6.48464680e+00 -7.25924301e+00 1.14711866e+01
    -3.05126047e+00 -7.93831873e+00 4.36452389e+00 1.08862963e+01
    -2.91869698e+01 4.36126328e+01 -5.09962463e+01 5.21469383e+01
    -4.77512665e+01 3.01139698e+01 -1.09611149e+01 4.15569210e+00
    -6.18807983e+00 1.67758560e+01 -2.51641636e+01 2.97005444e+01
    -3.03117485e+01 2.72942410e+01 -1.75800190e+01 7.25361156e+00
    -2.82493949e+00</data></vocabulary>
</opencv_storage>
