<?xml version="1.0"?>
<opencv_storage>
<vocabulary type_id="opencv-matrix">
  <rows>81</rows>
  <cols>1</cols>
  <dt>f</dt>
  <data>
    2.07041049e+00 -6.79498243e+00 4.63702679e+00 -3.07460690e+00
    3.85576844e+00 -4.17367983e+00 2.58723903e+00 1.26084435e+00
    -7.66335547e-01 -1.12154424e+00 7.37759542e+00 4.22796190e-01
    -2.28913687e-02 -3.71201992e+00 2.28714681e+00 -2.89763987e-01
    -3.96514940e+00 5.83255529e-01 -1.75003457e+00 -2.49369979e+00
    -4.90974998e+00 2.47232124e-01 4.00860882e+00 -5.67656636e-01
    1.84915507e+00 1.43857837e+00 -1.25262213e+00 2.87200475e+00
    -2.40412974e+00 4.01100445e+00 1.87796819e+00 -2.47290850e+00
    -3.27652192e+00 -1.11491466e+00 -1.08614182e+00 5.90908194e+00
    -4.53085470e+00 1.94536936e+00 2.08501887e+00 -2.37218571e+00
    2.56085491e+00 1.77415884e+00 3.10607886e+00 -1.38918626e+00
    -5.61630392e+00 5.17283821e+00 1.16174006e+00 -5.18199110e+00
    -1.12009513e+00 -1.12153339e+00 3.77618384e+00 -5.90322351e+00
    5.00510573e-01 4.97346926e+00 -2.48697209e+00 -5.20573318e-01
    -1.31419158e+00 5.62348413e+00 -4.27247047e-01 -2.40760660e+00
    3.29147863e+00 3.36055070e-01 -3.16132331e+00 -1.78016400e+00
    3.04016948e+00 1.90470839e+00 -1.33744642e-01 -3.25069690e+00
    -4.97396529e-01 1.01596141e+00 -1.10170031e+00 2.34595209e-01
    2.14157271e+00 -3.08927488e+00 -3.33147973e-01 -1.15721321e+00
    2.08441281e+00 1.49269044e+00 -2.29751563e+00 1.56316185e+00
    3.65457296e-01</data></vocabulary>
</opencv_storage>
