<?xml version="1.0"?>
<opencv_storage>
<vocabulary type_id="opencv-matrix">
  <rows>81</rows>
  <cols>1</cols>
  <dt>f</dt>
  <data>
    -1.00670509e-01 3.11405301e-01 -4.92289543e-01 5.55812478e-01
    -5.83512366e-01 6.48027897e-01 -5.44682443e-01 3.67508799e-01
    -1.22048184e-01 4.15440686e-02 -3.82672340e-01 9.61090803e-01
    -1.19764829e+00 9.75974917e-01 -7.63613045e-01 7.90200114e-01
    -7.20595777e-01 2.27832675e-01 1.52176946e-01 1.18646063e-01
    -1.07793164e+00 1.49232125e+00 -1.14247060e+00 4.06149626e-01
    -5.92981219e-01 7.89445519e-01 -2.76828587e-01 -2.40990728e-01
    1.14915378e-01 7.78572202e-01 -9.70804691e-01 6.89992249e-01
    -2.71993518e-01 7.72951424e-01 -1.08690226e+00 5.13613641e-01
    2.78569609e-01 -3.16120267e-01 -7.15018153e-01 1.00014770e+00
    7.81753600e-01 6.59258738e-02 -1.01788104e+00 1.39148283e+00
    -7.16531992e-01 -3.18404436e-01 5.03037870e-01 3.28588367e-01
    -8.54095995e-01 5.42364478e-01 -3.19038033e-01 1.23989677e+00
    -1.60993648e+00 8.07060897e-01 2.27787420e-01 -3.90466809e-01
    -1.41548380e-01 8.14366102e-01 -1.15253818e+00 1.32154787e+00
    -1.79200697e+00 1.73622298e+00 -8.61878037e-01 -1.32611871e-01
    2.76354462e-01 -4.77310456e-02 -4.33712751e-01 6.84783697e-01
    -1.07661426e+00 1.31127346e+00 -1.18016922e+00 5.99146366e-01
    1.19515657e-01 -2.76629180e-01 2.66667098e-01 -1.45916641e-01
    3.71436030e-02 1.83101878e-01 -2.80627847e-01 2.66255409e-01
    -1.43218592e-01</data></vocabulary>
</opencv_storage>
