<?xml version="1.0"?>
<opencv_storage>
<vocabulary type_id="opencv-matrix">
  <rows>81</rows>
  <cols>1</cols>
  <dt>f</dt>
  <data>
    9.29856479e-01 -3.05492067e+00 3.62454319e+00 -2.21203732e+00
    1.05013788e+00 -9.09105688e-02 6.10416010e-02 3.46120179e-01
    -5.00071049e-01 -2.02978992e+00 6.26752949e+00 -6.28129292e+00
    4.38827419e+00 -3.24387312e+00 8.41735363e-01 3.39351833e-01
    -1.48573625e+00 1.06031275e+00 2.21706295e+00 -6.38225079e+00
    3.56455684e+00 -9.08820570e-01 3.04312658e+00 -3.40594435e+00
    1.01536810e+00 1.73498809e+00 -9.72563803e-01 -1.87085474e+00
    3.06596208e+00 1.35282314e+00 -3.82105446e+00 -6.82787597e-01
    3.01935720e+00 -8.67762923e-01 -1.26495993e+00 6.47923052e-01
    1.42295933e+00 5.09334803e-01 -4.41470432e+00 5.01367807e+00
    1.77230299e+00 -1.54657745e+00 -1.64543700e+00 1.90416670e+00
    -8.39766443e-01 -1.53282464e+00 4.53553915e-01 2.51325512e+00
    -2.27876115e+00 -2.23394608e+00 1.93939543e+00 1.97046947e+00
    -2.14264679e+00 9.41855192e-01 1.14159334e+00 -6.15180194e-01
    -1.92305291e+00 1.14083540e+00 1.50761700e+00 -1.12280202e+00
    -1.60155487e+00 1.60717869e+00 -5.97889304e-01 -5.73401153e-01
    3.64703149e-01 1.19037855e+00 -5.22220910e-01 -1.57707548e+00
    1.83434546e+00 -6.42233491e-01 2.72125632e-01 -2.60375798e-01
    4.61660892e-01 -1.14214206e+00 1.48686874e+00 -2.52770066e+00
    3.28259277e+00 -2.73809958e+00 1.69560790e+00 -7.54653335e-01
    3.10350090e-01</data></vocabulary>
</opencv_storage>
