<?xml version="1.0"?>
<opencv_storage>
<vocabulary type_id="opencv-matrix">
  <rows>81</rows>
  <cols>1</cols>
  <dt>f</dt>
  <data>
    2.56995589e-01 -1.54094350e+00 1.96177459e+00 -1.00650442e+00
    1.21860790e+00 -1.71445262e+00 -4.57538337e-01 2.36639833e+00
    -1.08634627e+00 -5.02785683e-01 1.25100935e+00 -2.79189539e+00
    1.05518055e+00 -1.42914975e+00 2.11553621e+00 2.20931292e+00
    -3.05206537e+00 1.63076115e+00 3.83468181e-01 2.19953370e+00
    7.17401803e-01 7.97366142e-01 -1.00089514e+00 1.45922339e+00
    -5.16236877e+00 -3.30657899e-01 -4.02978241e-01 -1.11555215e-02
    -1.96823215e+00 -5.25087476e-01 -2.59182781e-01 1.11801779e+00
    -1.51247931e+00 3.61538029e+00 1.33072412e+00 -4.03335124e-01
    -1.07443535e+00 9.34952274e-02 -5.04549265e-01 -3.72287840e-01
    -4.93698195e-02 -6.96688950e-01 1.75827503e+00 3.63106430e-01
    5.40773928e-01 6.83990240e-01 -2.28806078e-01 2.58009148e+00
    -8.21570516e-01 2.32966924e+00 -2.19641432e-01 -4.28117901e-01
    -1.75253820e+00 -1.30534852e+00 2.11507678e+00 -5.26009977e-01
    -2.03547978e+00 -2.39080280e-01 -6.92633390e-02 1.38238418e+00
    -6.28778744e+00 2.47744846e+00 2.69579506e+00 -3.19290519e+00
    2.21291685e+00 -1.03396690e+00 3.43632627e+00 -3.09790206e+00
    -4.77198690e-01 6.59779215e+00 -1.94787169e+00 -2.46397829e+00
    1.33279145e+00 -1.42965305e+00 1.21527338e+00 -2.07134819e+00
    1.90213776e+00 -5.27909279e-01 -1.60828781e+00 2.95873404e-01
    9.22949433e-01</data></vocabulary>
</opencv_storage>
