<?xml version="1.0"?>
<opencv_storage>
<vocabulary type_id="opencv-matrix">
  <rows>81</rows>
  <cols>1</cols>
  <dt>f</dt>
  <data>
    -6.61002398e-01 9.34784293e-01 1.75316703e+00 -5.84817266e+00
    3.81970906e+00 1.50944516e-01 -1.27660811e+00 2.08002608e-02
    6.13707662e-01 2.63008666e+00 -2.49235106e+00 -2.19440532e+00
    7.53792620e+00 -5.61869717e+00 3.17724013e+00 -2.57649946e+00
    2.87347126e+00 -1.87954319e+00 -5.37073803e+00 5.46684456e+00
    -1.89193821e+00 1.34189713e+00 -1.81674731e+00 -3.07114625e+00
    6.10547113e+00 -5.74549723e+00 2.74943137e+00 4.67619562e+00
    -3.42235041e+00 5.21632694e-02 -1.88514972e+00 3.79894376e+00
    1.54293105e-01 -2.71691728e+00 2.43548203e+00 -7.42172122e-01
    -2.58405471e+00 9.27165374e-02 3.38501978e+00 -1.86110938e+00
    4.59422588e-01 4.97969031e-01 -6.65977240e-01 1.71219933e+00
    -1.98705089e+00 3.78889632e+00 -3.86011982e+00 1.39546478e+00
    -1.40297580e+00 2.04901648e+00 -2.22554255e+00 2.57028294e+00
    -3.75729847e+00 3.04299068e+00 -4.36249399e+00 5.18782711e+00
    -3.17259049e+00 8.11831355e-01 1.71799445e+00 -1.49086416e+00
    -4.91943628e-01 4.40764475e+00 -3.71913362e+00 1.89641500e+00
    -4.09059554e-01 -2.61758828e+00 5.78420353e+00 -7.81735277e+00
    5.81284952e+00 -2.13862348e+00 -3.43140244e+00 3.39154220e+00
    -4.61711399e-02 -1.23544037e+00 2.28869748e+00 -3.07561588e+00
    3.41291475e+00 -2.20560694e+00 6.19830966e-01 1.61091328e+00
    -1.46353424e+00</data></vocabulary>
</opencv_storage>
