<?xml version="1.0"?>
<opencv_storage>
<vocabulary type_id="opencv-matrix">
  <rows>81</rows>
  <cols>1</cols>
  <dt>f</dt>
  <data>
    7.08334148e-02 -2.18714684e-01 5.83149850e-01 -1.51951826e+00
    1.24869728e+00 -4.22314167e-01 3.82859349e-01 5.34830950e-02
    -1.79945484e-01 -1.26253378e+00 1.80879354e+00 2.39294976e-01
    8.54422927e-01 -2.99548388e+00 2.12478352e+00 -2.17411804e+00
    1.33342409e+00 2.26195827e-01 3.34994388e+00 -4.97789955e+00
    -1.44905820e-01 -6.58417106e-01 6.16145945e+00 -5.47580385e+00
    4.73451900e+00 -3.14744091e+00 -3.33383828e-01 -3.30977654e+00
    3.69707251e+00 3.50964665e+00 -3.74784303e+00 -1.51447296e+00
    9.94445145e-01 -1.93794143e+00 1.39489436e+00 1.20287836e+00
    1.11372423e+00 2.56918848e-01 -7.41247511e+00 7.21905327e+00
    -1.32980216e+00 2.64590669e+00 -2.20353171e-01 1.70602798e-02
    -1.79880416e+00 8.55774224e-01 -1.67411613e+00 4.96610546e+00
    -2.22676563e+00 -2.33675861e+00 1.52152169e+00 -1.67652225e+00
    7.01647103e-01 1.22347057e+00 -8.50616753e-01 8.58772933e-01
    -1.46869671e+00 -1.34115708e+00 3.81663871e+00 -1.71155941e+00
    1.02333474e+00 -2.01364577e-01 -6.62501395e-01 2.22983494e-01
    -5.40965319e-01 1.03098261e+00 -3.06527149e-02 -4.89027590e-01
    -2.25912976e+00 2.47231150e+00 -1.78747153e+00 8.16379249e-01
    5.61596416e-02 9.34550986e-02 -5.24505317e-01 5.53167641e-01
    -6.32289469e-01 1.98172939e+00 -2.29395580e+00 1.43055511e+00
    -3.67995948e-01</data></vocabulary>
</opencv_storage>
