<?xml version="1.0"?>
<opencv_storage>
<vocabulary type_id="opencv-matrix">
  <rows>81</rows>
  <cols>1</cols>
  <dt>f</dt>
  <data>
    2.96704388e+00 -3.81367922e+00 -3.46034288e-01 6.76987618e-02
    2.14879751e+00 -1.32526338e+00 3.49326551e-01 -1.69352919e-01
    1.17323339e-01 -6.31486654e+00 8.43272495e+00 6.26396358e-01
    2.09810771e-02 -4.34989691e+00 2.67609501e+00 -1.34845650e+00
    1.01996386e+00 -6.53086722e-01 5.44624472e+00 -7.61687231e+00
    -6.57474026e-02 -1.96645272e+00 3.59333920e+00 -2.67919786e-02
    1.49746847e+00 -3.66642904e+00 2.38662720e+00 -2.97321844e+00
    4.31003046e+00 -1.58817220e+00 6.46819830e+00 -2.89075804e+00
    -3.77024174e+00 -3.00761700e+00 8.81686020e+00 -4.97387218e+00
    -4.76296902e-01 7.20353901e-01 -2.45463893e-01 -5.99895287e+00
    3.26142144e+00 5.57736158e+00 1.55318946e-01 -5.97546530e+00
    3.57075763e+00 4.80348539e+00 -6.64603519e+00 4.07284117e+00
    9.80940819e-01 -5.29327467e-02 -6.54545593e+00 8.04850101e+00
    -4.70234299e+00 1.02523685e+00 -4.71849823e+00 6.09843302e+00
    -3.03735924e+00 7.25876614e-02 -5.32780647e-01 5.55207539e+00
    -9.93173695e+00 8.12972736e+00 -2.62581396e+00 1.22069323e+00
    -1.14500332e+00 -3.44728202e-01 1.07260871e+00 9.41093862e-02
    -3.64551616e+00 7.04380846e+00 -5.67982721e+00 1.85116816e+00
    1.85501173e-01 -5.50993741e-01 9.28792298e-01 -8.52397621e-01
    2.10832834e-01 1.22498202e+00 -2.74854255e+00 2.16102910e+00
    -6.84210718e-01</data></vocabulary>
</opencv_storage>
