<?xml version="1.0"?>
<opencv_storage>
<vocabulary type_id="opencv-matrix">
  <rows>81</rows>
  <cols>1</cols>
  <dt>f</dt>
  <data>
    1.42705858e-01 -4.78091985e-01 7.80759037e-01 -9.67401981e-01
    8.38525414e-01 -5.58412552e-01 4.81916726e-01 -3.84737045e-01
    1.12896979e-01 -3.73778820e-01 1.09363675e+00 -1.67874289e+00
    1.99449134e+00 -1.72584164e+00 1.12525499e+00 -8.66698384e-01
    7.01334774e-01 -1.97564527e-01 4.63831514e-01 -1.12780476e+00
    1.39341831e+00 -1.47150457e+00 8.32536995e-01 -5.11382520e-01
    4.34290975e-01 -5.80864966e-01 1.93311304e-01 -4.56918657e-01
    1.15616083e+00 -1.50558257e+00 1.68432486e+00 -6.45147860e-01
    2.30616853e-01 -1.95561439e-01 6.17520928e-01 -2.48085946e-01
    2.88289428e-01 -4.73707467e-01 1.39447376e-01 -4.80491281e-01
    1.40916348e+00 -7.40541592e-02 -1.66261401e-02 -6.08316481e-01
    2.87101567e-01 7.52750179e-03 -4.93050307e-01 1.48079383e+00
    -1.45942533e+00 1.24351764e+00 -7.43202865e-01 3.09856206e-01
    4.34855163e-01 -2.80245632e-01 -2.12280765e-01 7.42134273e-01
    -1.43778789e+00 1.19970453e+00 -9.80452895e-01 7.44077504e-01
    -2.68117607e-01 -4.89374846e-01 3.22826952e-01 2.02558726e-01
    -4.09190714e-01 5.91282427e-01 -7.32665807e-02 -4.76589173e-01
    4.30508882e-01 -4.79905397e-01 7.27527797e-01 -3.38048041e-01
    -5.24218716e-02 4.94231433e-02 -4.55105491e-02 -2.47960165e-01
    5.12385666e-01 -4.22791511e-01 3.80168021e-01 -4.24918801e-01
    1.81325421e-01</data></vocabulary>
</opencv_storage>
