<?xml version="1.0"?>
<opencv_storage>
<vocabulary type_id="opencv-matrix">
  <rows>81</rows>
  <cols>1</cols>
  <dt>f</dt>
  <data>
    -5.72217286e-01 6.17229760e-01 1.10100579e+00 -2.30351925e+00
    3.45280123e+00 -3.32855374e-01 -5.85914707e+00 6.07775116e+00
    -1.95041084e+00 1.15443933e+00 -2.59743810e+00 5.75920165e-01
    1.74717653e+00 -4.19153976e+00 -1.85763884e+00 1.43612700e+01
    -1.41830959e+01 4.64418602e+00 -2.10061455e+00 4.47546625e+00
    -2.30180979e+00 -3.61795092e+00 1.09896851e+01 -4.24647570e+00
    -1.28402786e+01 1.46290560e+01 -4.89910173e+00 2.87615275e+00
    -4.90953922e+00 1.45626676e+00 8.37600231e+00 -2.19358273e+01
    1.51376953e+01 6.99186182e+00 -1.25741005e+01 4.26999140e+00
    -2.69199944e+00 8.49448299e+00 -1.12615290e+01 4.48542690e+00
    9.98086834e+00 -3.23659611e+00 -1.65057907e+01 1.91659603e+01
    -6.83316088e+00 2.57480359e+00 -1.34338436e+01 2.47699604e+01
    -2.36280174e+01 1.27745371e+01 -1.57768068e+01 3.00367222e+01
    -2.78767757e+01 1.00383577e+01 -2.15537906e+00 1.11032915e+01
    -2.09004498e+01 1.91818085e+01 -9.85436249e+00 1.39975605e+01
    -2.78973293e+01 2.64392605e+01 -9.27309704e+00 1.05071330e+00
    -4.54827547e+00 8.21537018e+00 -4.60730171e+00 -2.01254606e+00
    -3.94289517e+00 1.78116531e+01 -1.98623161e+01 7.16656590e+00
    -2.16582134e-01 1.00024104e+00 -2.09314775e+00 -1.33618161e-01
    4.01386213e+00 -1.32687342e+00 -5.91827011e+00 8.28713608e+00
    -3.26389146e+00</data></vocabulary>
</opencv_storage>
