<?xml version="1.0"?>
<opencv_storage>
<vocabulary type_id="opencv-matrix">
  <rows>81</rows>
  <cols>1</cols>
  <dt>f</dt>
  <data>
    -1.57376185e-01 3.15416455e-01 -2.16271982e-01 7.24509135e-02
    -6.10539243e-02 1.83774337e-01 -1.68671519e-01 -6.70105312e-03
    3.46122682e-02 2.50698864e-01 -4.63339746e-01 8.41863677e-02
    3.34820420e-01 -1.32498339e-01 -2.87197888e-01 3.73241872e-01
    -1.00761831e-01 -2.42405143e-02 -3.89196128e-01 7.84687996e-01
    -3.60785365e-01 -1.85239330e-01 -5.30924022e-01 7.86831141e-01
    -5.87017536e-01 -1.50949368e-03 7.15595186e-02 5.66212296e-01
    -1.22130764e+00 1.00717533e+00 -5.28293848e-01 1.04786551e+00
    -6.16253734e-01 3.42401415e-01 1.70823410e-01 -1.15146622e-01
    -5.26748717e-01 1.02941215e+00 -5.81739485e-01 -2.87263930e-01
    1.26760399e+00 -4.13325816e-01 4.74846035e-01 -6.42776608e-01
    3.27680618e-01 4.50278997e-01 -6.87268019e-01 -3.80217105e-01
    1.68328846e+00 -1.48041320e+00 1.40667236e+00 -1.28720927e+00
    9.42241669e-01 -4.21238780e-01 -5.89572966e-01 1.19890559e+00
    -7.01250434e-01 -4.71494757e-02 -9.27085653e-02 -6.24135369e-03
    2.10831463e-01 -1.99661672e-01 5.02910800e-02 7.37629473e-01
    -1.69367599e+00 1.65033698e+00 -1.39039004e+00 1.55716121e+00
    -1.61890280e+00 1.11379266e+00 -6.55094564e-01 3.26903880e-01
    -3.59250396e-01 8.47939372e-01 -8.90491664e-01 8.40507030e-01
    -9.34739292e-01 9.87792134e-01 -7.23615170e-01 4.49104607e-01
    -2.15193689e-01</data></vocabulary>
</opencv_storage>
