<?xml version="1.0"?>
<opencv_storage>
<vocabulary type_id="opencv-matrix">
  <rows>81</rows>
  <cols>1</cols>
  <dt>f</dt>
  <data>
    -7.76637793e+00 2.69233608e+01 -2.68692150e+01 1.48441792e+01
    -1.11570168e+01 1.04938021e+01 -6.55364871e-01 -1.24891529e+01
    9.02798080e+00 1.18685789e+01 -3.74672775e+01 2.35585403e+01
    3.96595788e+00 -5.93539762e+00 -6.15315056e+00 -1.96763361e+00
    2.26028557e+01 -1.57922792e+01 -1.11349764e+01 1.88248005e+01
    1.72073002e+01 -4.95750542e+01 4.09561882e+01 -3.06567979e+00
    -6.33755827e+00 -1.30539656e+01 1.10189657e+01 2.48511238e+01
    -3.44185104e+01 -1.06831427e+01 4.06937904e+01 -3.90565491e+01
    -7.82707393e-01 2.30506573e+01 2.67605209e+00 -8.81531525e+00
    -3.62659531e+01 3.77433548e+01 8.92941093e+00 -1.78350372e+01
    3.31554489e+01 -1.11529322e+01 -2.43972588e+01 -5.68030405e+00
    1.56649208e+01 3.08209324e+01 -2.02545967e+01 -2.66480255e+01
    1.36060190e+01 -2.26071796e+01 5.80113268e+00 3.99642105e+01
    -1.88532906e+01 -3.76567531e+00 -2.93047142e+01 3.87891045e+01
    7.01832676e+00 6.30602026e+00 -6.94803572e+00 2.83650799e+01
    -7.78794098e+01 7.35381851e+01 -2.93214169e+01 2.53286591e+01
    -4.63630486e+01 1.47428894e+01 -2.37532482e+01 2.32798882e+01
    -3.53924522e+01 7.11195526e+01 -7.37318802e+01 3.32737389e+01
    -1.08394909e+01 2.37253857e+01 -1.78262978e+01 2.33608665e+01
    -2.23156013e+01 2.23122501e+01 -2.97671070e+01 2.70339565e+01
    -1.13942947e+01</data></vocabulary>
</opencv_storage>
