<?xml version="1.0"?>
<opencv_storage>
<vocabulary type_id="opencv-matrix">
  <rows>81</rows>
  <cols>1</cols>
  <dt>f</dt>
  <data>
    -3.05339918e-02 -7.00660944e-01 9.34648693e-01 -1.32552695e+00
    1.48309481e+00 -8.89183581e-01 1.05116498e+00 -1.08585274e+00
    4.12500530e-01 1.42971063e+00 -3.10897565e+00 3.37101364e+00
    -2.08295965e+00 1.83564413e+00 -7.81492829e-01 -2.05581307e+00
    2.44378018e+00 -8.40948761e-01 -3.67715865e-01 1.49835682e+00
    -2.78737521e+00 3.29395986e+00 -5.07992220e+00 4.11415911e+00
    8.03095937e-01 -2.66914845e+00 1.03767896e+00 -1.62288809e+00
    2.99228644e+00 -2.36208129e+00 1.03385198e+00 3.00833535e+00
    -3.32394671e+00 -2.30899239e+00 3.79542446e+00 -1.25258994e+00
    3.55828261e+00 -8.36708450e+00 7.71838045e+00 -3.47539449e+00
    5.79531431e-01 8.57631683e-01 3.12381887e+00 -3.41316080e+00
    6.67683065e-01 -4.30892277e+00 1.02977457e+01 -8.48327541e+00
    1.00906229e+00 2.51024723e+00 -1.80669165e+00 -1.04285681e+00
    1.05644810e+00 7.27994144e-01 3.20031404e+00 -7.33337545e+00
    4.53115129e+00 3.11584973e+00 -5.80439377e+00 4.64548683e+00
    -2.63126588e+00 2.02308583e+00 -1.71834528e+00 -1.86098921e+00
    4.09884644e+00 -2.28509784e+00 -2.12917209e+00 3.11395192e+00
    -1.85850155e+00 1.48422885e+00 -2.23395658e+00 1.49643660e+00
    8.09575319e-01 -1.83142698e+00 1.42761028e+00 -7.78183267e-02
    -1.98489457e-01 -2.91119099e-01 9.39799175e-02 6.98586047e-01
    -5.55489063e-01</data></vocabulary>
</opencv_storage>
