<?xml version="1.0"?>
<opencv_storage>
<vocabulary type_id="opencv-matrix">
  <rows>81</rows>
  <cols>1</cols>
  <dt>f</dt>
  <data>
    -2.36279464e+00 4.84546614e+00 2.09803772e+00 -1.17587385e+01
    1.24948959e+01 -1.00237579e+01 6.95111799e+00 -2.97304916e+00
    6.84940755e-01 7.59894800e+00 -1.76927853e+01 1.26717958e+01
    -4.25635958e+00 2.69458747e+00 1.95613205e+00 -5.31479692e+00
    3.23661733e+00 -7.77315080e-01 -9.16793537e+00 2.20415325e+01
    -1.77158794e+01 9.82027054e+00 -8.06890869e+00 6.76005423e-01
    4.50046444e+00 -2.63156986e+00 2.03962222e-01 7.24487305e+00
    -1.74909077e+01 1.40852661e+01 -9.78701401e+00 1.02100992e+01
    -3.02917337e+00 -2.80117345e+00 1.55088091e+00 4.08812225e-01
    -2.73805165e+00 6.05398083e+00 -3.18900108e+00 3.18497062e+00
    -6.99380016e+00 5.55860138e+00 -2.34967828e-01 -4.90203977e-01
    -2.71340102e-01 -1.71734166e+00 5.16720486e+00 -6.87259531e+00
    2.37541890e+00 6.62779379e+00 -8.80215931e+00 3.90367556e+00
    -4.41612035e-01 -2.31707752e-01 3.43447924e+00 -8.95441341e+00
    9.58715820e+00 -3.77091169e+00 -4.53643084e+00 7.30169725e+00
    -3.26745486e+00 -5.77631176e-01 9.11863446e-01 -2.80905986e+00
    7.10055542e+00 -7.94462347e+00 4.61771584e+00 3.45740527e-01
    -2.46669436e+00 2.20975816e-01 1.93410802e+00 -1.21657467e+00
    1.12968993e+00 -2.85831642e+00 3.40868568e+00 -2.48501730e+00
    8.50746930e-01 -7.58809373e-02 7.70449042e-01 -1.34262419e+00
    6.82589173e-01</data></vocabulary>
</opencv_storage>
