<?xml version="1.0"?>
<opencv_storage>
<vocabulary type_id="opencv-matrix">
  <rows>81</rows>
  <cols>1</cols>
  <dt>f</dt>
  <data>
    4.16542931e+01 -1.38133789e+02 1.20570480e+02 5.30755005e+01
    -5.93122101e+00 -6.97931213e+01 1.15082962e+02 -4.74687386e+00
    2.11251030e+01 -3.79735222e+01 1.54845184e+02 -1.91937866e+02
    2.51918144e+01 -1.68048477e+02 4.15004807e+01 -9.44032898e+01
    -6.72414780e+01 -6.07164040e+01 3.31279678e+01 4.56887512e+01
    6.07820206e+01 -8.92232132e+01 2.52526367e+02 9.38001251e+01
    -1.41958027e+01 1.21598997e+01 5.85228577e+01 -1.00457680e+02
    -2.37535034e+02 1.51427856e+02 -1.03321350e+02 -2.88867512e+01
    -1.60971832e+02 -5.79522438e+01 2.24543945e+02 2.08907204e+01
    1.89857895e+02 6.95045166e+01 -1.57571497e+01 -4.59475288e+01
    1.22657578e+02 -5.36074638e-01 1.50293884e+02 -2.71787628e+02
    -5.37319565e+01 -1.85887680e+02 1.19644508e+02 6.94034529e+00
    6.20337982e+01 -4.42513351e+01 -5.95886612e+01 6.74193573e+01
    2.30719700e+01 4.51886673e+01 1.11090652e+02 -9.57533112e+01
    -7.11548157e+01 -1.50189133e+01 1.67272854e+01 -1.63402328e+01
    -3.85204430e+01 2.91261082e+01 -2.81447735e+01 -2.15489960e+01
    -3.01097012e+01 3.54506874e+01 1.04197220e+02 -1.48547516e+02
    1.06882195e+02 -6.69357071e+01 6.19018326e+01 -2.29374371e+01
    2.19347286e+00 1.56679697e+01 2.32034588e+01 -9.41493607e+01
    1.04987373e+02 -4.12880440e+01 1.95982418e+01 -3.50762329e+01
    2.14430313e+01</data></vocabulary>
</opencv_storage>
