<?xml version="1.0"?>
<opencv_storage>
<vocabulary type_id="opencv-matrix">
  <rows>81</rows>
  <cols>1</cols>
  <dt>f</dt>
  <data>
    9.70818138e+00 -9.52474594e+00 1.38996201e+01 -3.10895681e+00
    -1.33022416e+00 3.28606558e+00 3.39188409e+00 5.33073425e+00
    -7.88020086e+00 -2.06644039e+01 4.50436783e+00 -8.25319576e+00
    -3.10374355e+00 -1.46622825e+00 -1.12034760e+01 1.19741468e+01
    -1.05428410e+01 5.31262112e+00 5.54099846e+00 1.10385303e+01
    -2.19862175e+00 8.68362045e+00 8.29591274e+00 2.10009360e+00
    5.34285641e+00 -7.80709553e+00 -6.86848593e+00 1.19503224e+00
    1.15822716e+01 -1.33119469e+01 -7.44786930e+00 -1.55905783e+00
    -2.88703632e+00 -1.21792402e+01 8.29050064e+00 1.70172749e+01
    1.60530889e+00 -1.62522583e+01 -1.56880164e+00 1.77791786e+00
    4.07015753e+00 1.59899073e+01 -1.71401825e+01 -1.35221887e+00
    -5.39748240e+00 -4.24978465e-01 1.09649401e+01 4.46494007e+00
    5.60617828e+00 -1.24881773e+01 5.70219135e+00 1.87746677e+01
    7.86407948e+00 -1.29755468e+01 -9.34008718e-01 -9.10863018e+00
    -6.04730749e+00 8.44338894e-01 5.27659464e+00 1.14521055e+01
    -1.10668573e+01 -1.47126818e+01 -3.36347282e-01 -1.34003925e+00
    4.22271395e+00 6.15544939e+00 -2.23491311e+00 9.58140087e+00
    -3.90906739e+00 -2.75991654e+00 -1.33095350e+01 1.50489130e+01
    1.10433130e+01 -2.45679283e+00 -3.63711739e+00 -1.31382647e+01
    1.44824171e+01 -6.53493309e+00 1.28846140e+01 -8.76087379e+00
    -4.75920105e+00</data></vocabulary>
</opencv_storage>
