<?xml version="1.0"?>
<opencv_storage>
<vocabulary type_id="opencv-matrix">
  <rows>81</rows>
  <cols>1</cols>
  <dt>f</dt>
  <data>
    9.11183655e-01 -4.06723976e+00 5.80335474e+00 -4.48008442e+00
    -4.82931662e+00 1.35642185e+01 -7.63803005e+00 1.79341984e+00
    7.47647583e-01 1.27521777e+00 -2.24051878e-01 -5.38925648e-01
    -5.26506901e+00 2.03657246e+01 -3.05334263e+01 1.49001875e+01
    -3.25442696e+00 -1.67270494e+00 -1.54287636e+00 2.15214443e+00
    -7.87572145e-01 4.94893694e+00 -1.39888668e+01 1.80907688e+01
    -3.39019418e+00 -5.03735352e+00 5.23224640e+00 -2.56733394e+00
    6.26587772e+00 -1.69489670e+01 2.66861496e+01 -2.27796345e+01
    1.43523769e+01 -1.82026081e+01 1.75010796e+01 -1.00644169e+01
    2.58282399e+00 -2.69219303e+00 1.13206196e+01 -2.36840496e+01
    2.03150864e+01 -3.53656721e+00 4.36931229e+00 -8.97667027e+00
    6.75232983e+00 -5.92825413e+00 1.14136906e+01 -1.75432243e+01
    2.45348778e+01 -1.56558304e+01 -7.18863487e+00 9.93084049e+00
    -1.90588522e+00 -1.28524554e+00 1.00649500e+01 -2.62438622e+01
    3.55696945e+01 -4.07560501e+01 3.49956741e+01 -1.80509377e+01
    9.33782673e+00 -2.81072783e+00 -1.21961132e-01 -3.72279096e+00
    1.05049696e+01 -1.13324757e+01 9.99236774e+00 -8.52559948e+00
    4.12707376e+00 -1.59096980e+00 -1.65645266e+00 1.75810838e+00
    -6.39738321e-01 1.68700433e+00 -5.83791161e+00 1.09396067e+01
    -1.20795364e+01 1.11698542e+01 -8.20226574e+00 4.11094379e+00
    -1.28384984e+00</data></vocabulary>
</opencv_storage>
