<?xml version="1.0"?>
<opencv_storage>
<vocabulary type_id="opencv-matrix">
  <rows>81</rows>
  <cols>1</cols>
  <dt>f</dt>
  <data>
    -2.01444998e-01 2.22656131e+00 -7.62700510e+00 1.38004150e+01
    -1.61140099e+01 1.59921837e+01 -1.33070221e+01 9.59300232e+00
    -4.40401506e+00 -1.10189748e+00 -1.40121973e+00 1.22806835e+01
    -2.50060501e+01 3.07292137e+01 -3.22267990e+01 2.84383316e+01
    -2.21286278e+01 1.05654831e+01 8.27968121e+00 -1.54258661e+01
    1.10873375e+01 -3.89351225e+00 -2.39678264e+00 8.46377087e+00
    -1.48392172e+01 2.06007252e+01 -1.22252836e+01 -1.52857895e+01
    3.23117943e+01 -3.69405479e+01 3.83493767e+01 -3.27364998e+01
    2.15703316e+01 -3.36405039e+00 -1.64563217e+01 1.28669415e+01
    7.62694168e+00 -1.30365391e+01 1.23703585e+01 -1.32481937e+01
    1.27846699e+01 -5.56079865e+00 -8.42145729e+00 2.37199669e+01
    -1.59150534e+01 5.76438475e+00 -1.98732433e+01 2.96453934e+01
    -3.10158405e+01 2.73013763e+01 -2.40975342e+01 2.76080837e+01
    -3.21908226e+01 1.84446049e+01 -9.21695614e+00 2.64701080e+01
    -3.37614822e+01 3.04462757e+01 -2.23681278e+01 1.48883133e+01
    -1.62855682e+01 2.09694710e+01 -1.24588499e+01 7.22793531e+00
    -1.90333729e+01 1.97275753e+01 -1.12851686e+01 8.51500034e-01
    7.60510826e+00 -5.29908657e+00 -2.62200165e+00 3.21167731e+00
    -3.44904423e+00 8.71274853e+00 -8.11349583e+00 3.12192178e+00
    2.64639497e+00 -7.39415359e+00 6.26312160e+00 -1.81436622e+00
    -2.18654405e-02</data></vocabulary>
</opencv_storage>
