<?xml version="1.0"?>
<opencv_storage>
<vocabulary type_id="opencv-matrix">
  <rows>81</rows>
  <cols>1</cols>
  <dt>f</dt>
  <data>
    5.01022339e-01 -1.31282020e+00 1.93007135e+00 -1.87344384e+00
    1.84684420e+00 -1.35128391e+00 8.41180921e-01 -5.37220478e-01
    1.19899489e-01 -2.78872299e+00 5.82568502e+00 -7.31422043e+00
    8.02387142e+00 -8.26108837e+00 6.30086851e+00 -3.68082333e+00
    1.64577711e+00 -2.62417018e-01 5.44549656e+00 -1.01270561e+01
    1.15003376e+01 -1.37462521e+01 1.50496750e+01 -1.15667191e+01
    6.32243490e+00 -2.51983500e+00 3.57155144e-01 -5.72850752e+00
    9.08434391e+00 -8.10550308e+00 1.14003706e+01 -1.44297953e+01
    1.09457388e+01 -5.20924711e+00 1.40448332e+00 7.79610500e-02
    5.22073078e+00 -6.87178659e+00 2.92626786e+00 -6.33468151e+00
    1.21910849e+01 -8.54713917e+00 2.93664217e+00 4.35424387e-01
    -8.06731462e-01 -3.88496828e+00 2.75527239e+00 3.69308758e+00
    -2.18683243e+00 -1.46726274e+00 1.55683744e+00 5.91597617e-01
    -2.17047501e+00 1.46250629e+00 1.94470167e+00 2.47676754e+00
    -1.08194046e+01 1.17080507e+01 -1.01373205e+01 7.76665545e+00
    -5.48342466e+00 4.61199522e+00 -2.30045104e+00 -6.12429261e-01
    -3.34655547e+00 9.44110203e+00 -1.10105715e+01 1.07881021e+01
    -8.91760731e+00 6.19398880e+00 -4.69024611e+00 2.04240799e+00
    -4.05563265e-02 1.38970125e+00 -3.24268603e+00 3.93230939e+00
    -3.95486474e+00 3.48742819e+00 -2.94272232e+00 2.29366589e+00
    -8.92756224e-01</data></vocabulary>
</opencv_storage>
