<?xml version="1.0"?>
<opencv_storage>
<vocabulary type_id="opencv-matrix">
  <rows>81</rows>
  <cols>1</cols>
  <dt>f</dt>
  <data>
    1.81967407e-01 -2.43618097e-02 4.91921231e-02 -3.21654528e-01
    3.68107051e-01 -5.56035340e-01 3.98074925e-01 8.65056366e-02
    -1.52836516e-01 1.26261292e-02 -7.63260007e-01 7.23338127e-01
    -1.17992252e-01 3.99105549e-01 2.81098694e-01 -1.25298750e+00
    4.95024145e-01 8.71147290e-02 -7.49448121e-01 2.25561428e+00
    -1.96581411e+00 6.08521521e-01 -1.22501993e+00 -1.70525581e-01
    2.53209043e+00 -1.36695445e+00 2.19533760e-02 3.49502057e-01
    -1.62322330e+00 1.51937902e+00 -3.98801297e-01 1.44079709e+00
    -2.98766010e-02 -2.34714746e+00 1.03045499e+00 2.57483482e-01
    3.51416290e-01 7.35561490e-01 -1.14986229e+00 6.67424679e-01
    -1.00169683e+00 8.64270151e-01 1.10915244e+00 -2.19969705e-01
    -6.02906585e-01 -6.45217776e-01 5.11750042e-01 -6.36171997e-01
    1.48001516e+00 -2.33501926e-01 7.79951155e-01 -1.47814107e+00
    4.43272859e-01 5.60541749e-01 3.70182186e-01 -1.49934065e+00
    2.87089944e+00 -4.63955164e+00 3.49780512e+00 -1.68495429e+00
    7.66067863e-01 -3.18134427e-01 -6.16920114e-01 -4.12910916e-02
    1.10964978e+00 -2.48696589e+00 3.84616375e+00 -2.83325100e+00
    5.09404302e-01 4.06199038e-01 -2.22381249e-01 7.16062665e-01
    -4.35734503e-02 -1.66207597e-01 5.52594364e-01 -9.38142598e-01
    6.34596825e-01 6.81894943e-02 -2.72579223e-01 1.47086576e-01
    -2.99159169e-01</data></vocabulary>
</opencv_storage>
