<?xml version="1.0"?>
<opencv_storage>
<vocabulary type_id="opencv-matrix">
  <rows>81</rows>
  <cols>1</cols>
  <dt>f</dt>
  <data>
    1.32298565e+01 -1.42685902e+00 -1.92549000e+01 5.63743973e+00
    4.00136328e+00 -1.16108155e+00 6.62099981e+00 3.08983803e+00
    8.09577942e+00 -1.40744190e+01 1.11551514e+01 2.49759560e+01
    -1.05245934e+01 -1.21794901e+01 7.47026682e+00 -1.29302063e+01
    -3.83507967e+00 -5.83347273e+00 -9.36824799e+00 -3.09657078e+01
    6.78745174e+00 3.11552215e+00 2.48307400e+01 -1.98836098e+01
    1.20993538e+01 5.98568738e-01 -1.52942610e+01 1.29815063e+01
    2.96422882e+01 -1.28227768e+01 7.71502924e+00 -2.30422115e+01
    1.46992273e+01 -2.38609052e+00 -2.41431832e+00 2.55776958e+01
    3.55739594e+00 -9.16984558e+00 -3.60605502e+00 -2.67978935e+01
    1.46673870e+01 -2.12924376e-01 -9.12031174e+00 6.72858953e+00
    -2.50613041e+01 -1.09063225e+01 2.28823856e-01 9.87574577e+00
    2.50494881e+01 -1.82575154e+00 -4.52417612e+00 7.24616480e+00
    -3.66393805e+00 1.50858383e+01 7.27377081e+00 2.54455686e+00
    -1.45841970e+01 8.93555450e+00 -2.59630547e+01 1.59491749e+01
    -4.52318048e+00 -2.56677008e+00 3.66366649e+00 -4.30598450e+00
    -2.25600648e+00 1.10270662e+01 -1.69489899e+01 2.73521881e+01
    -1.48078079e+01 1.92799914e+00 4.36676121e+00 -9.69343567e+00
    2.00077844e+00 -4.15442288e-01 -1.99421799e+00 3.33081007e+00
    -6.35813713e+00 2.22998309e+00 1.21541882e+00 -2.36205816e+00
    3.47630501e+00</data></vocabulary>
</opencv_storage>
