<?xml version="1.0"?>
<opencv_storage>
<vocabulary type_id="opencv-matrix">
  <rows>81</rows>
  <cols>1</cols>
  <dt>f</dt>
  <data>
    -2.09598780e-01 2.04343510e+00 -4.07257855e-01 -3.26170802e+00
    9.12485790e+00 -7.58728456e+00 -1.89626348e+00 8.44974518e+00
    -3.16333890e+00 -4.82855171e-01 -2.18302393e+00 1.24260938e+00
    -1.40787995e+00 -2.17473912e+00 -8.43461692e-01 6.71523428e+00
    -4.03911018e+00 -6.12269735e+00 1.30315638e+00 3.35511267e-01
    -6.69562042e-01 5.49854565e+00 -7.71262550e+00 3.82637739e+00
    -4.16103363e+00 1.02133942e+01 4.57011509e+00 -2.74207020e+00
    3.38532639e+00 -3.49989653e+00 -1.63844967e+00 4.62504435e+00
    4.73286152e+00 -8.23466396e+00 -9.40388203e+00 -2.63816094e+00
    1.56338739e+00 9.34180069e+00 -3.10173965e+00 -1.04734719e+00
    -1.08297300e+00 -7.24246800e-01 -6.97171152e-01 8.14620399e+00
    2.55581832e+00 -1.30530548e+00 -9.41418934e+00 -3.58623672e+00
    6.94595098e+00 9.23542595e+00 -4.73613453e+00 7.22471905e+00
    -1.48955002e+01 3.69161892e+00 -1.65195894e+00 4.42485750e-01
    4.63255310e+00 -3.97370386e+00 -8.22652245e+00 -3.93419814e+00
    1.21853578e+00 7.70891047e+00 -2.22510791e+00 6.97904015e+00
    -6.37825298e+00 4.69837761e+00 4.08447027e+00 4.49534416e+00
    9.30530250e-01 9.48831654e+00 -1.22696438e+01 3.55249548e+00
    -2.79716063e+00 8.83073270e-01 4.41724730e+00 -1.36825323e+01
    5.89319515e+00 -8.72405624e+00 1.08993006e+01 -7.11601830e+00
    1.94321275e+00</data></vocabulary>
</opencv_storage>
