<?xml version="1.0"?>
<opencv_storage>
<vocabulary type_id="opencv-matrix">
  <rows>81</rows>
  <cols>1</cols>
  <dt>f</dt>
  <data>
    4.98397797e-02 1.52412020e-02 -3.94930571e-01 -8.72134268e-02
    4.85413641e-01 3.52695525e-01 -1.76702552e-02 -4.57693040e-01
    1.72125369e-01 -2.95807064e-01 3.26105952e-01 7.05727756e-01
    7.83281088e-01 -2.84301424e+00 1.98147869e+00 -3.20566750e+00
    3.19918299e+00 -9.41426575e-01 -3.04070026e-01 5.49918234e-01
    -2.66267300e+00 1.64629889e+00 1.55870080e+00 -2.22536492e+00
    3.72413778e+00 -3.08856153e+00 3.46314222e-01 7.99522102e-01
    8.05472016e-01 -1.21853733e+00 1.11037743e+00 -1.29400980e+00
    1.07444572e+00 -1.72246516e+00 8.69099498e-01 8.86141717e-01
    1.12740226e-01 -2.62358260e+00 4.27881098e+00 -3.53476214e+00
    3.75588822e+00 -2.49704671e+00 1.66927755e+00 4.88262326e-01
    -1.43136799e+00 -6.56623483e-01 2.31221032e+00 -2.89738369e+00
    9.49031472e-01 6.47544265e-02 1.10091853e+00 -6.80291891e-01
    -1.84106755e+00 1.92109811e+00 3.59130681e-01 -9.93800521e-01
    1.19938016e+00 -2.40133062e-01 -5.14639951e-02 -1.94659233e+00
    3.25960445e+00 -8.03664684e-01 -8.81609678e-01 -9.29674581e-02
    4.48064543e-02 -3.56490761e-01 6.49318218e-01 -1.03995216e+00
    3.15987730e+00 -5.63572407e+00 3.37501264e+00 -1.79751068e-01
    1.68881714e-02 -2.10209221e-01 8.64237726e-01 -1.28492939e+00
    1.29916549e+00 -1.90363955e+00 2.69114351e+00 -1.41857827e+00
    -5.10479845e-02</data></vocabulary>
</opencv_storage>
