<?xml version="1.0"?>
<opencv_storage>
<vocabulary type_id="opencv-matrix">
  <rows>81</rows>
  <cols>1</cols>
  <dt>f</dt>
  <data>
    -2.78867707e-02 -4.91726756e-01 1.09243810e+00 -9.60113645e-01
    5.51858008e-01 -6.77423477e-01 1.07277846e+00 -8.63600910e-01
    3.01645309e-01 8.23022723e-02 1.02641392e+00 -2.35755730e+00
    1.92288685e+00 -8.62447262e-01 1.18788016e+00 -2.10096216e+00
    1.74136770e+00 -5.98979294e-01 -2.04164177e-01 -9.75731194e-01
    2.32168603e+00 -8.56768787e-01 -1.83032894e+00 1.19446039e+00
    6.12099707e-01 -1.10389090e+00 4.05087352e-01 3.93137753e-01
    6.27974093e-01 -1.91595674e+00 -2.86102682e-01 4.28524208e+00
    -3.44729543e+00 7.97318935e-01 5.28108299e-01 -2.08648771e-01
    -4.80190158e-01 -5.23943186e-01 2.02487135e+00 -6.39241397e-01
    -1.60403299e+00 2.19159245e+00 2.34150395e-01 -1.33553588e+00
    4.84106153e-01 6.30246818e-01 3.06165814e-01 -2.25920296e+00
    1.84839225e+00 5.14410198e-01 1.59060173e-02 -1.79304802e+00
    2.03533530e+00 -7.04237401e-01 -6.71279311e-01 4.60660279e-01
    6.13713861e-01 -2.89518207e-01 -1.26879334e+00 6.71986461e-01
    8.29299152e-01 -1.16112852e+00 4.00993019e-01 5.25675297e-01
    -1.01125932e+00 1.03518915e+00 -1.42597258e+00 2.16856813e+00
    -1.73136103e+00 5.82739294e-01 2.19292473e-02 -2.76487526e-02
    -2.06076816e-01 4.49683934e-01 -5.34995258e-01 7.60186553e-01
    -1.08586085e+00 9.25935507e-01 -4.65019494e-01 1.26767397e-01
    -1.56011991e-02</data></vocabulary>
</opencv_storage>
