<?xml version="1.0"?>
<opencv_storage>
<vocabulary type_id="opencv-matrix">
  <rows>81</rows>
  <cols>1</cols>
  <dt>f</dt>
  <data>
    -8.58785748e-01 2.05611086e+00 -2.24154758e+00 1.46761119e+00
    -3.21342498e-01 -1.22956133e+00 6.05060458e-01 1.73020470e+00
    -1.43486989e+00 3.66159582e+00 -6.03447676e+00 7.03198719e+00
    -6.33115005e+00 5.02733946e+00 -2.95983362e+00 3.94329214e+00
    -7.75794506e+00 5.08563471e+00 -4.99710131e+00 3.86148787e+00
    -2.83819079e+00 2.44239211e+00 -3.92316699e+00 5.94980907e+00
    -9.05592918e+00 1.28039274e+01 -7.77127743e+00 3.09219241e+00
    2.20505524e+00 -3.38622332e+00 2.15989971e+00 3.98852140e-01
    -3.48924208e+00 8.44571304e+00 -1.06648846e+01 5.65127087e+00
    -2.70568061e+00 -1.58946586e+00 -2.43663311e+00 7.82588100e+00
    -7.84364891e+00 7.26152515e+00 -8.31631851e+00 3.80724192e+00
    1.47751972e-01 3.08424258e+00 -2.82373905e-01 6.71111679e+00
    -1.24471531e+01 1.12341413e+01 -6.42564201e+00 3.66346502e+00
    2.98897314e+00 -4.21941233e+00 -2.76238942e+00 1.11091882e-02
    -4.19091272e+00 4.72753811e+00 9.82608020e-01 -5.31134462e+00
    7.48545790e+00 -8.48313713e+00 5.59366703e+00 9.88844812e-01
    2.24099660e+00 -1.81048143e+00 4.33920288e+00 -9.88070011e+00
    1.12609491e+01 -1.11790009e+01 8.08433723e+00 -4.31944323e+00
    3.80126745e-01 -2.22607589e+00 3.22916460e+00 -5.17204523e+00
    6.98476648e+00 -6.60051870e+00 5.52097321e+00 -2.89065218e+00
    1.21396363e+00</data></vocabulary>
</opencv_storage>
