<?xml version="1.0"?>
<opencv_storage>
<vocabulary type_id="opencv-matrix">
  <rows>81</rows>
  <cols>1</cols>
  <dt>f</dt>
  <data>
    -5.50084598e-02 4.13953215e-01 -7.47628331e-01 4.28166658e-01
    1.32948959e+00 -9.20568287e-01 -1.89244378e+00 1.89525509e+00
    -6.70404375e-01 -1.38431263e+00 1.33838403e+00 7.70588577e-01
    -1.98742831e+00 2.36896545e-01 -2.12328005e+00 7.31465435e+00
    -5.73903418e+00 1.82189298e+00 2.85798621e+00 -3.97977591e+00
    9.75159764e-01 2.45766902e+00 -2.55628705e+00 5.99325275e+00
    -1.23044748e+01 9.59551144e+00 -2.61973119e+00 -1.15264869e+00
    2.50945425e+00 -4.46031839e-01 -7.10180104e-01 -2.63973927e+00
    1.22633018e-01 6.43800640e+00 -5.57897091e+00 8.61049891e-01
    -9.87728357e-01 1.24674654e+00 -5.39238501e+00 5.71847773e+00
    4.03139162e+00 -5.28231955e+00 2.09462714e+00 -1.89756727e+00
    1.82213426e+00 1.27352560e+00 5.68288684e-01 -3.76124918e-01
    -2.79146409e+00 1.93057036e+00 3.17357741e-02 9.14710537e-02
    1.46763813e+00 -1.94374979e+00 -5.44510484e-01 -4.71982241e+00
    9.56132317e+00 -6.58017015e+00 2.24393189e-01 9.13516760e-01
    -1.88153422e+00 -3.00958604e-01 1.54751372e+00 5.05847335e-01
    3.17389059e+00 -7.14312506e+00 4.28359461e+00 2.92760229e+00
    -3.58555007e+00 2.49567103e+00 -1.73540518e-01 -5.91164351e-01
    -5.68938196e-01 9.14286450e-02 8.69307399e-01 7.37677038e-01
    -3.86907291e+00 4.28214169e+00 -3.41556978e+00 1.72114027e+00
    -4.21034992e-01</data></vocabulary>
</opencv_storage>
