<?xml version="1.0"?>
<opencv_storage>
<vocabulary type_id="opencv-matrix">
  <rows>81</rows>
  <cols>1</cols>
  <dt>f</dt>
  <data>
    -1.48529232e+00 4.04797506e+00 -7.45021009e+00 1.11342621e+01
    -1.04090576e+01 6.71426535e+00 -4.49267101e+00 2.70019007e+00
    -9.68432486e-01 2.43351269e+00 -6.66969585e+00 1.06712179e+01
    -1.44344702e+01 1.13775234e+01 -4.43721485e+00 3.16852880e+00
    -5.08256102e+00 3.15066171e+00 -4.69973505e-01 2.02238703e+00
    -1.62901974e+00 -4.08735663e-01 6.95541668e+00 -1.46919804e+01
    1.02661304e+01 2.80400920e+00 -4.61132097e+00 -8.76611352e-01
    1.15050280e+00 -4.31255579e+00 9.70947647e+00 -1.73200989e+01
    2.48111629e+01 -1.74699173e+01 -1.23840570e+00 4.80314922e+00
    -1.94936752e-01 1.34432733e+00 2.07838154e+00 -8.73511124e+00
    1.88165131e+01 -2.64509583e+01 1.89171543e+01 5.84103405e-01
    -4.22800350e+00 2.84991860e+00 -8.37771034e+00 6.21980429e+00
    1.10914910e+00 -1.07638569e+01 2.01602840e+01 -1.49354725e+01
    -5.36021650e-01 3.05950570e+00 -6.43629599e+00 1.87094364e+01
    -2.13473740e+01 1.61802483e+01 -6.94037771e+00 -2.64342570e+00
    2.56503034e+00 3.46144843e+00 -2.40475988e+00 6.74471283e+00
    -1.93415356e+01 2.45092945e+01 -2.26439075e+01 1.53710756e+01
    -6.59367085e+00 3.63412142e+00 -4.21175432e+00 1.84104359e+00
    -2.58236599e+00 7.21707249e+00 -9.46079540e+00 9.35162640e+00
    -6.84307146e+00 3.15787315e+00 -1.40281391e+00 1.28917527e+00
    -5.56519926e-01</data></vocabulary>
</opencv_storage>
