<?xml version="1.0"?>
<opencv_storage>
<vocabulary type_id="opencv-matrix">
  <rows>81</rows>
  <cols>1</cols>
  <dt>f</dt>
  <data>
    5.05520105e-01 -3.23178507e-02 -1.57562840e+00 1.70529664e+00
    -1.01143193e+00 1.61498880e+00 -3.26974368e+00 1.80572021e+00
    9.83940810e-02 -2.96592021e+00 7.43657410e-01 9.33784771e+00
    -1.05664701e+01 6.28196573e+00 -3.54689693e+00 5.28441811e+00
    -2.57073188e+00 -6.26142979e-01 2.82763100e+00 3.05228519e+00
    -2.17866287e+01 2.21428642e+01 -1.16444569e+01 4.27205944e+00
    -5.02097273e+00 3.55814576e+00 2.63595760e-01 -5.53087771e-01
    -8.14766407e+00 2.81464100e+01 -2.27810612e+01 1.24164379e+00
    8.21357346e+00 -2.01035643e+00 -2.68895888e+00 -7.98163176e-01
    4.71619576e-01 1.01208515e+01 -3.06475639e+01 1.95483856e+01
    1.40790863e+01 -2.33827744e+01 8.56109333e+00 3.06455350e+00
    9.14829791e-01 -7.80894220e-01 -1.27779779e+01 3.78918457e+01
    -2.82075806e+01 -5.28228092e+00 1.80477486e+01 -4.83629751e+00
    -5.41505194e+00 -6.41811550e-01 1.61212540e+00 9.62329102e+00
    -3.16414757e+01 2.50821190e+01 -6.70733631e-01 -1.00190287e+01
    7.42137015e-01 5.29472637e+00 1.44230926e+00 -1.99607170e+00
    2.40638420e-01 3.76968598e+00 4.37713194e+00 -1.86075497e+01
    2.25720024e+01 -1.20246143e+01 3.80685258e+00 -3.68084335e+00
    6.04640543e-01 -1.41452789e+00 2.76132011e+00 -5.92831945e+00
    1.00094976e+01 -9.62520313e+00 3.90627837e+00 -2.00769469e-01
    6.57340527e-01</data></vocabulary>
</opencv_storage>
