<?xml version="1.0"?>
<opencv_storage>
<vocabulary type_id="opencv-matrix">
  <rows>81</rows>
  <cols>1</cols>
  <dt>f</dt>
  <data>
    1.95973835e+01 2.80349102e+01 1.03553101e+02 -4.67797737e+01
    1.05886288e+01 -4.35087776e+00 -7.19334459e+00 -3.20653152e+00
    -8.80057335e+00 -5.68765373e+01 -4.68414593e+00 -1.39106750e+02
    7.98285294e+01 1.52649879e+01 -3.16683102e+01 3.36335449e+01
    9.43599415e+00 6.95461512e+00 6.24163246e+01 -6.61928864e+01
    5.15283537e+00 -8.30939636e+01 -2.25831547e+01 2.96652050e+01
    -1.65649738e+01 -3.31982384e+01 1.97673798e+01 -4.13746033e+01
    3.50393867e+01 3.85131454e+01 5.89525108e+01 -1.54791546e+01
    1.55446558e+01 8.13306618e+00 2.13411179e+01 -1.44179831e+01
    3.60188713e+01 5.52543640e+01 -4.18612480e+00 4.40409012e+01
    8.86857700e+00 -2.71757145e+01 -1.03484802e+01 -7.27985239e+00
    -1.05898438e+01 -9.86496449e+00 -4.15475273e+01 -4.88312721e+01
    -3.73513107e+01 -3.14897556e+01 3.32083931e+01 -1.73582115e+01
    1.10475092e+01 -2.73560333e+00 -6.45851822e+01 -2.32236462e+01
    5.65256958e+01 -2.24418488e+01 5.54677238e+01 -4.51718855e+00
    3.48423080e+01 1.94375992e+00 3.87097282e+01 8.24198151e+01
    2.80722771e+01 -2.96564083e+01 1.66701012e+01 -1.74178524e+01
    -4.19503326e+01 -1.16984854e+01 -1.52514200e+01 -3.82272263e+01
    -2.45417862e+01 -9.05767727e+00 3.21486354e+00 -5.39360571e+00
    1.96155624e+01 2.17309165e+00 8.36095524e+00 1.99419570e+00
    1.32277794e+01</data></vocabulary>
</opencv_storage>
