<?xml version="1.0"?>
<opencv_storage>
<vocabulary type_id="opencv-matrix">
  <rows>81</rows>
  <cols>1</cols>
  <dt>f</dt>
  <data>
    -3.25121224e-01 6.71412110e-01 -3.96724284e-01 -7.17869848e-02
    3.21870804e-01 -5.85576713e-01 5.38910508e-01 -2.05447316e-01
    3.13854814e-02 4.28879708e-01 -7.76136041e-01 2.76435256e-01
    -1.11645870e-01 1.20316438e-01 2.41660967e-01 -3.33130151e-01
    3.84538829e-01 -1.26261815e-01 -6.65183604e-01 1.15810549e+00
    -2.71491438e-01 2.48384222e-01 -8.47235799e-01 4.70076770e-01
    -2.12866455e-01 -6.04313076e-01 3.47174764e-01 8.53437483e-01
    -1.68432105e+00 5.77263892e-01 -6.20961040e-02 5.83319783e-01
    -1.20777346e-01 8.20389166e-02 3.34783882e-01 -1.24915034e-01
    -2.22474083e-01 4.58881319e-01 2.58117706e-01 -3.06565583e-01
    7.04654515e-01 -6.13183295e-03 2.75959782e-02 2.39066463e-02
    -2.34174207e-01 -2.42889419e-01 5.84289551e-01 -1.68679106e+00
    1.86534595e+00 -1.04433894e+00 1.56326830e+00 -1.03261232e+00
    -3.47199708e-01 6.69444561e-01 -2.39049420e-01 4.81092572e-01
    7.79423058e-01 -1.46624410e+00 1.15753448e+00 -1.73496544e+00
    8.76615822e-01 1.52006161e+00 -1.43691754e+00 2.37976238e-01
    -4.01763797e-01 -5.23210824e-01 8.63192201e-01 -7.91546047e-01
    1.11822724e+00 -4.75547105e-01 -1.62143302e+00 1.36709881e+00
    7.77077898e-02 -2.65605032e-01 7.41239369e-01 -8.89622211e-01
    6.63721561e-01 -4.73763257e-01 1.54449284e-01 5.83233833e-01
    -4.77879316e-01</data></vocabulary>
</opencv_storage>
