<?xml version="1.0"?>
<opencv_storage>
<vocabulary type_id="opencv-matrix">
  <rows>81</rows>
  <cols>1</cols>
  <dt>f</dt>
  <data>
    -6.71354246e+00 7.08928156e+00 1.14939928e+00 6.89143717e-01
    -1.07965364e+01 7.27803946e+00 -3.90891495e+01 3.58942337e+01
    -7.99437881e-01 8.48853016e+00 -2.16315866e+00 -8.55027866e+00
    -1.31314918e-01 3.01123466e+01 -4.91442442e+00 -4.48724604e+00
    8.04663658e+00 -1.07787733e+01 -1.40726061e+01 2.17744598e+01
    -1.57277222e+01 7.61589909e+00 -1.22284126e+01 7.14556026e+00
    -2.61281738e+01 4.35072861e+01 -2.45150738e+01 1.37322836e+01
    -1.89388313e+01 1.81569920e+01 -2.92983608e+01 1.62277451e+01
    3.67492485e+00 -1.93379736e+00 -2.10700245e+01 1.61139450e+01
    -2.53492107e+01 4.61457024e+01 -2.21764851e+01 3.35883636e+01
    -1.02060032e+01 -2.08188415e+00 1.83031578e+01 -2.18940277e+01
    2.37094259e+00 9.17137718e+00 -2.75709171e+01 2.15906086e+01
    -3.70493164e+01 4.70976925e+00 -1.77497082e+01 1.78046875e+01
    -6.48191929e+00 1.65907173e+01 -1.70406322e+01 1.90331573e+01
    -9.67130947e+00 3.38634539e+00 1.29515123e+01 1.81576004e+01
    -1.86886692e+00 1.69458556e+00 -1.86511936e+01 2.16965141e+01
    9.75347614e+00 -1.68217754e+01 1.84110298e+01 -9.94094944e+00
    5.31392193e+00 -6.93745518e+00 -3.44314766e+00 -7.40262890e+00
    -9.83843327e+00 3.10797048e+00 -1.70069542e+01 -3.96519089e+00
    1.43039942e+01 -3.87760758e+00 -2.28615856e+01 7.23557234e-01
    2.76917496e+01</data></vocabulary>
</opencv_storage>
