<?xml version="1.0"?>
<opencv_storage>
<vocabulary type_id="opencv-matrix">
  <rows>81</rows>
  <cols>1</cols>
  <dt>f</dt>
  <data>
    2.70857304e-01 -6.92205131e-01 7.61663735e-01 -5.72397232e-01
    5.95459521e-01 -7.16788650e-01 7.27863312e-01 -5.55277407e-01
    2.24662021e-01 -8.08064282e-01 2.01583624e+00 -1.97156942e+00
    1.22371674e+00 -1.74295640e+00 2.83760881e+00 -2.43242240e+00
    1.50706530e+00 -6.21587574e-01 1.30072618e+00 -3.12237287e+00
    2.63574195e+00 -1.10041344e+00 2.30176210e+00 -5.03351736e+00
    4.14800072e+00 -2.43145895e+00 1.05472755e+00 -7.81799257e-01
    1.82301009e+00 -6.14986777e-01 -1.45397878e+00 -3.19433451e-01
    4.09615088e+00 -3.56964064e+00 2.13503790e+00 -9.05674994e-01
    -1.03432953e-01 3.17577034e-01 -2.59669232e+00 5.29034901e+00
    -1.90439081e+00 -1.46238124e+00 1.61305475e+00 -1.02000320e+00
    3.29684705e-01 2.27490783e-01 -5.71249127e-01 2.07225585e+00
    -3.58697200e+00 1.30862629e+00 2.88360596e+00 -2.73779535e+00
    1.47632134e+00 -4.40731287e-01 -1.51428506e-01 2.17799649e-01
    -2.44591534e-01 -1.92435384e-01 2.57564378e+00 -5.81614256e+00
    4.99320889e+00 -2.61404562e+00 8.55287194e-01 5.09715155e-02
    3.15188430e-02 -4.40411568e-01 1.27209938e+00 -3.17058873e+00
    5.05619860e+00 -4.19707155e+00 2.15354705e+00 -6.80206120e-01
    9.90833044e-02 -2.15742543e-01 3.52368623e-01 -6.51819170e-01
    1.26950037e+00 -1.77488446e+00 1.41682529e+00 -7.28694916e-01
    2.25738600e-01</data></vocabulary>
</opencv_storage>
