<?xml version="1.0"?>
<opencv_storage>
<vocabulary type_id="opencv-matrix">
  <rows>81</rows>
  <cols>1</cols>
  <dt>f</dt>
  <data>
    -4.84392643e-02 3.45766209e-02 -1.89147368e-02 5.31912148e-02
    -4.53866571e-02 -1.44012615e-01 4.47827786e-01 -4.35478151e-01
    1.58388361e-01 -9.87471417e-02 2.04223115e-02 3.87767226e-01
    -8.97503614e-01 1.05798292e+00 -2.14915723e-01 -1.02333343e+00
    1.02596247e+00 -3.16440403e-01 4.06648219e-01 -3.08707029e-01
    -5.58020651e-01 1.44603181e+00 -1.81465578e+00 3.79615754e-01
    1.69784367e+00 -1.76839948e+00 5.25391638e-01 -3.98330778e-01
    4.43052560e-01 1.99540153e-01 -8.24290872e-01 1.01607347e+00
    1.43462688e-01 -2.20701432e+00 2.22574592e+00 -6.51232958e-01
    2.20408604e-01 -4.94631857e-01 2.58635521e-01 -5.76706901e-02
    1.23707664e+00 -6.07303560e-01 2.16193128e+00 -2.25679636e+00
    6.38307333e-01 -7.86198303e-02 6.15112543e-01 -8.87860656e-01
    4.24716741e-01 1.65190473e-01 3.13115507e-01 -1.53422964e+00
    1.69753182e+00 -4.92585570e-01 -1.48348153e-01 -1.91883564e-01
    4.51259702e-01 3.50473344e-01 -1.34216046e+00 7.53166020e-01
    4.18789804e-01 -8.28441620e-01 2.43952602e-01 2.19631925e-01
    -2.64286131e-01 2.94335753e-01 -9.63578224e-01 1.57145703e+00
    -1.23393691e+00 4.03730184e-01 4.13169861e-02 8.52003321e-03
    -5.85417002e-02 1.62750378e-01 -2.94385403e-01 5.61348379e-01
    -7.60595739e-01 6.69760168e-01 -4.01477844e-01 2.12333232e-01
    -9.25453380e-02</data></vocabulary>
</opencv_storage>
