<?xml version="1.0"?>
<opencv_storage>
<vocabulary type_id="opencv-matrix">
  <rows>81</rows>
  <cols>1</cols>
  <dt>f</dt>
  <data>
    -1.94788718e+00 1.41941857e+00 1.48162603e+00 -3.84184051e+00
    5.27500486e+00 -5.49892759e+00 5.07525110e+00 -3.94792438e+00
    1.35901618e+00 5.13347578e+00 -2.24233556e+00 -2.95888638e+00
    7.93220615e+00 -1.34107208e+01 1.15168066e+01 -3.58670044e+00
    2.06493950e+00 -6.64541125e-01 -6.16918373e+00 5.08127403e+00
    -4.56638432e+00 -2.69826722e+00 1.46157036e+01 -1.05145512e+01
    -7.37263918e+00 8.72321796e+00 -3.65955973e+00 1.40595984e+00
    -3.40950155e+00 1.07411013e+01 -2.83733797e+00 -1.23551807e+01
    1.15102768e+01 7.22336102e+00 -9.96539307e+00 3.94357419e+00
    1.78318369e+00 2.40312600e+00 -1.42028265e+01 6.17250061e+00
    1.08078423e+01 -1.75446873e+01 4.69167519e+00 2.84905374e-01
    -1.81595698e-01 -1.72570240e+00 2.96182036e-01 6.66775417e+00
    -6.99930072e-01 -1.02695665e+01 1.70810471e+01 -6.39147091e+00
    1.44322097e+00 -1.41915947e-01 1.42301416e+00 -1.11842692e+00
    -1.48486590e+00 -1.93955874e+00 5.44311857e+00 -6.64186525e+00
    1.04836524e+00 1.46262854e-01 -1.01271999e+00 -6.65039241e-01
    4.33406860e-01 -1.35655832e+00 5.49008799e+00 -6.50117874e+00
    9.50102615e+00 -1.07345848e+01 8.84294415e+00 -2.10319972e+00
    8.21974352e-02 -7.42597222e-01 2.86716580e+00 -5.42464447e+00
    5.19816875e+00 -5.77750969e+00 5.43951321e+00 -4.27862120e+00
    1.51225603e+00</data></vocabulary>
</opencv_storage>
