<?xml version="1.0"?>
<opencv_storage>
<vocabulary type_id="opencv-matrix">
  <rows>81</rows>
  <cols>1</cols>
  <dt>f</dt>
  <data>
    -3.26698162e-02 8.48232359e-02 -3.81704047e-02 4.57508378e-02
    -9.82277244e-02 -6.96123913e-02 1.58027515e-01 -5.03246821e-02
    -2.35945210e-02 1.89737305e-01 -2.56638974e-01 1.49813771e-01
    -2.56957114e-01 4.79202867e-01 1.68356627e-01 -6.48983777e-01
    1.34375349e-01 1.33591399e-01 -3.12931687e-01 4.78369087e-01
    -5.04536927e-01 7.44219065e-01 -1.26590836e+00 1.75503224e-01
    6.51478112e-01 4.93137166e-03 -2.11266592e-01 2.41226256e-01
    -5.20849049e-01 5.30069947e-01 -7.20865905e-01 1.37089014e+00
    -3.81990880e-01 -5.24507463e-01 -9.84361693e-02 2.06665695e-01
    -2.09010348e-01 4.16606069e-01 -2.63343692e-01 1.75242856e-01
    7.14698970e-01 -3.98383468e-01 1.08933210e+00 -3.51259947e-01
    -2.74426099e-02 1.54666886e-01 -2.63388574e-01 9.85249132e-02
    -2.94156432e-01 6.81338668e-01 2.51257271e-01 -8.63957286e-01
    2.82303959e-01 -6.38600364e-02 -3.67507003e-02 1.69437245e-01
    -1.49302587e-01 8.28856647e-01 -1.94277728e+00 1.42540932e+00
    -5.40724456e-01 3.65411997e-01 -6.02323487e-02 -4.09091823e-02
    -1.03419617e-01 2.13639140e-01 -7.71871924e-01 1.51389337e+00
    -1.36733842e+00 6.53882444e-01 -3.56849670e-01 7.24561512e-02
    6.30178601e-02 -1.52347401e-01 1.77337274e-01 5.72888441e-02
    -3.52047622e-01 3.67767066e-01 -1.61498144e-01 9.65963379e-02
    -2.81384364e-02</data></vocabulary>
</opencv_storage>
