<?xml version="1.0"?>
<opencv_storage>
<vocabulary type_id="opencv-matrix">
  <rows>81</rows>
  <cols>1</cols>
  <dt>f</dt>
  <data>
    1.07827015e+01 -2.75428333e+01 4.41411133e+01 -5.93499985e+01
    7.30257797e+01 -8.97629852e+01 8.02820053e+01 -4.66476555e+01
    1.62610626e+01 -2.58472729e+01 6.54673538e+01 -1.02721626e+02
    1.36213409e+02 -1.70431915e+02 2.13981384e+02 -1.94134567e+02
    1.12945419e+02 -3.90686226e+01 2.14689522e+01 -5.23793869e+01
    8.13389893e+01 -1.01945320e+02 1.34106308e+02 -1.91127182e+02
    1.82508713e+02 -1.09083099e+02 3.69833336e+01 -7.18003750e+00
    1.31018724e+01 -1.57390614e+01 2.72877789e+00 -5.73431253e+00
    4.95452728e+01 -6.53951340e+01 4.82314148e+01 -1.70106716e+01
    8.44359112e+00 -1.70603962e+01 1.14822874e+01 2.35319366e+01
    -6.04482040e+01 6.93552246e+01 -5.13409348e+01 1.91948547e+01
    -4.79578066e+00 -1.93695145e+01 4.90601692e+01 -5.49522247e+01
    1.72759476e+01 5.59176521e+01 -1.23116959e+02 1.18751549e+02
    -5.89524536e+01 1.66328773e+01 2.21457500e+01 -5.77975044e+01
    7.47097931e+01 -5.35003624e+01 -1.50992155e+01 9.16946259e+01
    -9.68131409e+01 4.54530449e+01 -1.14099617e+01 -1.62419682e+01
    4.18592949e+01 -6.40090485e+01 6.74727097e+01 -2.88151150e+01
    -2.13831501e+01 3.12286682e+01 -1.42910614e+01 4.13177681e+00
    6.63752985e+00 -1.67802753e+01 2.95368881e+01 -3.82521744e+01
    2.48941879e+01 -3.52812862e+00 -3.54774070e+00 2.96176100e+00
    -1.85752165e+00</data></vocabulary>
</opencv_storage>
