<?xml version="1.0"?>
<opencv_storage>
<vocabulary type_id="opencv-matrix">
  <rows>81</rows>
  <cols>1</cols>
  <dt>f</dt>
  <data>
    -7.55433110e-04 -4.31711704e-01 1.25641227e+00 3.32060248e-01
    -3.34363437e+00 4.60974598e+00 -4.56982470e+00 3.54538274e+00
    -9.28774774e-01 9.01011974e-02 6.83448672e-01 -2.59168959e+00
    -1.37798131e-01 5.75969362e+00 -8.16138649e+00 8.19549274e+00
    -6.52650833e+00 1.69865072e+00 6.96628690e-02 -3.03868771e+00
    8.80877972e+00 -8.70386696e+00 5.13642788e+00 -4.42653322e+00
    4.13763666e+00 -2.27024865e+00 7.72577822e-01 -2.82442391e-01
    5.07511711e+00 -1.41515341e+01 1.69132805e+01 -1.63148193e+01
    1.80149860e+01 -1.80253410e+01 1.27038584e+01 -3.97472119e+00
    1.38270274e-01 -3.50209761e+00 9.65415192e+00 -8.79972935e+00
    5.82176447e+00 -6.26204443e+00 9.86098385e+00 -9.20839500e+00
    3.79113674e+00 2.69566417e-01 3.99496138e-01 -1.76700759e+00
    -4.30990982e+00 1.25065937e+01 -9.85559750e+00 9.36294556e-01
    3.78785992e+00 -2.73162055e+00 1.40909627e-01 -3.74003530e-01
    4.24115330e-01 5.04426527e+00 -1.20966120e+01 9.87122917e+00
    -2.73308372e+00 -2.00088549e+00 2.16814184e+00 -5.91770053e-01
    1.25355601e+00 -1.41207254e+00 -1.86132550e+00 6.81047201e+00
    -5.90828800e+00 2.19937134e+00 1.06092167e+00 -1.64737976e+00
    3.40077639e-01 -7.85766780e-01 8.70571673e-01 3.04244578e-01
    -2.06229615e+00 1.75801373e+00 -4.90319192e-01 -8.40827465e-01
    9.03219938e-01</data></vocabulary>
</opencv_storage>
