<?xml version="1.0"?>
<opencv_storage>
<vocabulary type_id="opencv-matrix">
  <rows>81</rows>
  <cols>1</cols>
  <dt>f</dt>
  <data>
    1.29172113e-02 1.88132882e-01 -5.55436373e-01 9.77903008e-01
    -1.32921445e+00 1.44375539e+00 -1.06595647e+00 6.40088081e-01
    -1.73693001e-01 -4.24242020e-02 -6.61930963e-02 5.89111149e-01
    -1.47466636e+00 2.36320400e+00 -2.67721462e+00 2.13053727e+00
    -1.38574147e+00 4.09063876e-01 1.66085005e-01 -6.82210326e-01
    5.86025238e-01 2.20811009e-01 -1.34629941e+00 1.73567438e+00
    -1.55087388e+00 1.00283599e+00 -2.94080734e-01 -8.58350545e-02
    8.94342422e-01 -1.22048438e+00 1.24413443e+00 -1.06146264e+00
    9.59387481e-01 -7.41656899e-01 4.72513348e-01 -1.14403605e-01
    -2.54794776e-01 -1.96209356e-01 2.80165166e-01 -9.16887283e-01
    2.71488690e+00 -1.66030204e+00 1.66061378e+00 -1.28637457e+00
    3.62245947e-01 5.14906228e-01 -3.63747627e-01 4.02874172e-01
    -6.66648984e-01 1.02238727e+00 -7.06198096e-01 -9.56369415e-02
    4.01475132e-01 -1.44301206e-01 -5.70220292e-01 4.24421072e-01
    -3.21867585e-01 1.33963776e+00 -2.61842227e+00 2.40012169e+00
    -1.43931675e+00 6.03979111e-01 -1.29582077e-01 3.95390838e-01
    -2.83001244e-01 1.16258144e-01 -8.68442476e-01 1.74713457e+00
    -1.79178357e+00 1.22161055e+00 -5.95642030e-01 1.43342033e-01
    -1.07290506e-01 5.86149767e-02 -1.68200769e-02 2.62442529e-01
    -4.84557271e-01 4.65203762e-01 -2.86940962e-01 1.15217619e-01
    -1.58360228e-02</data></vocabulary>
</opencv_storage>
