<?xml version="1.0"?>
<opencv_storage>
<vocabulary type_id="opencv-matrix">
  <rows>81</rows>
  <cols>1</cols>
  <dt>f</dt>
  <data>
    7.62552172e-02 -3.74490470e-01 4.69870418e-01 -9.66217369e-02
    -3.63855839e-01 5.79478920e-01 -6.46283269e-01 4.15837109e-01
    -4.62318063e-02 -2.98017800e-01 1.17372942e+00 -1.49917233e+00
    4.56596404e-01 8.64871621e-01 -1.41539001e+00 1.65564418e+00
    -1.12187696e+00 2.08332300e-01 6.65678263e-01 -2.28489447e+00
    3.20738506e+00 -2.14920092e+00 4.66594011e-01 4.27598715e-01
    -1.89715528e+00 1.56398857e+00 -3.76939207e-01 -9.47403729e-01
    3.18089414e+00 -4.78905678e+00 4.32637548e+00 -3.13705444e+00
    1.89233887e+00 1.25294912e+00 -1.66745865e+00 4.68099326e-01
    7.36464381e-01 -2.19839287e+00 3.01042724e+00 -3.52588916e+00
    4.92843485e+00 -2.59447551e+00 -6.35757446e-01 1.30839479e+00
    -4.38731760e-01 -1.81277215e-01 9.74743143e-02 4.78217483e-01
    4.46816802e-01 -1.90056455e+00 1.54518056e+00 8.46154094e-01
    -1.43925214e+00 5.26227713e-01 -1.73259929e-01 9.35614884e-01
    -2.15270686e+00 1.26697171e+00 7.07957208e-01 -9.15432096e-01
    -7.40149200e-01 1.19942093e+00 -4.08212364e-01 2.01349214e-01
    -5.58576822e-01 1.11539924e+00 6.13800958e-02 -2.20528698e+00
    2.29780173e+00 -9.78373110e-01 1.04278043e-01 -2.53397878e-02
    -5.20241186e-02 5.29167838e-02 -1.17426760e-01 -6.07470572e-01
    1.74785841e+00 -1.74869788e+00 1.01580513e+00 -3.72175246e-01
    9.74794626e-02</data></vocabulary>
</opencv_storage>
