<?xml version="1.0"?>
<opencv_storage>
<vocabulary type_id="opencv-matrix">
  <rows>81</rows>
  <cols>1</cols>
  <dt>f</dt>
  <data>
    -8.16727281e-01 5.37232399e-01 3.97397876e-01 -8.10497105e-01
    5.30604064e-01 -8.61745626e-02 -1.00765511e-01 4.97584879e-01
    6.71983004e-01 -7.11983740e-01 -6.07393920e-01 1.72983384e+00
    -1.43096834e-01 -4.14169371e-01 2.56372541e-01 -7.46936560e-01
    6.81881070e-01 4.09191191e-01 1.43502152e+00 4.48235959e-01
    -1.24046016e+00 -4.03609306e-01 -2.82818019e-01 -7.71470144e-02
    -7.58405209e-01 -1.14449598e-02 -1.85338914e-01 -7.40835845e-01
    -4.15507257e-01 5.92133105e-01 2.72000849e-01 -2.57344097e-01
    1.39419603e+00 -8.84416878e-01 -5.02982497e-01 -4.94905710e-01
    4.33617592e-01 1.73190475e-01 9.04207677e-02 1.01742339e+00
    -7.40723670e-01 4.31638092e-01 1.49831033e+00 -2.01906994e-01
    -3.46583396e-01 -4.01354760e-01 -5.28139651e-01 -2.33624622e-01
    -1.09771669e+00 5.38565218e-01 1.79320112e-01 -3.93389076e-01
    4.18943107e-01 -9.95096415e-02 3.80619578e-02 8.65068197e-01
    1.19785953e+00 4.09017026e-01 5.78379393e-01 -2.30177224e-01
    -1.40310276e+00 3.49441200e-01 2.54434109e-01 -1.10936582e-01
    -7.09278464e-01 -1.12801731e+00 -2.97625571e-01 1.32028544e+00
    -6.40658200e-01 -5.02967276e-02 7.08120644e-01 -3.67262274e-01
    8.82546961e-01 -4.29358274e-01 -3.83649379e-01 3.36432576e-01
    -5.21458089e-01 9.50483978e-01 -7.34863341e-01 4.30779964e-01
    -2.37321496e-01</data></vocabulary>
</opencv_storage>
