<?xml version="1.0"?>
<opencv_storage>
<vocabulary type_id="opencv-matrix">
  <rows>81</rows>
  <cols>1</cols>
  <dt>f</dt>
  <data>
    7.55112529e-01 -2.09978247e+00 2.59023952e+00 -2.64988089e+00
    2.47663736e+00 -2.12323928e+00 3.11231637e+00 -3.42074013e+00
    1.40801466e+00 -1.42199183e+00 2.22514105e+00 3.00526381e-01
    -3.08402348e+00 4.77247715e+00 -3.81105638e+00 -1.78851914e+00
    5.40336561e+00 -2.67196608e+00 1.78288651e+00 -2.22148418e+00
    -1.15096164e+00 3.25990677e+00 -3.67438745e+00 1.82124877e+00
    5.29133320e+00 -9.36270332e+00 4.15810585e+00 -1.94645798e+00
    1.89405906e+00 2.16866446e+00 -3.00944829e+00 1.20964801e+00
    1.79860461e+00 -9.57129383e+00 1.29436159e+01 -5.31274605e+00
    1.34289420e+00 -1.04766083e+00 -2.92515206e+00 2.41705418e+00
    2.75954294e+00 -5.42523336e+00 1.28163910e+01 -1.47277527e+01
    5.60523367e+00 -8.50590765e-01 2.57690400e-01 3.44465780e+00
    -2.50783587e+00 -2.36292934e+00 6.86918068e+00 -1.36072865e+01
    1.41094522e+01 -4.97322989e+00 4.93082494e-01 9.30572748e-01
    -4.56091547e+00 4.97169256e+00 -2.80774832e+00 -2.06756040e-01
    5.43141508e+00 -7.04727602e+00 2.52368259e+00 -1.42804354e-01
    -1.67904150e+00 4.71203089e+00 -6.13164282e+00 6.34245443e+00
    -5.08579445e+00 1.62123334e+00 7.99238980e-01 -4.44930822e-01
    2.26790886e-02 8.95963430e-01 -2.33813858e+00 3.23041058e+00
    -3.69980025e+00 3.23642230e+00 -1.58835673e+00 2.38246113e-01
    3.81053835e-02</data></vocabulary>
</opencv_storage>
