<?xml version="1.0"?>
<opencv_storage>
<vocabulary type_id="opencv-matrix">
  <rows>81</rows>
  <cols>1</cols>
  <dt>f</dt>
  <data>
    4.09842157e+00 -1.04835005e+01 1.40495138e+01 -8.85055256e+00
    -4.26173925e+00 8.54822445e+00 -4.61248589e+00 1.00107794e+01
    -6.69800377e+00 -3.55949783e+00 -3.76332730e-01 -6.88862991e+00
    1.09137783e+01 6.25384426e+00 -6.61877441e+00 -2.16440678e+00
    -7.18903112e+00 2.33252645e+00 5.02231646e+00 1.53693256e+01
    -1.05750618e+01 -5.95192909e+00 -7.35353279e+00 -1.78821790e+00
    8.67215824e+00 5.09245396e+00 1.57422996e+00 -2.17666912e+00
    -1.17883854e+01 9.10152626e+00 1.27372491e+00 9.85725880e+00
    -8.94460964e+00 4.04788589e+00 -5.55351114e+00 -4.30423021e+00
    -4.58798504e+00 -4.74217463e+00 2.57705450e+00 -1.85500336e+00
    3.89228439e+00 3.69458365e+00 9.88942337e+00 -3.38979268e+00
    -3.29043484e+00 1.52052498e+01 -3.76386356e+00 3.22109175e+00
    -1.18932985e-01 2.07372570e+00 -5.47348309e+00 -8.54200077e+00
    4.36094493e-01 1.09004431e+01 -9.22167242e-01 4.10167980e+00
    -1.00743570e+01 8.03924739e-01 -1.08128624e+01 8.92631149e+00
    1.36857309e+01 -1.92434330e+01 -8.76544774e-01 -1.42646351e+01
    1.99501932e-01 6.33009768e+00 1.02881753e+00 2.61083269e+00
    -6.54218483e+00 1.17083275e+00 1.40618777e+00 9.01946640e+00
    5.81016827e+00 3.72924733e+00 -5.22762632e+00 4.41815853e+00
    -5.34228849e+00 3.84563613e+00 -6.99841738e-01 6.08130753e-01
    -4.82182074e+00</data></vocabulary>
</opencv_storage>
