<?xml version="1.0"?>
<opencv_storage>
<vocabulary type_id="opencv-matrix">
  <rows>81</rows>
  <cols>1</cols>
  <dt>f</dt>
  <data>
    -5.36157072e-01 1.31974614e+00 -1.78797495e+00 2.04712987e+00
    -2.11660933e+00 2.01185513e+00 -1.42459178e+00 6.01976514e-01
    -1.58615157e-01 3.59100848e-02 7.80458897e-02 -8.14276516e-01
    1.52167845e+00 -7.68945277e-01 -4.97733921e-01 6.66362882e-01
    1.30957827e-01 -2.98720062e-01 1.32656109e+00 -3.60170531e+00
    6.70952940e+00 -9.12433624e+00 7.09750032e+00 -3.61472797e+00
    1.76570702e+00 -1.99293244e+00 1.29285622e+00 -1.42468572e+00
    4.11237621e+00 -7.90216255e+00 1.09100132e+01 -8.05738831e+00
    2.79985356e+00 -5.26774526e-01 1.73515272e+00 -1.47312200e+00
    5.44723094e-01 -2.21986389e+00 5.19139862e+00 -7.79492807e+00
    5.09252548e+00 2.96541905e+00 -4.22770500e+00 4.72379774e-01
    8.56498063e-01 -1.98583841e-01 1.28976619e+00 -3.51780009e+00
    5.29575586e+00 -4.88093019e-01 -6.74895525e+00 6.99285269e+00
    -2.09154820e+00 -2.11335048e-01 3.45976114e-01 -1.43790448e+00
    3.00206399e+00 -3.84686923e+00 -9.37451243e-01 7.45434093e+00
    -7.48030758e+00 2.85622001e+00 -2.79815137e-01 -1.42040923e-01
    7.02566743e-01 -1.58427167e+00 1.91808152e+00 1.13809192e+00
    -5.43250036e+00 5.44230127e+00 -2.45260191e+00 5.04575610e-01
    -2.80864909e-02 1.07604759e-02 2.98240501e-02 8.26650262e-02
    -9.61137772e-01 2.14124799e+00 -2.03614497e+00 1.04053390e+00
    -2.94622809e-01</data></vocabulary>
</opencv_storage>
