<?xml version="1.0"?>
<opencv_storage>
<vocabulary type_id="opencv-matrix">
  <rows>81</rows>
  <cols>1</cols>
  <dt>f</dt>
  <data>
    -1.90572008e-01 -9.36897159e-01 2.02800560e+00 -1.11602354e+00
    6.64176419e-02 1.03780098e-01 6.02486491e-01 -1.20411992e+00
    8.42242658e-01 1.81995654e+00 -1.62757480e+00 3.03820968e-01
    -2.26387262e+00 1.87584758e+00 2.22402453e+00 -4.16368484e+00
    3.56981087e+00 -2.06453156e+00 -2.67050028e+00 3.93055677e+00
    -2.84021258e+00 3.76001811e+00 -3.20502448e+00 -1.59935570e+00
    4.01873302e+00 -4.07231188e+00 2.61388707e+00 1.24694502e+00
    -1.37426615e+00 -2.09357768e-01 3.55380952e-01 9.31649089e-01
    8.19323957e-01 -2.11064816e+00 2.89040446e+00 -2.29284167e+00
    1.60963405e-02 -1.57656860e+00 3.47968388e+00 -4.76501846e+00
    4.82592583e+00 -1.62279367e+00 2.41550073e-01 -1.26961660e+00
    1.48286092e+00 -5.16576730e-02 1.86032248e+00 -4.05503273e+00
    6.77870607e+00 -6.13425875e+00 1.42797530e+00 1.66383529e+00
    -4.23234731e-01 -5.93563676e-01 -3.76890838e-01 -3.92746031e-01
    1.53261411e+00 -3.35665274e+00 2.46034265e+00 2.62041569e+00
    -5.19451094e+00 2.85960174e+00 -5.09728312e-01 1.90088138e-01
    1.16833076e-01 -2.92376846e-01 5.92448056e-01 9.26301062e-01
    -5.86387539e+00 7.34963083e+00 -4.54216290e+00 1.44479775e+00
    8.64779651e-02 -4.02001679e-01 7.92605281e-01 -1.39003503e+00
    6.06175184e-01 2.33455133e+00 -3.43312335e+00 2.32411218e+00
    -8.30685973e-01</data></vocabulary>
</opencv_storage>
