<?xml version="1.0"?>
<opencv_storage>
<vocabulary type_id="opencv-matrix">
  <rows>81</rows>
  <cols>1</cols>
  <dt>f</dt>
  <data>
    -8.51715207e-01 -5.25456190e-01 -3.05444908e+00 7.41661549e+00
    -3.65264177e+00 1.30635166e+00 -5.22531128e+00 7.13549519e+00
    -4.41498327e+00 2.51386523e+00 3.82641339e+00 3.78492022e+00
    -1.49109516e+01 1.60033596e+00 3.90473533e+00 1.04670048e+01
    -1.53647976e+01 9.40935516e+00 -3.26624453e-01 -1.65522442e+01
    9.37932968e+00 6.22507715e+00 1.59240522e+01 -2.32077732e+01
    -2.82932949e+00 1.10210323e+01 -7.32141781e+00 -2.17031527e+00
    2.05109062e+01 -1.62293091e+01 2.16246033e+00 -2.91395893e+01
    3.22593231e+01 1.49176025e+00 -6.10370302e+00 3.06068683e+00
    -4.05627102e-01 -8.21498013e+00 3.03817081e+00 1.35196581e+01
    1.55379620e+01 -1.11114311e+01 -1.97770100e+01 8.86456585e+00
    -8.16995025e-01 4.18009853e+00 -1.63106072e+00 6.97441339e+00
    -2.26636848e+01 -5.82717609e+00 5.22611189e+00 1.80380363e+01
    -2.65479875e+00 -3.53072691e+00 -5.63417053e+00 3.74266815e+00
    -7.15555763e+00 1.82353210e+01 5.96886635e+00 -1.50880060e+01
    4.36030674e+00 -1.36708508e+01 1.03002453e+01 2.93855047e+00
    -9.86603677e-01 5.31528711e+00 -1.52507401e+01 3.57051611e+00
    3.27512407e+00 -1.53631616e+00 1.01123457e+01 -6.66487122e+00
    -5.37169755e-01 2.37530306e-01 -2.41046906e+00 5.14788675e+00
    -2.04424930e+00 1.47502887e+00 -3.93895268e+00 2.30213046e+00
    -1.40710497e+00</data></vocabulary>
</opencv_storage>
