<?xml version="1.0"?>
<opencv_storage>
<vocabulary type_id="opencv-matrix">
  <rows>81</rows>
  <cols>1</cols>
  <dt>f</dt>
  <data>
    -5.70904589e+00 1.43137798e+01 -1.38707647e+01 7.63581419e+00
    -4.18353415e+00 2.14864945e+00 -1.50434232e+00 1.54480958e+00
    -3.25713158e-01 8.67330456e+00 -1.80102043e+01 1.72541943e+01
    -6.26207685e+00 -6.67125285e-01 -1.85439184e-01 3.76722503e+00
    -5.51514816e+00 1.63554692e+00 -6.91928434e+00 1.15769930e+01
    -9.45846653e+00 -3.62992811e+00 1.47918024e+01 -8.81656742e+00
    -6.05287015e-01 4.14935827e+00 -9.46604490e-01 1.83978522e+00
    -1.34931078e+01 1.78122082e+01 -1.12075205e+01 -3.57221818e+00
    4.18075752e+00 6.23277521e+00 -1.05060806e+01 3.92518425e+00
    1.17752790e+01 -5.56482649e+00 -4.06514168e+00 1.01656246e+01
    3.48908257e+00 -7.47694921e+00 -4.15847731e+00 8.48894787e+00
    -2.29191327e+00 -2.04517956e+01 2.89371567e+01 -2.48582478e+01
    2.17644444e+01 -3.11736431e+01 2.72683773e+01 -7.31351328e+00
    -7.35133696e+00 5.21865129e+00 1.45737123e+01 -2.16236191e+01
    1.10287247e+01 -8.57708514e-01 9.47082233e+00 -1.03170671e+01
    -6.09043121e+00 2.26591797e+01 -1.55656071e+01 -8.05131614e-01
    -9.27274227e+00 2.71661797e+01 -4.10071602e+01 3.31042175e+01
    -2.46621571e+01 2.71631374e+01 -2.91102600e+01 1.64767990e+01
    -2.29384494e+00 1.13118649e+01 -2.28861179e+01 3.08865547e+01
    -2.74701176e+01 2.25033035e+01 -1.96655998e+01 1.48512459e+01
    -7.06892204e+00</data></vocabulary>
</opencv_storage>
