<?xml version="1.0"?>
<opencv_storage>
<vocabulary type_id="opencv-matrix">
  <rows>81</rows>
  <cols>1</cols>
  <dt>f</dt>
  <data>
    6.47043288e-01 -1.81273043e+00 3.12794590e+00 -4.25920248e+00
    4.99443388e+00 -5.45940876e+00 3.84186935e+00 -1.31245732e+00
    2.69702733e-01 -1.55090094e+00 4.36754990e+00 -7.52091169e+00
    1.02892437e+01 -1.22541962e+01 1.35551119e+01 -9.44759846e+00
    3.04042578e+00 -5.48425853e-01 -8.63762051e-02 -5.04944801e-01
    2.23079371e+00 -4.17258930e+00 6.77348328e+00 -1.02886324e+01
    7.14439678e+00 -9.33381259e-01 -5.84580183e-01 3.21732736e+00
    -7.07971573e+00 7.98698139e+00 -7.60041142e+00 4.31357765e+00
    1.80823648e+00 -1.15604806e+00 -2.90390134e+00 2.32402682e+00
    -4.97322273e+00 1.12741766e+01 -1.28335857e+01 1.18848305e+01
    -5.55384684e+00 -1.17306590e+00 9.84063268e-01 3.21846461e+00
    -2.62450624e+00 5.28899384e+00 -1.19538851e+01 1.23542948e+01
    -9.51908684e+00 3.06856108e+00 5.15478516e+00 -4.35506678e+00
    -1.24470997e+00 1.93544221e+00 -4.43041277e+00 1.00120163e+01
    -1.00076942e+01 7.02406979e+00 -1.50866950e+00 -5.17219400e+00
    4.59410715e+00 6.63748756e-02 -1.15562260e+00 3.11408424e+00
    -7.04768038e+00 7.36923218e+00 -5.63281059e+00 1.87115645e+00
    2.59651279e+00 -2.72757554e+00 1.74100712e-01 5.72413087e-01
    -1.31095111e+00 2.97754073e+00 -3.24212122e+00 2.66796637e+00
    -1.04174423e+00 -9.70286131e-01 1.18445718e+00 -2.19633639e-01
    -1.45386592e-01</data></vocabulary>
</opencv_storage>
