<?xml version="1.0"?>
<opencv_storage>
<vocabulary type_id="opencv-matrix">
  <rows>81</rows>
  <cols>1</cols>
  <dt>f</dt>
  <data>
    -9.43417475e-02 8.80875587e-01 -2.75382787e-01 1.90062273e+00
    -2.39279437e+00 3.02425003e+00 -2.32658982e+00 -1.34938896e+00
    1.40174425e+00 -9.08215120e-02 -1.21017873e+00 2.99579173e-01
    -3.85496306e+00 2.75869751e+00 -3.06530190e+00 2.44815660e+00
    2.56247377e+00 -1.48720193e+00 8.22936773e-01 -2.54275262e-01
    1.65715897e+00 5.13350010e-01 1.60888314e-01 -1.12819421e+00
    -1.72014965e-03 -1.84202361e+00 1.96126401e-01 -8.46099734e-01
    -7.03311339e-02 -1.56897783e+00 1.96155882e+00 8.35330486e-01
    2.12521434e+00 1.65539861e-01 -1.29069105e-01 1.69921890e-01
    5.04981875e-01 5.97711861e-01 -5.52910089e-01 -4.37846571e-01
    -1.05777633e+00 -1.48340452e+00 -1.01418793e+00 1.31043720e+00
    2.95602083e-01 -1.19440950e-01 -2.06576675e-01 1.08871782e+00
    -5.03021657e-01 1.05591226e+00 1.60352075e+00 1.04125679e+00
    -1.06394684e+00 -2.10866117e+00 -4.79875505e-02 -2.83967823e-01
    -7.00382173e-01 8.24987292e-01 -9.57636952e-01 -5.82006216e-01
    -1.10446894e+00 1.00195920e+00 2.19997430e+00 3.32076848e-01
    -1.70777932e-01 3.52185309e-01 -7.50300521e-03 7.24324808e-02
    2.16679394e-01 2.68341929e-01 -5.39704740e-01 -6.59446359e-01
    -3.36974263e-01 5.17010570e-01 -4.27588135e-01 -8.24793577e-02
    1.39272615e-01 -6.04967326e-02 1.00472666e-01 7.58247972e-02
    1.31020090e-02</data></vocabulary>
</opencv_storage>
