<?xml version="1.0"?>
<opencv_storage>
<vocabulary type_id="opencv-matrix">
  <rows>81</rows>
  <cols>1</cols>
  <dt>f</dt>
  <data>
    2.90090203e-01 -4.53369915e-01 -3.85794699e-01 3.03655958e+00
    -3.69133496e+00 2.03630638e+00 5.63859999e-01 -7.94955432e-01
    -3.01964700e-01 -1.48245227e+00 2.47938442e+00 -1.48443079e+00
    -1.82194781e+00 -3.26860023e+00 7.36113644e+00 -3.55376911e+00
    -1.05846837e-01 1.43950999e+00 -2.58200049e-01 1.84859455e+00
    -2.52663851e+00 -1.76923066e-01 6.18616104e+00 -7.23763800e+00
    1.88818467e+00 2.62164211e+00 -2.19357920e+00 -2.05201045e-01
    1.85971189e+00 -3.60925227e-01 1.00107625e-01 1.48216033e+00
    -1.86131966e+00 -3.50315166e+00 2.21180749e+00 3.77459428e-03
    -4.16740745e-01 -8.49078417e-01 -8.30249250e-01 2.88601190e-01
    6.32999018e-02 2.04233718e+00 2.47955632e+00 -1.62325025e+00
    -9.42388922e-02 1.28940594e+00 -1.31105709e+00 1.02637506e+00
    4.81838751e+00 -4.55864191e+00 -8.26928675e-01 9.42254245e-01
    -2.54249620e+00 1.75041389e+00 -1.15946591e+00 -6.32623494e-01
    -1.33039105e+00 4.88982677e+00 -1.08425283e+00 -1.68106139e+00
    1.32928371e-01 1.78846347e+00 -1.30858362e+00 3.21323252e+00
    -4.96149158e+00 6.77744293e+00 -9.94609928e+00 5.66625834e+00
    -5.51500201e-01 -9.69958544e-01 5.69191992e-01 6.94148391e-02
    -1.25077450e+00 1.23155665e+00 2.64955926e+00 -8.85713959e+00
    3.41730642e+00 5.61902618e+00 -5.65777636e+00 4.56634426e+00
    -1.58965826e+00</data></vocabulary>
</opencv_storage>
