<?xml version="1.0"?>
<opencv_storage>
<vocabulary type_id="opencv-matrix">
  <rows>81</rows>
  <cols>1</cols>
  <dt>f</dt>
  <data>
    -3.76868784e-01 8.30465734e-01 -1.07510638e+00 1.06793225e+00
    -8.51372600e-01 6.49248004e-01 -3.33865166e-01 4.83959094e-02
    3.71278152e-02 6.96978807e-01 -1.38720310e+00 1.54680574e+00
    -9.61896300e-01 1.94468662e-01 2.47922942e-01 -4.54619139e-01
    5.24706304e-01 -4.06989723e-01 -5.75300813e-01 9.37413037e-01
    -6.51440978e-01 -8.02773237e-01 2.06694484e+00 -2.86497426e+00
    2.56585097e+00 -1.96985781e+00 1.12666762e+00 -3.24536376e-02
    7.24521756e-01 -1.80746675e+00 3.68791437e+00 -4.69389009e+00
    4.80376959e+00 -3.74550319e+00 2.61484122e+00 -1.30708110e+00
    6.09873414e-01 -2.32183981e+00 3.63436007e+00 -5.20066833e+00
    7.21420097e+00 -5.47759485e+00 3.68605590e+00 -2.24580622e+00
    9.61969018e-01 -3.43434483e-01 1.50682580e+00 -2.15228772e+00
    2.77107120e+00 -3.06182313e+00 2.65404439e+00 -1.57590103e+00
    8.54215860e-01 -3.44778985e-01 -3.54589373e-01 5.19097328e-01
    -9.01465118e-01 1.31183600e+00 -1.61927605e+00 1.65931296e+00
    -1.37300730e+00 7.10868001e-01 -2.63975739e-01 4.59908575e-01
    -9.69968259e-01 1.46889138e+00 -2.03750229e+00 2.13845778e+00
    -2.08710599e+00 1.58410060e+00 -8.46143365e-01 3.44438404e-01
    -1.02680996e-01 2.24347532e-01 -3.50595355e-01 5.50247073e-01
    -5.93694568e-01 6.26252532e-01 -4.68656898e-01 2.33601123e-01
    -1.03753805e-01</data></vocabulary>
</opencv_storage>
