<?xml version="1.0"?>
<opencv_storage>
<vocabulary type_id="opencv-matrix">
  <rows>81</rows>
  <cols>1</cols>
  <dt>f</dt>
  <data>
    4.33495380e-02 -1.86783403e-01 4.61543798e-01 -6.70050800e-01
    8.56129766e-01 -3.78016412e-01 1.42755918e-02 -1.28249481e-01
    4.99285907e-02 -1.85217232e-01 3.48332435e-01 -6.93246901e-01
    7.01411366e-01 -4.82373029e-01 -6.94627836e-02 2.74885148e-01
    1.68392316e-01 -1.23906933e-01 2.56352007e-01 -1.25164077e-01
    4.61233035e-03 7.93287218e-01 -2.30834103e+00 2.40653276e+00
    -1.40549934e+00 -5.73906489e-02 2.44108528e-01 -2.28848234e-01
    8.81920755e-02 8.47984254e-02 -9.82373118e-01 2.63010454e+00
    -2.40225315e+00 8.56879115e-01 7.26131856e-01 -5.01986265e-01
    2.28393018e-01 -3.59246731e-01 4.36072677e-01 -1.93964858e-02
    -2.63860703e-01 1.45831048e+00 3.16369444e-01 -1.71640658e+00
    8.34029257e-01 -1.69332668e-01 5.51300764e-01 -9.79476929e-01
    2.64060616e-01 1.64668965e+00 -1.59884751e+00 -4.66232926e-01
    1.75663257e+00 -8.60569537e-01 8.84127617e-02 -6.12289369e-01
    1.28538990e+00 -4.51746166e-01 -1.31128263e+00 1.18670309e+00
    3.08336675e-01 -1.28740633e+00 6.64979517e-01 -6.91756308e-02
    4.88896221e-01 -1.17405915e+00 7.82519996e-01 3.29525292e-01
    -5.51822722e-01 -1.62548348e-01 6.71851218e-01 -3.61624986e-01
    6.45937845e-02 -2.07368597e-01 3.58783394e-01 -2.46868342e-01
    2.58229952e-02 2.12609824e-02 1.03992499e-01 -1.87380925e-01
    1.04278557e-01</data></vocabulary>
</opencv_storage>
