<?xml version="1.0"?>
<opencv_storage>
<vocabulary type_id="opencv-matrix">
  <rows>81</rows>
  <cols>1</cols>
  <dt>f</dt>
  <data>
    5.12864441e-02 -1.95186123e-01 4.23925340e-01 -4.82244641e-01
    5.08783937e-01 -4.56525624e-01 3.99779856e-01 -3.98125142e-01
    2.46646568e-01 -1.29401043e-01 3.65029573e-01 -7.60314226e-01
    7.59376824e-01 -6.20193541e-01 5.90137601e-01 -6.12015486e-01
    7.44092762e-01 -4.82529819e-01 1.14811189e-01 -4.13668901e-01
    5.73967874e-01 -2.36287132e-01 -3.91071081e-01 3.05587083e-01
    -4.42097127e-01 -1.95852026e-01 3.27186525e-01 -6.06552549e-02
    4.02508557e-01 -2.79548496e-01 -3.83446962e-01 1.07173634e+00
    -7.05953360e-01 1.22572601e+00 -4.04699713e-01 -1.22914679e-01
    1.73335135e-01 -2.18491837e-01 -5.62652826e-01 9.31856155e-01
    3.48282993e-01 4.10310954e-01 -8.83361340e-01 1.21959090e-01
    2.59831280e-01 -2.85323560e-01 -7.81439990e-03 1.26797843e+00
    -1.80653298e+00 1.44047189e+00 -7.51560092e-01 7.23729014e-01
    -9.43678245e-02 -2.71591574e-01 2.10324660e-01 4.13095087e-01
    -1.98383570e+00 2.75245643e+00 -2.51832533e+00 1.72180414e+00
    -1.28738248e+00 4.98663604e-01 2.20028274e-02 -2.45510507e-02
    -6.02912128e-01 1.68245268e+00 -2.29653168e+00 2.35237336e+00
    -2.05225968e+00 1.60799444e+00 -8.07699323e-01 1.91741943e-01
    -7.47089926e-03 2.85487622e-01 -7.10427046e-01 1.00830662e+00
    -1.15921915e+00 1.06588638e+00 -8.04711282e-01 4.23821002e-01
    -1.15142748e-01</data></vocabulary>
</opencv_storage>
