<?xml version="1.0"?>
<opencv_storage>
<vocabulary type_id="opencv-matrix">
  <rows>81</rows>
  <cols>1</cols>
  <dt>f</dt>
  <data>
    2.88144767e-01 8.35643589e-01 -3.37975025e+00 5.24173832e+00
    -6.12167263e+00 4.35214043e+00 -1.98390257e+00 8.62059116e-01
    -2.43904367e-01 -7.41933882e-01 -6.10164464e-01 3.23206377e+00
    -3.55155420e+00 4.49033070e+00 -3.98297477e+00 1.20739412e+00
    7.78358817e-01 -4.85442638e-01 8.75803530e-01 9.20387745e-01
    -4.22111368e+00 2.76908660e+00 -2.86219859e+00 2.47922254e+00
    1.82250607e+00 -4.16771936e+00 1.87381279e+00 -9.66252327e-01
    9.64815170e-02 1.71234012e+00 1.59990537e+00 -1.91920888e+00
    -1.19179495e-01 -2.90000510e+00 5.38967943e+00 -2.56955218e+00
    4.70422238e-01 1.73750311e-01 -7.44410872e-01 -2.90535092e+00
    4.51845646e+00 1.72449872e-01 1.54234672e+00 -4.62215710e+00
    2.39538503e+00 -1.59504384e-01 -7.06183434e-01 1.25932288e+00
    1.68701816e+00 -3.00041604e+00 2.36319229e-01 -2.89901868e-02
    2.50245595e+00 -1.57277191e+00 -1.01826988e-01 1.61508572e+00
    -2.73716307e+00 1.74985096e-01 2.26620603e+00 -4.68316883e-01
    -1.52739406e+00 -4.22905177e-01 1.00605047e+00 2.62947232e-01
    -1.83604658e+00 3.18552923e+00 -1.59920633e+00 -4.42128748e-01
    -2.46814579e-01 1.35871100e+00 -2.64216691e-01 -4.52474862e-01
    -1.65438697e-01 7.16480613e-01 -1.28512144e+00 1.00904059e+00
    -3.92618477e-01 3.93192142e-01 -5.48249424e-01 2.61739582e-01
    2.10232921e-02</data></vocabulary>
</opencv_storage>
