<?xml version="1.0"?>
<opencv_storage>
<vocabulary type_id="opencv-matrix">
  <rows>81</rows>
  <cols>1</cols>
  <dt>f</dt>
  <data>
    8.52394775e-02 -5.82171455e-02 -2.04098195e-01 3.48873943e-01
    -1.43857062e+00 3.12602663e+00 -3.28795910e+00 2.59520578e+00
    -1.23759377e+00 -3.28083247e-01 3.68222356e-01 4.16263416e-02
    2.58628409e-02 2.48485970e+00 -6.74816179e+00 7.51950073e+00
    -6.14903975e+00 2.98783612e+00 8.31472754e-01 -1.39613616e+00
    1.69040692e+00 -2.79152513e+00 -7.65894353e-01 6.74350882e+00
    -8.45660114e+00 7.47733307e+00 -3.85977125e+00 -1.25208330e+00
    2.38514447e+00 -3.79316020e+00 6.40607166e+00 -2.46994257e+00
    -4.76179981e+00 7.74701977e+00 -7.87172365e+00 4.34146929e+00
    7.46582210e-01 -1.33149409e+00 3.08429456e+00 -6.67505407e+00
    5.07005167e+00 2.55054331e+00 -5.84086847e+00 6.61751986e+00
    -3.80095291e+00 2.36900732e-01 -7.59161532e-01 -1.54116082e+00
    6.15049887e+00 -5.05845070e+00 4.53507096e-01 2.61270475e+00
    -4.16505289e+00 2.61963606e+00 -3.79315138e-01 7.46115625e-01
    1.63422918e+00 -5.86403751e+00 5.63271904e+00 -2.68745923e+00
    6.38300106e-02 1.91362309e+00 -1.51970685e+00 2.52804272e-02
    3.81323487e-01 -2.44483519e+00 5.36887598e+00 -5.71521664e+00
    4.27854633e+00 -2.33257365e+00 3.10579926e-01 3.70333910e-01
    1.99214339e-01 -7.21091270e-01 1.79985845e+00 -3.08882999e+00
    3.35054493e+00 -2.92372966e+00 1.94853258e+00 -7.42646933e-01
    9.04063284e-02</data></vocabulary>
</opencv_storage>
