<?xml version="1.0"?>
<opencv_storage>
<vocabulary type_id="opencv-matrix">
  <rows>81</rows>
  <cols>1</cols>
  <dt>f</dt>
  <data>
    1.15707591e-01 -2.19960451e-01 -1.81764019e+00 4.19846582e+00
    -2.80011559e+00 4.68619466e-01 6.23309433e-01 -8.32228124e-01
    4.03369427e-01 -1.45234990e+00 3.69675446e+00 -1.61592257e+00
    -2.84342289e+00 1.21356881e+00 2.69472313e+00 -2.43861675e+00
    8.23966324e-01 3.37530971e-02 2.16631365e+00 -4.96980429e+00
    3.28021479e+00 2.81716037e+00 -2.79067254e+00 -1.11360323e+00
    -1.41388202e+00 2.61861110e+00 -1.35184586e+00 -1.27721393e+00
    1.65338504e+00 2.31497720e-01 -5.52895737e+00 4.79808521e+00
    -1.67353436e-01 2.99749327e+00 -2.93436074e+00 1.22300243e+00
    -2.64601022e-01 2.49772382e+00 -3.52225709e+00 5.16306019e+00
    -1.17620707e+00 -3.69725418e+00 1.53954279e+00 -1.11278665e+00
    6.32108450e-01 2.64048666e-01 -2.17712617e+00 1.93730235e+00
    -2.52593756e+00 1.99892223e+00 1.64785123e+00 -8.28783751e-01
    2.29869580e+00 -1.92038763e+00 1.00264215e+00 -1.46125400e+00
    4.02321577e+00 -4.48621082e+00 2.02998972e+00 -6.99361026e-01
    -7.20902979e-01 -2.32610774e+00 2.46187353e+00 -6.06011748e-01
    7.99397111e-01 -2.81361127e+00 3.05985284e+00 -6.57268882e-01
    -1.84849703e+00 2.66576195e+00 1.07169163e+00 -1.85471678e+00
    -1.27220020e-01 7.07929492e-01 -7.39502251e-01 1.43980968e+00
    -2.60699511e+00 3.54400325e+00 -2.95650697e+00 3.99799764e-01
    4.51885819e-01</data></vocabulary>
</opencv_storage>
