<?xml version="1.0"?>
<opencv_storage>
<vocabulary type_id="opencv-matrix">
  <rows>81</rows>
  <cols>1</cols>
  <dt>f</dt>
  <data>
    1.96253717e+00 -8.79646206e+00 5.93778610e+00 -9.82159257e-01
    -1.38229692e+00 4.66798830e+00 -1.57155924e+01 2.37147446e+01
    -9.86287594e+00 -2.43280506e+00 1.28628569e+01 -7.68226242e+00
    5.51357126e+00 -8.87861443e+00 9.41689777e+00 4.66873837e+00
    -9.26391029e+00 -3.09593391e+00 -8.86595058e+00 6.37626696e+00
    -8.09364855e-01 1.23146391e+00 -2.14595005e-01 -1.22140560e+01
    8.52403522e-01 -1.36630642e+00 1.34553709e+01 1.01967421e+01
    -2.20174479e+00 -1.00869331e+01 -4.44840336e+00 1.42806578e+01
    1.15977657e+00 8.28899765e+00 1.69541860e+00 -1.74614811e+01
    -2.63885236e+00 -3.71985412e+00 1.09880743e+01 -3.44889116e+00
    -1.37754364e+01 2.50817537e+00 -5.78233004e+00 6.45743465e+00
    1.17418652e+01 2.83424807e+00 -5.89223528e+00 8.61577570e-01
    6.46554613e+00 9.98718739e+00 7.89589787e+00 -1.22796106e+01
    -2.52540874e+00 -1.14642439e+01 -6.14797831e+00 -1.61431551e+00
    5.70366955e+00 -1.03319588e+01 -9.43935454e-01 -1.13774300e+01
    2.05827446e+01 -1.26927795e+01 1.48264904e+01 1.55641422e+01
    -1.27311158e+00 -6.75772762e+00 1.12930832e+01 2.56037664e+00
    -1.18886960e+00 -2.06518221e+00 3.77317691e+00 -1.37633924e+01
    -1.10699015e+01 3.52180839e+00 4.45331621e+00 -1.93633986e+00
    -9.45201302e+00 8.73480797e+00 -1.25702362e+01 1.15170937e+01
    3.06995773e+00</data></vocabulary>
</opencv_storage>
