<?xml version="1.0"?>
<opencv_storage>
<vocabulary type_id="opencv-matrix">
  <rows>81</rows>
  <cols>1</cols>
  <dt>f</dt>
  <data>
    -2.53259888e+01 9.89587555e+01 -9.44892502e+01 2.89099236e+01
    -1.11923542e+01 1.96479530e+01 -6.79056120e+00 -2.04220085e+01
    2.23730202e+01 3.06682854e+01 -1.63433258e+02 1.40537247e+02
    2.19143772e+01 -5.01421814e+01 -6.25920963e+00 5.64053488e+00
    3.47702370e+01 -3.60842781e+01 1.88998375e+01 -4.13585472e+00
    2.80521793e+01 -7.07364273e+01 5.43527184e+01 2.38516197e+01
    -2.27470894e+01 -4.28751450e+01 3.00464439e+01 -4.32036743e+01
    1.36901596e+02 -1.14056114e+02 -4.71227608e+01 9.20402298e+01
    -1.07146904e+02 6.48797913e+01 2.49492817e+01 -2.89300561e+00
    4.19548368e+00 -7.17850800e+01 3.61435204e+01 1.14213242e+02
    -1.11097641e+02 1.80733612e+02 -9.93830795e+01 -1.42681093e+01
    -1.99644337e+01 -2.27821198e+01 9.58659821e+01 -1.01829491e+02
    8.81321487e+01 -1.58776642e+02 7.58067274e+00 -9.18475952e+01
    1.26637192e+02 1.59633327e+00 6.51293230e+00 -4.55550575e+01
    2.44653683e+01 -1.87793941e+01 6.39218597e+01 6.76363678e+01
    6.46935425e+01 -1.47280167e+02 4.66766548e+01 -4.39965725e+00
    4.55881996e+01 -7.44189119e+00 -1.93743267e+01 1.22121477e+01
    -1.31338837e+02 1.47766562e+01 9.39056625e+01 -6.52033768e+01
    2.82969055e+01 -8.42319641e+01 8.02999496e+01 -7.73387451e+01
    6.62254028e+01 1.27609358e+01 4.37126207e+00 -2.27424335e+01
    2.07609119e+01</data></vocabulary>
</opencv_storage>
