<?xml version="1.0"?>
<opencv_storage>
<vocabulary type_id="opencv-matrix">
  <rows>81</rows>
  <cols>1</cols>
  <dt>f</dt>
  <data>
    1.53429735e+00 -4.70629406e+00 7.23731756e+00 -7.87741280e+00
    7.58616209e+00 -6.65928411e+00 4.42349815e+00 -1.03712581e-01
    -1.67372251e+00 -3.16949606e+00 1.22029533e+01 -1.85310211e+01
    1.95733051e+01 -1.96978130e+01 2.03741207e+01 -1.87011013e+01
    9.75522518e+00 -9.34579253e-01 4.04285479e+00 -1.63444042e+01
    2.19305382e+01 -1.79756203e+01 1.57379322e+01 -1.71894169e+01
    1.99459114e+01 -1.45994492e+01 2.97770190e+00 -1.70192611e+00
    1.42913265e+01 -1.60056667e+01 5.22113419e+00 -2.29763675e+00
    7.37399483e+00 -1.64638958e+01 1.85427475e+01 -6.27634525e+00
    -5.38499308e+00 -1.45479345e+00 -2.33470345e+00 1.61258163e+01
    -1.23915482e+01 -1.95412743e+00 1.84722767e+01 -2.64537563e+01
    1.10638676e+01 5.71501875e+00 -1.39900059e-01 2.28668499e+00
    -8.00921822e+00 -1.61774039e+00 2.10989933e+01 -3.33884239e+01
    3.10501995e+01 -1.06909523e+01 -2.23354745e+00 -4.48966455e+00
    5.33878231e+00 -9.90027809e+00 2.38610287e+01 -4.07481956e+01
    4.55196877e+01 -3.22095413e+01 9.79785442e+00 1.46370792e+00
    1.74888885e+00 -4.32522583e+00 1.29479647e+01 -2.41379547e+01
    3.38966141e+01 -3.29015694e+01 1.93272495e+01 -4.50304890e+00
    -2.55769622e-02 -1.16332853e+00 3.96357584e+00 -9.09852219e+00
    1.20752945e+01 -1.35403252e+01 1.12551441e+01 -4.62826920e+00
    -1.67581305e-01</data></vocabulary>
</opencv_storage>
