<?xml version="1.0"?>
<opencv_storage>
<vocabulary type_id="opencv-matrix">
  <rows>81</rows>
  <cols>1</cols>
  <dt>f</dt>
  <data>
    -1.90057313e+00 5.20242453e+00 -2.26734161e+00 -2.42331696e+00
    4.78189135e+00 3.37451845e-02 -4.05301332e+00 5.13450384e-01
    1.34142196e+00 2.18181586e+00 -4.30495024e+00 -3.29842997e+00
    3.98779535e+00 3.24536252e+00 -4.52882195e+00 -3.43512952e-01
    1.61496460e+00 -1.10847175e+00 -3.07984614e+00 2.76475573e+00
    -9.19761121e-01 4.09696102e+00 2.44277477e+00 4.14214253e-01
    -3.80651426e+00 -3.40508103e+00 2.67714202e-01 1.31739306e+00
    -4.83719498e-01 2.66629052e+00 -5.09488153e+00 1.31563938e+00
    4.81449890e+00 -3.83545232e+00 2.66239500e+00 -8.89661014e-02
    -5.02494693e-01 1.19398403e+00 -5.11340714e+00 -2.88463163e+00
    -6.17752112e-02 1.10161459e+00 1.89847171e+00 4.04678583e+00
    7.70081186e+00 1.02267277e+00 8.50008845e-01 -4.54807043e-01
    6.81199408e+00 -2.86859179e+00 2.56377959e+00 -5.09628153e+00
    -8.52956104e+00 -5.00650024e+00 6.11575079e+00 -4.06777096e+00
    -3.77831292e+00 -5.01896286e+00 7.74681330e-01 9.27461338e+00
    -2.78778243e+00 3.91893911e+00 4.96037960e+00 -3.93027329e+00
    -1.60777724e+00 3.99932456e+00 1.62639225e+00 -6.11940980e-01
    -2.74841356e+00 -3.79100084e+00 5.82924113e-03 -8.99177611e-01
    1.24304163e+00 -6.54485285e-01 1.45300186e+00 1.65112913e+00
    -4.56505299e+00 2.53390670e+00 2.16065836e+00 -7.41674721e-01
    -8.95289302e-01</data></vocabulary>
</opencv_storage>
