<?xml version="1.0"?>
<opencv_storage>
<vocabulary type_id="opencv-matrix">
  <rows>81</rows>
  <cols>1</cols>
  <dt>f</dt>
  <data>
    5.24764061e-02 -1.39555082e-01 1.64445415e-01 -7.48202130e-02
    -1.25489905e-01 2.48040911e-02 2.13784724e-01 -1.72285944e-01
    2.26255395e-02 -8.27777535e-02 1.42233297e-01 -1.47884920e-01
    2.16899246e-01 -4.27811686e-03 -2.95209978e-02 -1.09465517e-01
    3.47472355e-02 5.29928543e-02 1.48418561e-01 1.39766052e-01
    -7.19593227e-01 1.50986478e-01 -7.24938512e-02 1.55380368e-01
    1.83804650e-02 6.12118728e-02 -9.58536789e-02 -2.88322538e-01
    -1.35381790e-02 6.69614434e-01 1.94161952e-01 -2.40401000e-01
    -4.12816107e-01 2.14068413e-01 -1.91028982e-01 1.94408864e-01
    3.44156981e-01 4.76828329e-02 -1.03082585e+00 2.77484179e-01
    1.55785477e+00 4.11719710e-01 -6.74144983e-01 4.81908113e-01
    -3.20287138e-01 -1.49845347e-01 -1.96406513e-01 8.29512715e-01
    -6.17391229e-01 2.54690230e-01 -7.38783419e-01 1.23008764e+00
    -9.22692358e-01 3.94657046e-01 -7.43621122e-03 2.46977940e-01
    -4.85962570e-01 6.43263340e-01 -9.77890790e-01 1.63802326e+00
    -2.20949173e+00 1.55818033e+00 -4.92711723e-01 1.19157042e-02
    -9.27631184e-02 1.19120352e-01 -3.24109316e-01 6.19594634e-01
    -1.27091193e+00 1.72097671e+00 -1.25249362e+00 3.73355210e-01
    -1.40089821e-02 -3.18736620e-02 1.37519136e-01 -1.05114415e-01
    -3.14156921e-03 3.09878320e-01 -5.09806395e-01 3.86496693e-01
    -1.17356911e-01</data></vocabulary>
</opencv_storage>
