<?xml version="1.0"?>
<opencv_storage>
<vocabulary type_id="opencv-matrix">
  <rows>81</rows>
  <cols>1</cols>
  <dt>f</dt>
  <data>
    -2.63921797e-01 1.26810789e+00 -2.56782532e+00 3.00296950e+00
    -3.10802293e+00 2.65576625e+00 -1.80645847e+00 1.04864204e+00
    -3.27872276e-01 8.72569799e-01 -3.00978494e+00 5.48110867e+00
    -5.59410858e+00 4.87065363e+00 -4.21144009e+00 3.49230599e+00
    -2.40269113e+00 8.18667650e-01 -1.32064927e+00 3.81345820e+00
    -6.25841713e+00 4.72242165e+00 -2.09539318e+00 1.72146690e+00
    -2.77161217e+00 2.61996698e+00 -1.00241470e+00 1.80560875e+00
    -3.58982801e+00 4.12338066e+00 -4.14080232e-01 -3.54569006e+00
    1.85724473e+00 2.38428688e+00 -3.28695393e+00 1.35684860e+00
    -2.39910078e+00 3.85539556e+00 -3.39476967e+00 -1.33401430e+00
    7.35460806e+00 -2.28095460e+00 -5.24466705e+00 6.11498165e+00
    -2.37233710e+00 2.35552192e+00 -4.37549210e+00 4.99851799e+00
    -3.29358125e+00 1.67036533e+00 -6.62436962e+00 1.41232710e+01
    -1.23296242e+01 4.35303736e+00 -2.11337137e+00 5.12537050e+00
    -7.56903362e+00 9.38542366e+00 -1.16299791e+01 1.69932098e+01
    -2.27113228e+01 1.76669807e+01 -5.97619057e+00 1.33086360e+00
    -3.62016892e+00 5.77980804e+00 -7.78489923e+00 9.90556049e+00
    -1.36824818e+01 1.71494122e+01 -1.30227814e+01 4.33377028e+00
    -2.86772400e-01 8.33427250e-01 -1.34521890e+00 1.87791538e+00
    -2.53415513e+00 3.79100204e+00 -4.95011663e+00 3.79422784e+00
    -1.25474036e+00</data></vocabulary>
</opencv_storage>
