<?xml version="1.0"?>
<opencv_storage>
<vocabulary type_id="opencv-matrix">
  <rows>81</rows>
  <cols>1</cols>
  <dt>f</dt>
  <data>
    -3.57811630e-01 7.25983500e-01 -3.07585090e-01 -7.59045899e-01
    1.60519624e+00 -2.27646279e+00 1.72890222e+00 -3.64717007e-01
    -5.28717935e-02 1.41095877e+00 -2.97379303e+00 2.59521294e+00
    -1.02586210e+00 -1.51193178e+00 4.30035925e+00 -3.38457108e+00
    4.20677960e-01 3.82232189e-01 -2.70451427e+00 5.86858511e+00
    -6.06320477e+00 4.53159952e+00 -7.74540305e-01 -4.28335476e+00
    3.88377571e+00 -3.23559821e-01 -6.38047516e-01 3.06541348e+00
    -6.82416916e+00 8.08678722e+00 -8.24063396e+00 5.36457109e+00
    -4.07233179e-01 -3.08484524e-01 -1.51782763e+00 1.28418434e+00
    -2.36900425e+00 5.23622942e+00 -7.23361492e+00 9.41270924e+00
    -7.20961237e+00 4.75616980e+00 -3.22537756e+00 3.07870030e+00
    -1.71176136e+00 4.13223028e-01 -4.81735110e-01 1.81086385e+00
    -4.87735653e+00 6.02358627e+00 -4.56879234e+00 3.39769912e+00
    -2.82401347e+00 1.48783755e+00 1.43698788e+00 -3.88812280e+00
    2.89680815e+00 1.01366055e+00 -3.97882700e+00 4.58727312e+00
    -3.84930372e+00 2.96142006e+00 -1.52552366e+00 -1.29474115e+00
    3.32954049e+00 -2.45166612e+00 -6.71774268e-01 3.12952185e+00
    -4.23683405e+00 3.60893369e+00 -2.62940693e+00 1.31343091e+00
    5.05773306e-01 -1.17715657e+00 7.42445230e-01 3.43137085e-01
    -1.13664794e+00 1.57582200e+00 -1.37191451e+00 9.84756589e-01
    -4.87599343e-01</data></vocabulary>
</opencv_storage>
