<?xml version="1.0"?>
<opencv_storage>
<vocabulary type_id="opencv-matrix">
  <rows>81</rows>
  <cols>1</cols>
  <dt>f</dt>
  <data>
    9.66447234e-01 -7.78826475e+00 -1.00031245e+00 1.30231667e+01
    -1.29406700e+01 1.54622889e+01 -1.13011389e+01 1.25018759e+01
    -8.63411045e+00 9.40698385e-02 9.65283394e+00 1.71085491e+01
    -3.88180046e+01 2.84021988e+01 -3.65922966e+01 1.44994650e+01
    7.16266298e+00 -3.10767293e+00 -1.56904054e+00 -2.31051230e+00
    -1.61467056e+01 2.13885689e+01 -7.27236414e+00 2.80872822e+01
    -1.73305428e+00 -2.88254929e+01 1.67483635e+01 -6.58507061e+00
    7.73786020e+00 -1.31598568e+00 -1.02535543e+01 5.39857340e+00
    -2.98665962e+01 9.54297924e+00 2.68291397e+01 -2.37218571e+01
    1.96584206e+01 -2.20961266e+01 1.68944836e+01 1.41672745e+01
    8.26598072e+00 -1.51537399e+01 4.60018253e+00 4.91847610e+00
    1.61580353e+01 -1.35837088e+01 1.26851559e+01 -9.22025108e+00
    -2.36864223e+01 -7.89669275e+00 2.48783817e+01 2.75773430e+00
    -3.53839073e+01 9.37333775e+00 -4.02850866e+00 -1.79335232e+01
    1.93372459e+01 1.15145550e+01 1.69980621e+01 -1.41634855e+01
    -1.11221790e+01 1.80615368e+01 -2.00785904e+01 9.05454063e+00
    2.34040337e+01 -2.22917118e+01 1.09420815e+01 -3.51216660e+01
    2.68512402e+01 -2.58680391e+00 1.25333843e+01 6.10076714e+00
    -2.53412580e+00 -7.51055574e+00 2.35304546e+00 -4.64495993e+00
    1.09783955e+01 -6.62935543e+00 -2.30456638e+00 -4.65855789e+00
    -3.72278261e+00</data></vocabulary>
</opencv_storage>
