<?xml version="1.0"?>
<opencv_storage>
<vocabulary type_id="opencv-matrix">
  <rows>81</rows>
  <cols>1</cols>
  <dt>f</dt>
  <data>
    -1.63605094e-01 4.37274098e-01 -7.02213526e-01 8.25655580e-01
    -5.89758635e-01 2.45077938e-01 -1.72797188e-01 1.41318128e-01
    -7.83006474e-02 4.81824011e-01 -1.25577283e+00 1.66466951e+00
    -1.48834312e+00 8.58717442e-01 -2.23949164e-01 3.95969808e-01
    -4.98622507e-01 3.07346195e-01 -5.90100706e-01 1.60788119e+00
    -1.91259670e+00 1.40370083e+00 -6.77183211e-01 -1.24147020e-01
    -5.27484238e-01 7.42641807e-01 -5.02566040e-01 4.98864293e-01
    -1.28019416e+00 1.44050479e+00 -8.21542382e-01 -3.15942705e-01
    1.22283673e+00 -2.79601187e-01 -7.45504573e-02 1.54414251e-01
    -2.74454206e-01 5.38906813e-01 -7.40650892e-01 3.41766298e-01
    2.02128959e+00 -1.67311847e+00 1.01109517e+00 -7.39125550e-01
    3.18875372e-01 7.80598894e-02 -1.26133217e-02 2.87549078e-01
    -3.10617656e-01 -1.91382319e-01 7.78948069e-01 -6.25583231e-01
    4.98803079e-01 -2.53673404e-01 -1.13210287e-02 -1.91470906e-01
    -4.19009119e-01 1.16441023e+00 -1.24361706e+00 6.86053216e-01
    -3.24357718e-01 1.29932329e-01 2.04800740e-02 -1.03521394e-02
    1.95460111e-01 2.63660580e-01 -1.04194105e+00 1.16353309e+00
    -9.21894670e-01 4.94465113e-01 -2.76623815e-01 6.47824630e-02
    8.83981660e-02 -2.31375948e-01 3.62604521e-02 3.08673739e-01
    -3.01727235e-01 2.01350033e-01 -1.24193504e-01 1.33899420e-01
    -5.72061650e-02</data></vocabulary>
</opencv_storage>
