<?xml version="1.0"?>
<opencv_storage>
<vocabulary type_id="opencv-matrix">
  <rows>81</rows>
  <cols>1</cols>
  <dt>f</dt>
  <data>
    -1.96079969e+00 -7.75787449e+00 2.20852928e+01 -3.27998543e+01
    2.35462952e+01 -2.39795895e+01 3.35340195e+01 -2.66478806e+01
    1.41103268e+01 6.67790937e+00 3.55646873e+00 -1.23696747e+01
    2.09193573e+01 -3.68752575e+00 7.51511717e+00 -3.49596062e+01
    3.96263046e+01 -2.78256798e+01 -1.47591534e+01 3.37049103e+00
    -3.56495690e+00 -1.03838670e+00 6.73064137e+00 -1.36705370e+01
    2.94566059e+01 -2.85983887e+01 2.10075283e+01 2.51962509e+01
    -1.20225029e+01 1.43279629e+01 2.02947211e+00 -4.43261909e+01
    5.00786095e+01 -2.83265610e+01 5.52151108e+00 -6.68043041e+00
    -1.69593925e+01 4.58898735e+00 -2.01706581e+01 7.47788048e+00
    1.11901388e+01 -1.37836657e+01 1.40214157e+01 7.48113632e+00
    -6.08159542e+00 -1.88752022e+01 3.29485168e+01 1.35837622e+01
    -2.20844135e+01 5.11415024e+01 -4.34030800e+01 1.08867991e+00
    -1.33925056e+01 1.70409317e+01 2.29242897e+01 -1.75021915e+01
    -2.67881527e+01 2.17089672e+01 -3.94966507e+01 7.13935423e+00
    3.64449272e+01 -9.24115086e+00 -9.17291927e+00 -3.67298341e+00
    -1.67002659e+01 2.09169674e+01 2.37719955e+01 -2.66391621e+01
    4.02653008e+01 -4.64433746e+01 5.02092457e+00 1.03401403e+01
    4.19115782e-01 1.16987362e+01 -1.19177294e+01 -1.39016638e+01
    1.66185284e+01 -1.20070076e+01 -2.20114875e+00 2.79363346e+01
    -1.86954975e+01</data></vocabulary>
</opencv_storage>
