<?xml version="1.0"?>
<opencv_storage>
<vocabulary type_id="opencv-matrix">
  <rows>81</rows>
  <cols>1</cols>
  <dt>f</dt>
  <data>
    -6.50458410e-03 -4.29518819e-01 1.80750787e+00 -1.30005217e+00
    7.06797957e-01 -3.95592004e-01 5.18923938e-01 -9.61324453e-01
    6.69677079e-01 9.31725651e-02 6.09664023e-01 -2.67236996e+00
    6.67074263e-01 1.22557092e+00 -9.78854954e-01 2.95799285e-01
    1.07593334e+00 -1.31875932e+00 -1.14070308e+00 1.16448259e+00
    -6.55393124e-01 3.45426917e+00 -4.50987482e+00 3.41300488e+00
    -2.10524583e+00 -1.17312026e+00 2.70827150e+00 1.75977790e+00
    -2.11606598e+00 2.68211675e+00 -5.25517750e+00 3.03677320e+00
    -1.01841366e+00 9.95610952e-01 2.56272221e+00 -4.23883581e+00
    -1.67403328e+00 1.64129674e+00 -1.94447267e+00 3.28094864e+00
    1.89960733e-01 -6.42954350e-01 1.16940808e+00 -4.72534180e+00
    4.47908115e+00 1.68105376e+00 -1.66157377e+00 2.44302177e+00
    -2.90491915e+00 5.11510372e-01 3.11629206e-01 -4.33060080e-01
    3.83641028e+00 -3.38184357e+00 -1.49298906e+00 2.06130290e+00
    -4.16968107e+00 5.18033409e+00 -3.21227765e+00 1.31983995e+00
    1.19588876e+00 -4.29821873e+00 2.86547041e+00 1.00196230e+00
    -1.73604691e+00 3.93265367e+00 -4.23109722e+00 1.67925966e+00
    6.69873178e-01 -3.51834750e+00 5.10860682e+00 -2.54347277e+00
    -3.12300205e-01 3.22419047e-01 -9.50491369e-01 1.01828539e+00
    -5.31105995e-02 -1.02853131e+00 2.55253482e+00 -3.09850740e+00
    1.38933933e+00</data></vocabulary>
</opencv_storage>
