<?xml version="1.0"?>
<opencv_storage>
<vocabulary type_id="opencv-matrix">
  <rows>81</rows>
  <cols>1</cols>
  <dt>f</dt>
  <data>
    -1.25244990e-01 3.40227157e-01 -3.72143507e-01 2.63112366e-01
    -2.95804620e-01 2.45859101e-01 -6.65682228e-03 -1.47172689e-01
    1.02563366e-01 2.97654659e-01 -6.70562148e-01 6.46541417e-01
    -4.13333476e-01 6.48709357e-01 -4.73497659e-01 -2.27052733e-01
    4.63661551e-01 -2.40300521e-01 -4.37303871e-01 6.31010473e-01
    -1.23862900e-01 -3.19850743e-02 -9.19720411e-01 9.23030376e-01
    -4.12038267e-01 -1.57105178e-01 1.38707772e-01 5.73201299e-01
    -5.82983732e-01 -3.32389355e-01 5.26144743e-01 6.29132569e-01
    -8.99976194e-01 9.60284770e-01 -1.60707563e-01 -9.51336473e-02
    -7.90550590e-01 1.13684022e+00 -6.95906878e-01 7.28610083e-02
    8.78066480e-01 6.23199940e-01 -8.99853587e-01 1.61709171e-02
    1.80191293e-01 9.69311714e-01 -1.86965585e+00 2.09783435e+00
    -1.45486927e+00 8.38266134e-01 -6.60565555e-01 8.33911240e-01
    -1.35571644e-01 -9.74983424e-02 -8.48894119e-01 1.81948972e+00
    -2.29965281e+00 1.78438318e+00 -9.14447844e-01 5.27379632e-01
    -5.89839160e-01 7.80810565e-02 6.68613538e-02 5.46988547e-01
    -1.11648619e+00 1.33699083e+00 -9.14326012e-01 1.08268790e-01
    2.07301825e-01 -4.02302861e-01 5.27228653e-01 -2.07176656e-01
    -1.90663770e-01 2.97678083e-01 -2.76682287e-01 6.77950755e-02
    2.63760954e-01 -4.05890733e-01 5.25043845e-01 -4.57522333e-01
    1.59243956e-01</data></vocabulary>
</opencv_storage>
