<?xml version="1.0"?>
<opencv_storage>
<vocabulary type_id="opencv-matrix">
  <rows>81</rows>
  <cols>1</cols>
  <dt>f</dt>
  <data>
    1.00127287e-01 -1.63752854e-01 7.17085078e-02 8.11170638e-02
    -3.32276106e-01 7.04304636e-01 -3.85492563e-01 -1.59118980e-01
    1.47604868e-01 7.75020495e-02 -3.14352334e-01 1.24182558e+00
    -2.21078658e+00 2.76892543e+00 -2.99874187e+00 1.21524978e+00
    1.00282204e+00 -8.27938855e-01 -4.00983512e-01 1.11055338e+00
    -3.28340960e+00 5.18257046e+00 -5.92281771e+00 5.52339125e+00
    -1.80118430e+00 -2.49013710e+00 1.88343382e+00 2.99346298e-01
    -9.15040612e-01 2.98225689e+00 -4.36839628e+00 4.58778572e+00
    -4.09086895e+00 -7.13590682e-02 4.65182304e+00 -3.01066995e+00
    1.74684361e-01 -3.84954095e-01 -9.19858634e-01 1.78294182e+00
    -8.57759416e-02 5.79044819e-01 2.93257809e+00 -6.90394068e+00
    4.05886173e+00 1.24095365e-01 -8.05867463e-02 1.01924610e+00
    -1.85090303e+00 1.40304720e+00 -5.11974096e-01 -2.52563334e+00
    6.13452053e+00 -3.66566801e+00 -9.39498484e-01 1.97694731e+00
    -3.12875009e+00 4.15940762e+00 -4.13035154e+00 3.04113388e+00
    1.40511811e-01 -3.79090738e+00 2.53116322e+00 6.10926390e-01
    -1.27914298e+00 1.84305894e+00 -2.36228037e+00 2.25559807e+00
    -1.72370398e+00 -1.94440320e-01 2.26154780e+00 -1.49321675e+00
    -6.00764491e-02 4.34649438e-02 9.14198309e-02 -1.65330961e-01
    1.89639315e-01 -2.23056495e-01 6.05210602e-01 -9.10519302e-01
    4.86764938e-01</data></vocabulary>
</opencv_storage>
