<?xml version="1.0"?>
<opencv_storage>
<vocabulary type_id="opencv-matrix">
  <rows>81</rows>
  <cols>1</cols>
  <dt>f</dt>
  <data>
    -1.85821476e+01 6.88443222e+01 -7.86482391e+01 5.60298080e+01
    -3.78195038e+01 2.23285751e+01 -4.16529770e+01 5.81157913e+01
    6.15718484e-01 -1.59454432e+01 2.70323448e+01 -2.22338619e+01
    1.09193897e+01 -2.49016972e+01 5.28262939e+01 -4.26718102e+01
    1.09430275e+01 -7.33642197e+01 -2.38510609e+00 -3.26865692e+01
    5.88211870e+00 4.85585213e+01 -6.19175301e+01 5.39031944e+01
    1.40510054e+01 -3.84646568e+01 8.04271698e+01 4.56031036e+01
    -4.40370470e-01 8.16660690e+00 -2.18595867e+01 1.06901371e+00
    -1.90821724e+01 7.23411512e+00 -3.71055641e+01 1.11816826e+01
    -1.48965597e+01 -4.03026543e+01 7.50304947e+01 6.43479919e+01
    -6.40372772e+01 4.02354736e+01 -3.23990097e+01 -1.20636234e+01
    -1.85445976e+01 1.74074001e+01 -3.19554634e+01 -1.28093231e+02
    -4.00620842e+01 6.35012932e+01 3.03828201e+01 -3.95555162e+00
    6.90907288e+01 1.27304144e+01 -3.94619522e+01 8.92849426e+01
    1.18641605e+01 3.83421745e+01 -3.77219963e+01 -4.09852524e+01
    1.60516758e+01 -3.89854774e+01 3.40252495e+01 3.77415085e+01
    -3.36648026e+01 4.93922310e+01 -2.25792675e+01 5.12436790e+01
    -5.77374191e+01 4.80047722e+01 -8.14227982e+01 -5.94335365e+00
    -2.20084438e+01 -7.94453287e+00 1.06441479e+01 -3.29753189e+01
    -9.35587788e+00 3.64392891e+01 -3.49514732e+01 4.47768898e+01
    -1.44182992e+00</data></vocabulary>
</opencv_storage>
