<?xml version="1.0"?>
<opencv_storage>
<vocabulary type_id="opencv-matrix">
  <rows>81</rows>
  <cols>1</cols>
  <dt>f</dt>
  <data>
    -1.36134183e+00 1.35504246e+00 -1.34546888e+00 4.88146782e+00
    -1.31286106e+01 1.41378546e+01 -8.02327633e+00 3.55443501e+00
    -8.50874901e-01 3.28075624e+00 -3.28567457e+00 3.57320070e-01
    -3.50430465e+00 1.48329945e+01 -1.59149714e+01 9.48726177e+00
    -5.25353193e+00 1.23397899e+00 -4.45879221e+00 5.92120647e+00
    -1.55978358e+00 7.24368334e-01 -7.65183020e+00 7.50599098e+00
    -1.16947472e+00 3.35588455e-01 3.13389078e-02 4.89236307e+00
    -6.71527815e+00 8.35072339e-01 4.74154806e+00 -3.30929637e+00
    2.70123577e+00 -5.08913040e+00 2.13923645e+00 -5.18547714e-01
    -4.81196022e+00 6.81197596e+00 -7.83806920e-01 -6.12215137e+00
    8.14676285e+00 -3.30035210e+00 -8.35172415e-01 3.98342037e+00
    -1.93145871e+00 4.22802496e+00 -4.96249866e+00 -2.59696507e+00
    9.00766563e+00 -9.20316982e+00 2.58830667e+00 6.41251993e+00
    -9.35512161e+00 4.02579498e+00 -3.45454788e+00 3.67385054e+00
    3.68852258e+00 -9.15769672e+00 8.03303814e+00 -5.74411809e-01
    -8.74329281e+00 1.04735184e+01 -3.98600531e+00 2.26818228e+00
    -1.98267388e+00 -3.80201077e+00 7.42094135e+00 -5.51280785e+00
    -1.19315708e+00 8.65167999e+00 -8.99103260e+00 2.97460938e+00
    -8.23018551e-01 4.21291828e-01 2.28048372e+00 -4.08267736e+00
    3.65208316e+00 -3.20496261e-01 -3.95487261e+00 4.29425716e+00
    -1.36217928e+00</data></vocabulary>
</opencv_storage>
