<?xml version="1.0"?>
<opencv_storage>
<vocabulary type_id="opencv-matrix">
  <rows>81</rows>
  <cols>1</cols>
  <dt>f</dt>
  <data>
    1.04143910e-01 -6.62199259e-01 5.73567450e-01 -5.59507251e-01
    1.68509209e+00 -1.52667272e+00 6.66343927e-01 -1.99612334e-01
    1.31736889e-01 5.99566512e-02 1.22956634e+00 -1.39872682e+00
    1.27019763e+00 -3.29646087e+00 2.58202553e+00 -2.62540281e-01
    -4.68753934e-01 -2.70942058e-02 -4.27068383e-01 6.29424393e-01
    -3.48352194e+00 5.82255650e+00 -4.06463289e+00 2.41156626e+00
    -2.12378430e+00 1.43734705e+00 -5.16904704e-02 8.89913380e-01
    -4.23807859e+00 1.19950285e+01 -1.67565784e+01 1.55819731e+01
    -1.07610054e+01 5.67545938e+00 -2.54204631e+00 -5.22878394e-03
    -1.22574806e+00 5.36347246e+00 -1.31973791e+01 1.63245125e+01
    -1.23453560e+01 7.99575567e+00 -3.07732368e+00 6.91771626e-01
    7.53526092e-01 1.14647853e+00 -3.89046025e+00 8.06218624e+00
    -8.37032032e+00 4.15149117e+00 4.73446935e-01 -3.16847825e+00
    2.96875119e+00 -1.68110716e+00 -1.07542002e+00 1.65061951e+00
    -2.01842117e+00 1.22453666e+00 1.43959928e+00 -3.60831714e+00
    4.69300413e+00 -3.84327984e+00 1.58576679e+00 1.09666884e+00
    -8.50942671e-01 -3.95797379e-02 4.21180069e-01 -8.76415431e-01
    1.45985556e+00 -2.36196089e+00 2.16048932e+00 -7.62828588e-01
    -5.86156666e-01 5.87323010e-01 -1.59744442e-01 1.50314331e-01
    -6.05453193e-01 6.99673355e-01 3.59447002e-02 -4.78991508e-01
    1.97529703e-01</data></vocabulary>
</opencv_storage>
