<?xml version="1.0"?>
<opencv_storage>
<vocabulary type_id="opencv-matrix">
  <rows>81</rows>
  <cols>1</cols>
  <dt>f</dt>
  <data>
    3.57671827e-02 -9.58559439e-02 1.15598455e-01 -1.43138126e-01
    2.46958449e-01 -3.08289587e-01 1.30601570e-01 1.24245383e-01
    -3.24369892e-02 -1.00145333e-01 2.69271970e-01 -2.04995587e-01
    1.08309463e-01 -3.27868819e-01 5.29183924e-01 -9.77449641e-02
    -4.05675292e-01 1.37945563e-01 7.82318413e-02 -3.01643640e-01
    2.16131300e-01 6.18782081e-02 1.71657912e-02 -5.83105028e-01
    -1.80973262e-02 2.34857723e-01 -2.49007307e-02 -1.18998609e-01
    4.01073128e-01 -7.53302127e-02 -5.49707472e-01 4.24791932e-01
    4.77895737e-01 1.49904087e-01 -3.54084074e-02 -9.52415913e-02
    7.79338405e-02 -1.06049210e-01 -5.46202660e-01 1.00629544e+00
    4.45038617e-01 -8.59188437e-02 -3.09805453e-01 1.02300003e-01
    1.63539052e-02 -2.69647688e-02 -3.03635299e-02 1.90043733e-01
    1.16151106e-02 -1.62321866e-01 5.28733134e-01 -9.07575563e-02
    -1.09493360e-01 7.35807791e-02 -1.13973103e-03 -2.38225260e-03
    -1.49150668e-02 -1.65943280e-01 3.85386527e-01 -6.82116389e-01
    2.57399619e-01 7.19337389e-02 -3.95684801e-02 -5.25372662e-02
    2.08281428e-01 -3.01484287e-01 2.93016911e-01 -4.75201458e-01
    5.19933462e-01 -3.01910758e-01 4.81251031e-02 -3.88263017e-02
    3.31168994e-02 -1.12777166e-01 1.47537351e-01 -9.71176475e-02
    1.58249170e-01 -1.71509504e-01 1.07309692e-01 4.37509501e-03
    -2.46632891e-03</data></vocabulary>
</opencv_storage>
