<?xml version="1.0"?>
<opencv_storage>
<vocabulary type_id="opencv-matrix">
  <rows>81</rows>
  <cols>1</cols>
  <dt>f</dt>
  <data>
    -1.17993677e+00 7.95015621e+00 -1.70221329e+01 1.43141470e+01
    -3.16987085e+00 -1.52528644e+00 -1.25690803e-01 1.05173624e+00
    -3.39621127e-01 2.23223257e+00 -1.52084475e+01 3.27843246e+01
    -2.60293846e+01 2.78429437e+00 5.30577278e+00 -1.18463896e-01
    -2.25052953e+00 6.24425769e-01 -1.52525723e+00 1.35415354e+01
    -3.08414764e+01 2.09370422e+01 6.98154211e+00 -1.41769934e+01
    4.10518074e+00 4.59994048e-01 2.73639441e-01 1.07838981e-01
    -8.11481285e+00 2.14834671e+01 -1.04460354e+01 -1.67057896e+01
    2.06146908e+01 -6.25601196e+00 4.20624822e-01 -8.64207983e-01
    1.17161083e+00 4.32761049e+00 -1.64091892e+01 1.03856955e+01
    9.53107738e+00 -8.36121941e+00 -5.71363688e+00 7.08875322e+00
    -1.22352397e+00 -2.26630259e+00 -1.74357259e+00 1.36633501e+01
    -1.54359818e+01 8.69897556e+00 -1.20786877e+01 2.29193897e+01
    -1.78000164e+01 4.39734602e+00 2.32687140e+00 9.17956889e-01
    -1.13552036e+01 1.69957676e+01 -1.77698135e+01 2.17305260e+01
    -2.76747036e+01 1.97903690e+01 -5.19086075e+00 -1.48008072e+00
    -1.77642190e+00 1.02927036e+01 -1.73087273e+01 2.19455013e+01
    -2.48553982e+01 2.58404064e+01 -1.73619232e+01 4.67678070e+00
    4.96475458e-01 1.57076609e+00 -6.12989521e+00 1.02954979e+01
    -1.35022516e+01 1.45735750e+01 -1.38085146e+01 8.97227669e+00
    -2.43657923e+00</data></vocabulary>
</opencv_storage>
