<?xml version="1.0"?>
<opencv_storage>
<vocabulary type_id="opencv-matrix">
  <rows>81</rows>
  <cols>1</cols>
  <dt>f</dt>
  <data>
    5.08226693e-01 -7.35209823e-01 7.82812059e-01 -1.84002054e+00
    2.51101685e+00 -3.03208256e+00 3.49631262e+00 -2.66093707e+00
    8.91613960e-01 -2.35000324e+00 4.31828690e+00 -4.99407673e+00
    6.64702797e+00 -6.88430643e+00 6.12674570e+00 -4.58821011e+00
    2.58592272e+00 -3.80672842e-01 3.26518774e+00 -5.73756981e+00
    7.10329390e+00 -8.76171970e+00 7.66428518e+00 -4.47190046e+00
    -4.64125872e-01 2.87553024e+00 -2.57877254e+00 -3.05486774e+00
    4.73732042e+00 -5.88085794e+00 7.18434048e+00 -5.82118082e+00
    1.83673844e-01 7.93838978e+00 -9.42394543e+00 5.54685211e+00
    2.24102283e+00 -2.11702514e+00 1.70028627e+00 -2.21634626e+00
    8.27408016e-01 7.04192019e+00 -1.63780098e+01 1.57489729e+01
    -8.31073093e+00 -1.69390047e+00 1.89342833e+00 -3.49374557e+00
    5.64318752e+00 -5.92838526e+00 3.44533950e-01 1.10705919e+01
    -1.35225201e+01 7.73759747e+00 1.57647741e+00 -3.89052820e+00
    1.00969934e+01 -1.59690609e+01 2.20235958e+01 -1.78399410e+01
    4.25804424e+00 4.09201765e+00 -3.98351049e+00 -1.13827908e+00
    3.76564050e+00 -1.00989799e+01 1.57923851e+01 -2.21599827e+01
    2.03636456e+01 -1.15159922e+01 3.14285660e+00 5.51236689e-01
    6.38033330e-01 -1.93109202e+00 4.11273050e+00 -6.01754856e+00
    8.85754776e+00 -9.08007622e+00 6.52844000e+00 -2.82783103e+00
    3.48799467e-01</data></vocabulary>
</opencv_storage>
