<?xml version="1.0"?>
<opencv_storage>
<vocabulary type_id="opencv-matrix">
  <rows>81</rows>
  <cols>1</cols>
  <dt>f</dt>
  <data>
    -1.57088208e+00 3.55963373e+00 -5.64302588e+00 7.54546499e+00
    -7.22529078e+00 5.99318314e+00 -4.07394648e+00 1.96655393e+00
    -7.71296203e-01 2.92851472e+00 -4.90101337e+00 7.02049303e+00
    -1.06957827e+01 1.00239897e+01 -8.10392857e+00 5.72089815e+00
    -3.41435409e+00 2.07618785e+00 -1.45466149e+00 -1.26423109e+00
    2.26385379e+00 1.49784493e+00 -6.05699301e-01 -7.90542006e-01
    1.79677099e-01 1.63170898e+00 -2.53644371e+00 6.72368944e-01
    3.97989988e+00 -8.21098995e+00 7.18754005e+00 -6.94114780e+00
    5.13152361e+00 -2.09828472e+00 -1.67686868e+00 2.71613383e+00
    -1.67913783e+00 -4.79202509e-01 5.12657547e+00 -6.93432093e+00
    6.83009195e+00 -1.11751199e+00 -2.19185591e+00 4.62653923e+00
    -3.50157285e+00 2.51805663e+00 -2.82048726e+00 -8.13448370e-01
    2.67662144e+00 -8.48851919e-01 -2.72562003e+00 4.72901440e+00
    -6.56808662e+00 4.86656427e+00 -2.20126200e+00 3.26529145e+00
    -5.64562619e-01 -8.05045426e-01 8.13097134e-02 6.22054338e-01
    -1.97700119e+00 5.88431406e+00 -5.86195850e+00 1.30697775e+00
    -1.98437822e+00 -4.33934361e-01 2.30972576e+00 -3.01563859e+00
    3.67666125e+00 -2.07700920e+00 -2.93367887e+00 4.20683765e+00
    -4.79632795e-01 7.83201337e-01 5.42356521e-02 -9.24100101e-01
    1.56274116e+00 -2.12221599e+00 1.57104278e+00 3.32304299e-01
    -1.08451474e+00</data></vocabulary>
</opencv_storage>
