<?xml version="1.0"?>
<opencv_storage>
<vocabulary type_id="opencv-matrix">
  <rows>81</rows>
  <cols>1</cols>
  <dt>f</dt>
  <data>
    -3.95347059e-01 7.98172593e-01 -8.79241288e-01 8.08129907e-01
    -8.70633304e-01 5.65503180e-01 -3.25791627e-01 1.83198035e-01
    -6.04421794e-02 9.17618096e-01 -1.82527375e+00 1.86501479e+00
    -1.63639033e+00 1.86843407e+00 -1.24226677e+00 7.62775481e-01
    -4.90465969e-01 1.79575771e-01 -6.93972230e-01 1.05130780e+00
    -1.02057242e+00 1.03597069e+00 -2.26371980e+00 2.03256941e+00
    -1.36195874e+00 7.52945781e-01 -3.33688766e-01 2.32921064e-01
    2.91272372e-01 -4.83709544e-01 1.07881874e-01 2.08122873e+00
    -2.63024735e+00 2.08157182e+00 -1.22902465e+00 6.03509426e-01
    9.92516205e-02 -1.32758641e+00 1.72448373e+00 -1.01304173e+00
    -1.99801058e-01 2.71511269e+00 -2.78572750e+00 2.01648641e+00
    -1.01328456e+00 -5.23055434e-01 2.48457837e+00 -3.32770181e+00
    2.36199141e+00 5.47990680e-01 -2.96142149e+00 3.49381399e+00
    -2.90206075e+00 1.48729062e+00 6.88549817e-01 -2.59495950e+00
    3.47952962e+00 -2.64213276e+00 -2.08279258e-03 2.39878201e+00
    -3.07066488e+00 2.75238085e+00 -1.47359753e+00 -4.99878615e-01
    1.82956052e+00 -2.61822438e+00 2.18124318e+00 -5.49388409e-01
    -1.23445117e+00 1.86427259e+00 -1.86161935e+00 1.06185985e+00
    2.08597079e-01 -7.70875275e-01 1.10905099e+00 -9.36909676e-01
    2.78892875e-01 4.70260173e-01 -7.31357396e-01 7.29130745e-01
    -4.20509726e-01</data></vocabulary>
</opencv_storage>
