<?xml version="1.0"?>
<opencv_storage>
<vocabulary type_id="opencv-matrix">
  <rows>81</rows>
  <cols>1</cols>
  <dt>f</dt>
  <data>
    -2.02502340e-01 5.50808489e-01 -8.97383690e-01 1.09845698e+00
    -1.29206800e+00 1.35898936e+00 -1.10251212e+00 7.91740716e-01
    -3.65103751e-01 1.89095303e-01 -6.28785968e-01 9.77488875e-01
    -8.65814149e-01 1.39085186e+00 -2.16900086e+00 2.67560697e+00
    -2.75135589e+00 1.41145086e+00 8.69023502e-02 9.02125016e-02
    -2.35097315e-02 -1.03024006e+00 3.58368933e-01 1.08348584e+00
    -3.03342247e+00 4.41128445e+00 -2.46873236e+00 -5.09125531e-01
    9.24566090e-01 -1.72737777e+00 3.77436066e+00 -2.88632894e+00
    1.95659488e-01 3.05035257e+00 -5.39794493e+00 3.13548374e+00
    8.16575766e-01 -1.70251930e+00 2.56003881e+00 -4.63758421e+00
    5.05025196e+00 -5.69790721e-01 -3.48255658e+00 6.14299059e+00
    -3.56343627e+00 -4.75940615e-01 8.77828896e-01 -1.27460051e+00
    2.56404781e+00 -1.65744805e+00 -1.07027805e+00 4.22202063e+00
    -5.90962505e+00 3.23910403e+00 1.19946174e-01 5.01482449e-02
    -1.14600256e-01 -4.72301245e-01 -6.45704508e-01 2.64994431e+00
    -4.39033079e+00 4.73412752e+00 -2.40574241e+00 -1.59343198e-01
    1.52459756e-01 -2.02292547e-01 5.52885890e-01 1.40061975e-02
    -1.30761003e+00 2.37860751e+00 -2.58344913e+00 1.31117702e+00
    1.50291920e-01 -2.97113419e-01 3.89297962e-01 -5.02236187e-01
    3.48386496e-01 6.65706545e-02 -4.72338974e-01 6.41169965e-01
    -3.38153452e-01</data></vocabulary>
</opencv_storage>
