<?xml version="1.0"?>
<opencv_storage>
<vocabulary type_id="opencv-matrix">
  <rows>81</rows>
  <cols>1</cols>
  <dt>f</dt>
  <data>
    2.79047281e-01 7.95043185e-02 8.47216845e-01 -2.93248129e+00
    3.27352977e+00 -3.19391465e+00 2.72222209e+00 -1.79000342e+00
    7.14867055e-01 -7.54288733e-01 1.92745060e-01 -7.48519599e-02
    1.48821712e+00 -7.85838664e-01 6.27433285e-02 -1.45052469e+00
    2.85710287e+00 -1.47328949e+00 1.34527886e+00 -1.46676004e+00
    -7.03102201e-02 -6.13902867e-01 2.08919048e-02 6.21891022e-01
    6.31498396e-01 -2.13259125e+00 1.27876401e+00 -1.65430200e+00
    1.82662964e+00 1.94435930e+00 -2.67276931e+00 2.47940612e+00
    -2.23608112e+00 8.48624647e-01 9.37605739e-01 -9.20561314e-01
    2.01131129e+00 -2.91303611e+00 -1.00544083e+00 2.03766179e+00
    6.93208054e-02 8.00354481e-01 -1.00538170e+00 8.28329563e-01
    -2.48061299e-01 -2.22809577e+00 4.05831385e+00 -1.94013965e+00
    1.93071508e+00 -3.03562760e+00 2.70325422e+00 -3.75987917e-01
    -1.86182380e+00 1.20315826e+00 1.57681489e+00 -2.63099051e+00
    6.30054414e-01 -1.74026176e-01 1.27185810e+00 -1.18081212e+00
    -4.95747626e-01 2.24097705e+00 -1.37465262e+00 -7.54384845e-02
    -5.27711868e-01 2.66559029e+00 -3.81135845e+00 3.07353854e+00
    -3.23961139e+00 3.42652345e+00 -3.32977605e+00 1.60439801e+00
    -1.87538326e-01 6.89921200e-01 -1.69328904e+00 2.20221829e+00
    -1.94651079e+00 2.18730521e+00 -2.20730352e+00 1.97038054e+00
    -9.21654344e-01</data></vocabulary>
</opencv_storage>
