<?xml version="1.0"?>
<opencv_storage>
<vocabulary type_id="opencv-matrix">
  <rows>81</rows>
  <cols>1</cols>
  <dt>f</dt>
  <data>
    3.13218534e-01 -9.28521097e-01 1.21621990e+00 -1.31532228e+00
    1.03773868e+00 -4.60459650e-01 1.71461925e-01 1.03689201e-01
    -1.45155922e-01 -6.89416230e-01 2.00552583e+00 -2.59457779e+00
    2.66003489e+00 -2.06299114e+00 8.74698222e-01 -1.55230179e-01
    -3.37866902e-01 3.46872687e-01 6.91864192e-01 -2.03859234e+00
    2.60724258e+00 -2.63808179e+00 1.46256959e+00 -1.68836430e-01
    -4.58316833e-01 5.84951282e-01 -4.39924300e-01 -4.74270791e-01
    1.49081814e+00 -1.96409822e+00 2.03988552e+00 -4.90556806e-01
    -9.29750443e-01 1.46863377e+00 -1.11003458e+00 6.16118491e-01
    2.21523672e-01 -9.81505215e-01 1.16780818e+00 -9.95974541e-01
    6.31630719e-01 2.09998250e+00 -2.58473706e+00 1.65286219e+00
    -7.06979632e-01 -1.25613570e-01 9.30171251e-01 -1.34959555e+00
    1.09398580e+00 6.03564620e-01 -2.35478520e+00 2.77240801e+00
    -1.68478799e+00 6.11986160e-01 1.76764876e-01 -9.79222178e-01
    1.45500898e+00 -1.15781546e+00 -2.73332268e-01 1.56679428e+00
    -1.73564565e+00 8.55710745e-01 -2.78840482e-01 -1.00683309e-01
    6.76027715e-01 -1.08063948e+00 8.26120496e-01 -1.20186433e-01
    -4.90223825e-01 3.90289128e-01 1.29917979e-01 -1.27535671e-01
    6.00785390e-02 -3.42482924e-01 4.95868206e-01 -3.19523364e-01
    4.39555086e-02 1.12883434e-01 1.99885631e-04 -2.38385722e-01
    1.63161397e-01</data></vocabulary>
</opencv_storage>
