<?xml version="1.0"?>
<opencv_storage>
<vocabulary type_id="opencv-matrix">
  <rows>81</rows>
  <cols>1</cols>
  <dt>f</dt>
  <data>
    4.50959913e-02 4.43953611e-02 4.82716024e-01 -4.72953707e-01
    2.46286970e-02 1.04592986e-01 -4.22004104e-01 6.38487697e-01
    -1.60953030e-01 -2.26642311e-01 1.00716688e-01 -7.43467748e-01
    2.76920140e-01 5.35157919e-01 -3.51335496e-01 7.19190776e-01
    -9.25581753e-01 5.27271852e-02 -1.36396453e-01 -2.33757153e-01
    8.99482965e-01 8.72220337e-01 -1.64734745e+00 1.74273670e-01
    -2.22085327e-01 -3.45233604e-02 6.39086127e-01 2.62474686e-01
    8.05686891e-01 -8.96354675e-01 -2.68643594e+00 3.20509028e+00
    -4.60199535e-01 -2.78422952e-01 1.32854509e+00 -1.31641936e+00
    1.94244117e-01 -1.56300592e+00 1.05189788e+00 2.87793541e+00
    -3.20719171e+00 2.93430662e+00 -1.27107465e+00 -1.18459368e+00
    1.39606583e+00 -5.10674596e-01 1.85655296e+00 -1.99860990e+00
    -7.30551779e-01 3.77724051e+00 -5.30910444e+00 3.26979542e+00
    6.31176651e-01 -1.45368648e+00 4.99299228e-01 -1.75545275e+00
    2.81580949e+00 -1.96115339e+00 -3.70427817e-02 2.07956433e+00
    -1.32159293e+00 -1.15445256e+00 1.33264339e+00 -3.34779590e-01
    1.32588601e+00 -2.88844538e+00 3.51083422e+00 -2.59987164e+00
    6.10746562e-01 -3.03712130e-01 9.89344776e-01 -6.61002278e-01
    -2.73996238e-02 -1.91879049e-01 9.30621088e-01 -1.56003153e+00
    1.28048372e+00 -2.54516602e-01 1.35111570e-01 -4.21491802e-01
    2.05604106e-01</data></vocabulary>
</opencv_storage>
