<?xml version="1.0"?>
<opencv_storage>
<vocabulary type_id="opencv-matrix">
  <rows>81</rows>
  <cols>1</cols>
  <dt>f</dt>
  <data>
    -1.35207787e-01 1.51847482e-01 -1.19660035e-01 5.84670678e-02
    -2.23061338e-01 2.98520088e-01 -4.38209325e-02 -1.89599872e-01
    1.36753544e-01 2.37680778e-01 -2.27343410e-01 1.68037876e-01
    -6.47990825e-03 4.48089421e-01 -7.36608267e-01 1.58032015e-01
    4.55463946e-01 -3.40687633e-01 9.29898303e-03 -2.46125698e-01
    2.50629365e-01 -2.06966162e-01 -6.58215702e-01 8.19903374e-01
    -1.36472151e-01 -7.26590037e-01 5.01458049e-01 -3.40581775e-01
    8.57726514e-01 -9.65499401e-01 9.45813239e-01 -1.04614541e-01
    1.67985454e-01 -6.81725621e-01 1.37683952e+00 -7.88873494e-01
    2.91778296e-01 -6.34905696e-01 6.09937310e-01 -6.39032483e-01
    1.23400950e+00 -2.01339066e-01 5.87317050e-01 -1.24607980e+00
    7.28884876e-01 -2.06173887e-03 -4.50819284e-02 -1.62819043e-01
    4.55976099e-01 9.01351199e-02 -6.54861927e-02 -2.84455270e-01
    7.64871240e-01 -4.58369464e-01 -2.25895658e-01 5.78739524e-01
    -4.53285694e-01 2.74111629e-01 -6.67550027e-01 5.08512139e-01
    -6.28738180e-02 -3.90500635e-01 2.42573634e-01 3.54327083e-01
    -8.67246985e-01 7.08817899e-01 -5.92135549e-01 8.16525757e-01
    -7.81660140e-01 3.47144663e-01 5.26733957e-02 -7.02678338e-02
    -1.83908716e-01 4.28448141e-01 -3.01252604e-01 2.28382498e-01
    -3.53708833e-01 3.65978718e-01 -1.83510602e-01 4.05635796e-02
    -7.91557366e-04</data></vocabulary>
</opencv_storage>
