<?xml version="1.0"?>
<opencv_storage>
<vocabulary type_id="opencv-matrix">
  <rows>81</rows>
  <cols>1</cols>
  <dt>f</dt>
  <data>
    1.09759247e+00 -2.58778691e+00 7.50341320e+00 -1.49214363e+01
    1.58813105e+01 -1.18886185e+01 7.78441668e+00 -4.05748844e+00
    1.22953320e+00 1.00386512e+00 -4.95248032e+00 4.25794983e+00
    3.40872765e+00 -1.03055849e+01 1.41272964e+01 -1.41974621e+01
    1.10601053e+01 -4.36055088e+00 -2.36071706e+00 9.62794971e+00
    -1.18490124e+01 3.95517826e+00 4.03406477e+00 -9.24153328e+00
    1.29321642e+01 -1.39743052e+01 6.40392160e+00 1.35389781e+00
    -7.28303766e+00 1.18341522e+01 -7.62435293e+00 3.15014672e+00
    2.11358964e-01 -7.83124161e+00 1.35918331e+01 -6.94775772e+00
    1.21297252e+00 1.04675031e+00 -6.87032700e+00 7.09582186e+00
    -6.02622175e+00 6.77392387e+00 3.39774990e+00 -1.24101038e+01
    6.84735775e+00 -3.17142701e+00 4.71082878e+00 5.28775789e-02
    -2.37282777e+00 3.74155474e+00 -4.43134928e+00 -3.10229087e+00
    9.72983265e+00 -5.39131451e+00 4.42980671e+00 -9.12872601e+00
    5.47477961e+00 -1.03646743e+00 -1.24746943e+00 1.56886554e+00
    3.13338423e+00 -6.37843800e+00 3.54823375e+00 -2.73868155e+00
    6.09629154e+00 -4.00927067e+00 6.85003042e-01 1.28146160e+00
    -1.76972854e+00 -8.25595796e-01 2.47100043e+00 -1.51387143e+00
    5.81844211e-01 -1.49426579e+00 7.06040025e-01 7.27942407e-01
    -1.08199298e+00 6.39601290e-01 1.12197220e-01 -3.51640761e-01
    2.21474960e-01</data></vocabulary>
</opencv_storage>
