<?xml version="1.0"?>
<opencv_storage>
<vocabulary type_id="opencv-matrix">
  <rows>81</rows>
  <cols>1</cols>
  <dt>f</dt>
  <data>
    1.63228944e-01 -6.88218057e-01 1.37348020e+00 -1.31902874e+00
    6.75513744e-01 -4.36280996e-01 7.20555305e-01 -6.38604105e-01
    1.66839853e-01 -3.83974493e-01 1.32141316e+00 -2.82871699e+00
    2.93156171e+00 -1.23265421e+00 7.18205690e-01 -1.75545740e+00
    1.73674643e+00 -5.93334913e-01 5.39712131e-01 -1.58622646e+00
    3.34232330e+00 -3.47772622e+00 3.41356754e-01 2.29993105e-01
    2.33569503e+00 -2.83265734e+00 1.10957348e+00 -6.00643694e-01
    1.89811397e+00 -3.92193937e+00 4.36891651e+00 -4.97630328e-01
    -7.62509227e-01 -2.61318898e+00 3.45003223e+00 -1.34337366e+00
    5.51929414e-01 -1.88768947e+00 3.54722261e+00 -3.64269352e+00
    1.14541829e+00 1.32669330e+00 2.30704570e+00 -3.58871508e+00
    1.39767277e+00 -1.56162530e-01 8.66080046e-01 -1.76834202e+00
    7.39428699e-01 3.04077220e+00 -3.70156074e+00 1.72226802e-02
    1.95294142e+00 -9.14333165e-01 -1.58882543e-01 5.13910875e-02
    2.10910916e-01 1.37258649e+00 -5.07206202e+00 5.61293459e+00
    -2.42134237e+00 2.30586599e-03 3.22370201e-01 1.87676549e-01
    -3.07445198e-01 2.41543964e-01 -1.27669060e+00 3.46445608e+00
    -3.86744785e+00 1.84521556e+00 -3.18390369e-01 -8.82391110e-02
    -6.43456578e-02 1.77809834e-01 -2.45383129e-01 5.06433904e-01
    -1.04430866e+00 1.15292168e+00 -5.40213108e-01 1.25894353e-01
    -1.35290958e-02</data></vocabulary>
</opencv_storage>
