<?xml version="1.0"?>
<opencv_storage>
<vocabulary type_id="opencv-matrix">
  <rows>81</rows>
  <cols>1</cols>
  <dt>f</dt>
  <data>
    1.58181146e-01 1.13257229e+00 1.38842762e+00 -1.79180896e+00
    9.69179749e-01 -7.65755296e-01 2.24824119e+00 -1.43368113e+00
    -4.71287370e-02 -9.50771689e-01 -3.34178239e-01 5.05519927e-01
    9.75825429e-01 1.67554057e+00 -1.46202311e-01 -2.03599381e+00
    2.78514415e-01 1.00162363e+00 5.93263507e-01 -9.35110748e-01
    -2.33316326e+00 -2.78869510e-01 7.11448550e-01 -2.67646194e+00
    1.24384534e+00 2.57984370e-01 -9.60819602e-01 -5.90716720e-01
    4.51401085e-01 9.22024965e-01 6.30618453e-01 -3.68786812e-01
    9.12990212e-01 -4.45702493e-01 3.05484593e-01 5.30190349e-01
    -1.04457945e-01 8.16712737e-01 -1.42952025e+00 -1.65787256e+00
    2.83825904e-01 -6.26589954e-01 -1.90148458e-01 1.31607258e+00
    -6.50100410e-01 6.88656867e-01 -5.08777536e-02 1.49026823e+00
    7.36848712e-01 6.07201517e-01 4.41609323e-01 -1.31829000e+00
    -8.86994898e-01 7.73030743e-02 6.16806671e-02 -1.60394609e+00
    8.48252699e-02 8.43774378e-01 -2.15476108e+00 2.36116791e+00
    1.16195679e+00 -9.54178199e-02 -8.39902580e-01 1.03678262e+00
    2.53898025e-01 1.92950703e-02 3.76640856e-01 -2.39666462e-01
    6.96035504e-01 -1.95602405e+00 -1.07501650e+00 3.58690709e-01
    -5.41736484e-01 -6.23484254e-01 5.00521660e-01 -1.41007054e+00
    1.48787045e+00 2.01189622e-01 1.78915799e+00 -1.17664528e+00
    1.07642686e+00</data></vocabulary>
</opencv_storage>
