<?xml version="1.0"?>
<opencv_storage>
<vocabulary type_id="opencv-matrix">
  <rows>81</rows>
  <cols>1</cols>
  <dt>f</dt>
  <data>
    6.83758020e+00 -9.80756187e+00 1.02872410e+01 4.37239218e+00
    -3.81484628e+00 3.23750877e+00 -3.24616313e+00 7.65495598e-01
    -1.87534547e+00 -1.73677444e-01 -1.88106041e+01 1.27792864e+01
    -2.24411736e+01 1.80346947e+01 -1.65817509e+01 1.02786522e+01
    -1.06472719e+00 1.70656946e-02 -3.02293277e+00 1.06215515e+01
    -1.23970711e+00 1.74077530e+01 -8.24940395e+00 -5.25169945e+00
    7.16303968e+00 -4.10417986e+00 4.35889816e+00 1.44930208e+00
    -3.10206085e-01 -9.91762447e+00 7.14305830e+00 -9.98232365e+00
    2.09448013e+01 -1.83426838e+01 -5.28737259e+00 4.30173063e+00
    5.68922329e+00 -2.00699162e+00 -4.03826284e+00 3.34409982e-01
    4.59904194e+00 -1.54254293e+01 5.05038548e+00 2.37792206e+01
    -1.56281042e+01 -1.27479753e+01 1.14371843e+01 7.94022226e+00
    -3.63058472e+00 7.16344976e+00 4.79125118e+00 3.16436076e+00
    -1.55966787e+01 5.78725290e+00 9.55246544e+00 2.64519286e+00
    -1.80403347e+01 -1.38715496e+01 -5.01540899e+00 1.14109144e+01
    -3.26891937e+01 3.00553246e+01 2.68348742e+00 -7.01872969e+00
    -2.07760143e+00 1.64013615e+01 8.66169739e+00 8.65703106e+00
    4.70660001e-01 1.71612930e+01 -2.36314487e+01 -6.81402349e+00
    2.74682045e+00 -2.02613282e+00 -3.46123314e+00 -1.48833454e+00
    -2.07983565e+00 -1.08649426e+01 5.28780842e+00 3.42685008e+00
    3.76549697e+00</data></vocabulary>
</opencv_storage>
