<?xml version="1.0"?>
<opencv_storage>
<vocabulary type_id="opencv-matrix">
  <rows>81</rows>
  <cols>1</cols>
  <dt>f</dt>
  <data>
    6.59523427e-01 -1.43438292e+00 1.75797629e+00 -1.42710209e+00
    1.49723440e-01 -1.46488845e-01 1.01355374e+00 -5.00666976e-01
    -9.75303650e-02 -1.59218884e+00 1.22336519e+00 1.20882595e+00
    -1.24624503e+00 1.88313222e+00 -9.57195520e-01 -1.59252632e+00
    7.59405732e-01 4.16575968e-01 2.90551257e+00 -4.09668303e+00
    1.91878545e+00 -1.51090813e+00 4.36235189e-01 1.94488857e-02
    2.97164977e-01 1.10562015e+00 -1.44220257e+00 -3.91542125e+00
    6.86914158e+00 -4.85948229e+00 2.40380192e+00 4.95662540e-01
    -2.31403542e+00 3.49735093e+00 -4.29786205e+00 2.62007642e+00
    3.79140997e+00 -6.61012840e+00 3.31772423e+00 2.55157322e-01
    -2.05292583e+00 4.60762310e+00 -5.14554024e+00 5.33194971e+00
    -2.79639745e+00 -3.97970486e+00 7.04342890e+00 -2.98936248e+00
    -2.01900077e+00 5.67557955e+00 -5.54721832e+00 3.80641985e+00
    -3.82040215e+00 2.03797984e+00 3.26015472e+00 -6.29241943e+00
    4.40763998e+00 -1.06249976e+00 -1.73843300e+00 1.99326622e+00
    -1.09413016e+00 1.61835432e+00 -1.10252964e+00 -1.71188056e+00
    3.47551394e+00 -3.86814117e+00 3.45523834e+00 -2.47637129e+00
    1.83839488e+00 -1.81557691e+00 7.72759557e-01 1.62115633e-01
    5.56158423e-01 -1.11150360e+00 1.51858604e+00 -1.85049427e+00
    1.71171331e+00 -1.42533207e+00 1.46938705e+00 -9.24794137e-01
    1.17829025e-01</data></vocabulary>
</opencv_storage>
