<?xml version="1.0"?>
<opencv_storage>
<vocabulary type_id="opencv-matrix">
  <rows>81</rows>
  <cols>1</cols>
  <dt>f</dt>
  <data>
    3.16776919e+00 -1.50974360e+01 2.80069141e+01 -2.98692379e+01
    2.42695370e+01 -1.62800598e+01 8.15730381e+00 -2.93530083e+00
    8.05202663e-01 -6.19216108e+00 3.13179054e+01 -5.98693771e+01
    6.31655846e+01 -4.95976143e+01 3.15740509e+01 -1.30567150e+01
    2.37354469e+00 -4.10565883e-01 1.01133623e+01 -3.55293579e+01
    5.86630287e+01 -5.09458847e+01 2.39107208e+01 -2.33571720e+00
    -1.36641188e+01 1.64681911e+01 -5.97875929e+00 -1.43637848e+01
    3.32415733e+01 -4.11952629e+01 1.86077900e+01 2.34588413e+01
    -4.64447441e+01 5.34669952e+01 -4.20863914e+01 1.45380049e+01
    1.21923943e+01 -2.03605862e+01 1.29548502e+01 1.70347805e+01
    -5.75571098e+01 7.46168213e+01 -6.96685638e+01 4.95192795e+01
    -1.69121723e+01 -6.55563259e+00 3.87017488e+00 1.51435862e+01
    -4.39095497e+01 7.26336517e+01 -7.70399094e+01 6.21939697e+01
    -4.04979248e+01 1.39524307e+01 7.29844522e+00 -1.18995037e+01
    5.61996269e+00 6.50111246e+00 -1.81108036e+01 2.16782837e+01
    -1.84697590e+01 1.28099041e+01 -5.22206736e+00 -9.39636230e+00
    2.73973217e+01 -4.44395294e+01 5.48242188e+01 -6.06414680e+01
    5.34367714e+01 -3.58850670e+01 1.88042736e+01 -4.98503590e+00
    4.49035788e+00 -1.48365850e+01 2.66278496e+01 -3.61430931e+01
    4.35812187e+01 -4.03477478e+01 2.84643326e+01 -1.59196930e+01
    4.69770622e+00</data></vocabulary>
</opencv_storage>
