<?xml version="1.0"?>
<opencv_storage>
<vocabulary type_id="opencv-matrix">
  <rows>81</rows>
  <cols>1</cols>
  <dt>f</dt>
  <data>
    -5.85547733e+00 9.86623764e+00 -3.84357786e+00 -6.95378733e+00
    3.78831053e+00 -6.72137213e+00 2.57010288e+01 -4.02465897e+01
    2.12951107e+01 7.93234873e+00 -2.16626301e-02 -1.58968916e+01
    2.04037018e+01 1.14628658e+01 -2.70577984e+01 1.41097488e+01
    1.04207401e+01 -1.37289429e+01 -1.25361195e+01 1.71714630e+01
    7.76699829e+00 -2.40183239e+01 2.01636386e+00 1.77321205e+01
    -2.44578667e+01 -1.05362587e+01 1.17308874e+01 2.23233676e+00
    -2.95484447e+01 1.07738676e+01 1.21198454e+01 -1.25947819e+01
    9.10757828e+00 2.75376949e+01 6.36449099e+00 -1.93027163e+00
    7.33894157e+00 3.77415009e+01 -2.00164585e+01 -5.65343189e+00
    4.53769255e+00 -2.01126862e+01 1.74201431e+01 -3.21518860e+01
    1.09955301e+01 -1.92607899e+01 -3.74469337e+01 8.75804901e+00
    1.62775002e+01 2.61681938e+00 -2.75736427e+00 -7.86708069e+00
    7.67200756e+00 -7.72666073e+00 4.42197876e+01 -1.26414984e-01
    8.63015175e+00 2.46304474e+01 -1.84352169e+01 1.94616756e+01
    -1.96997051e+01 2.46346226e+01 -2.05465813e+01 -3.45885239e+01
    -1.03608541e+01 6.24929762e+00 -8.13951874e+01 4.69478569e+01
    -2.55328903e+01 -2.40995789e+00 1.11462173e+01 2.17789001e+01
    1.51542168e+01 -1.87397480e+00 1.61429825e+01 2.95263786e+01
    -2.53024082e+01 1.46309996e+01 1.69373016e+01 -3.35425072e+01
    8.22581828e-01</data></vocabulary>
</opencv_storage>
