<?xml version="1.0"?>
<opencv_storage>
<vocabulary type_id="opencv-matrix">
  <rows>81</rows>
  <cols>1</cols>
  <dt>f</dt>
  <data>
    -2.00912263e-02 -9.27879214e-02 1.55311227e-01 -3.10055166e-01
    1.66681916e-01 -5.96337579e-02 3.64182562e-01 -7.54672945e-01
    4.12080556e-01 -6.11621290e-02 3.80630851e-01 -4.06275600e-01
    6.50933862e-01 -3.15569758e-01 1.67231828e-01 -8.97880316e-01
    1.77763355e+00 -9.82112229e-01 3.07005614e-01 -7.44322121e-01
    3.78395438e-01 -3.77689809e-01 -4.50936556e-01 3.46602321e-01
    9.82705653e-01 -2.37952280e+00 1.33237672e+00 -4.67131466e-01
    8.61552060e-01 -1.29715249e-01 -5.69764674e-02 9.68794465e-01
    -5.22659481e-01 -1.15275216e+00 2.77681804e+00 -1.53479171e+00
    2.35580042e-01 -2.47398153e-01 -6.57739520e-01 8.97479355e-01
    -1.47822320e-01 6.70869827e-01 6.91845059e-01 -2.18515444e+00
    1.22046876e+00 9.20058191e-02 -4.32472318e-01 1.04924762e+00
    -1.14313221e+00 1.46627367e+00 -9.99713480e-01 2.32126806e-02
    1.15999913e+00 -6.88277423e-01 -1.49082705e-01 3.57269973e-01
    -5.50967038e-01 3.74360114e-01 -5.93498826e-01 4.51228887e-01
    -2.85119265e-02 -5.86486101e-01 3.25824618e-01 7.14807436e-02
    -3.11693200e-03 -3.67413968e-01 8.99079919e-01 -8.93940628e-01
    5.49238980e-01 -3.61358434e-01 2.80601978e-01 -8.30960944e-02
    -2.48326678e-02 -1.92481671e-02 2.34756589e-01 -5.22987068e-01
    5.88411331e-01 -4.18041587e-01 2.67961353e-01 -1.43642098e-01
    2.88446583e-02</data></vocabulary>
</opencv_storage>
