<?xml version="1.0"?>
<opencv_storage>
<vocabulary type_id="opencv-matrix">
  <rows>81</rows>
  <cols>1</cols>
  <dt>f</dt>
  <data>
    4.68293577e-02 -1.77889720e-01 2.87946373e-01 -5.32379627e-01
    8.14375281e-01 -8.52555811e-01 8.37180316e-01 -5.39624572e-01
    1.27416521e-01 2.16023661e-02 -2.84152538e-01 7.43511438e-01
    -1.21328950e-01 -8.07786226e-01 1.23613381e+00 -1.61126769e+00
    1.05408359e+00 -1.86896592e-01 -8.75921994e-02 9.13944542e-01
    -2.21763253e+00 1.26295793e+00 1.76458091e-01 -1.01197386e+00
    1.70788729e+00 -1.14645898e+00 1.16717204e-01 -3.07780821e-02
    -6.77869916e-01 1.96602535e+00 -6.05091691e-01 -1.15393984e+00
    1.44684672e+00 -1.75113237e+00 1.00288141e+00 7.01943710e-02
    1.94917381e-01 1.39101520e-01 -1.11993992e+00 -6.67848289e-01
    4.04358387e+00 -2.42253160e+00 1.80293739e+00 -8.32995534e-01
    -1.83703363e-01 -2.36872956e-01 4.54331785e-01 -8.11247304e-02
    7.30280161e-01 -1.49200511e+00 8.11163962e-01 3.07449065e-02
    -4.52957273e-01 4.19492006e-01 1.43561035e-01 -5.42559624e-01
    4.02280927e-01 3.36296439e-01 -1.30064487e+00 2.01131201e+00
    -2.47313142e+00 1.96041453e+00 -7.26275027e-01 -1.09003939e-01
    3.80354196e-01 -3.23018909e-01 -4.42629457e-01 1.26540363e+00
    -1.72358549e+00 1.82077050e+00 -1.41207063e+00 5.29392540e-01
    1.02709770e-01 -2.96079248e-01 3.70083898e-01 -1.10138804e-01
    -1.55086353e-01 2.29924381e-01 -2.17203677e-01 2.27447808e-01
    -1.21749818e-01</data></vocabulary>
</opencv_storage>
