<?xml version="1.0"?>
<opencv_storage>
<vocabulary type_id="opencv-matrix">
  <rows>81</rows>
  <cols>1</cols>
  <dt>f</dt>
  <data>
    3.88704911e-02 -7.29456767e-02 2.03036681e-01 -3.83678705e-01
    2.06973001e-01 1.99297294e-01 -2.40086496e-01 5.17412722e-02
    -5.05166277e-02 -1.59660876e-01 3.52616698e-01 -6.06931567e-01
    9.38288391e-01 -4.49065924e-01 -4.60644871e-01 5.77134967e-01
    -1.96887046e-01 1.74113736e-01 -8.39750189e-03 2.77639359e-01
    -3.24246585e-01 -3.10465515e-01 -4.03159469e-01 1.09905565e+00
    -8.61570537e-01 1.82265803e-01 -1.79413199e-01 4.33502793e-01
    -1.47155893e+00 1.88521123e+00 -9.49922740e-01 1.53138947e+00
    -1.78493798e+00 1.16142809e+00 -2.81679451e-01 2.03018844e-01
    -5.83464324e-01 1.69665909e+00 -2.36566186e+00 1.62455893e+00
    -5.12161851e-01 1.60935068e+00 -1.06264949e+00 2.97165185e-01
    -1.72660887e-01 4.82372612e-01 -1.27665079e+00 1.64195895e+00
    -1.03199220e+00 9.94317830e-01 -9.69974339e-01 6.09993935e-01
    -2.30180427e-01 1.48837253e-01 -2.77938932e-01 6.33441389e-01
    -6.40395522e-01 1.93285331e-01 -4.65653360e-01 7.21752465e-01
    -4.45745856e-01 1.36059329e-01 -1.36358470e-01 4.05661799e-02
    7.65439570e-02 -3.99746895e-01 7.17491508e-01 -3.99887115e-01
    -8.95616859e-02 -1.42111525e-01 3.45385134e-01 -7.82824382e-02
    1.60116293e-02 -1.39554113e-01 3.29811782e-01 -4.65910912e-01
    3.01601648e-01 -6.91385120e-02 2.05205947e-01 -2.88767606e-01
    1.01747461e-01</data></vocabulary>
</opencv_storage>
