<?xml version="1.0"?>
<opencv_storage>
<vocabulary type_id="opencv-matrix">
  <rows>81</rows>
  <cols>1</cols>
  <dt>f</dt>
  <data>
    -1.00269295e-01 2.63347566e-01 -3.10688764e-01 6.07812591e-02
    2.62513280e-01 -3.10219884e-01 1.71201408e-01 7.65818730e-02
    -5.54106832e-02 2.49121934e-01 -6.04436398e-01 7.52988756e-01
    -4.02879894e-01 -1.99440181e-01 4.30209130e-01 -1.60738438e-01
    -7.18362778e-02 4.47100773e-03 -3.77302259e-01 9.99307334e-01
    -1.33099508e+00 1.18831265e+00 -5.14998734e-01 -2.53178746e-01
    -1.86755314e-01 1.02206878e-01 1.04835823e-01 3.94326866e-01
    -1.07008648e+00 1.64137340e+00 -1.95769835e+00 1.21632612e+00
    -5.36032557e-01 1.35943091e+00 -8.78594995e-01 6.43926710e-02
    -4.97156978e-01 1.12684333e+00 -1.88581514e+00 2.38166666e+00
    -9.27581787e-01 2.34979177e+00 -2.97798538e+00 1.67034161e+00
    -2.39333749e-01 5.63700795e-01 -9.33832884e-01 1.09887326e+00
    -1.24904406e+00 1.17548847e+00 -1.51038241e+00 1.97844803e+00
    -1.05691361e+00 1.04151979e-01 -4.83222663e-01 5.45878768e-01
    -3.76232713e-01 2.44936511e-01 3.21538448e-01 -3.60044390e-01
    -3.74460220e-01 1.90644696e-01 4.42763343e-02 3.43476474e-01
    -2.66269386e-01 -1.08413413e-01 2.96291083e-01 -7.55084634e-01
    5.87914288e-01 2.92225704e-02 -5.95935173e-02 -2.44644396e-02
    -1.20194815e-01 4.23667803e-02 1.66211426e-01 -1.88121051e-01
    2.53351957e-01 -1.73393533e-01 -1.82962802e-03 4.37675565e-02
    -1.01489425e-02</data></vocabulary>
</opencv_storage>
