<?xml version="1.0"?>
<opencv_storage>
<vocabulary type_id="opencv-matrix">
  <rows>81</rows>
  <cols>1</cols>
  <dt>f</dt>
  <data>
    1.25763039e+02 -4.13605316e+02 7.58647995e+01 4.16891296e+02
    -3.42115997e+02 2.00359314e+02 -1.64538834e+02 4.88257111e+02
    -4.51351105e+02 -9.28754807e+01 5.97137451e+02 -2.28507584e+02
    -2.37543365e+02 -2.64420319e+02 6.29048279e+02 -4.41109589e+02
    -7.38219299e+02 8.97275452e+02 -1.87470108e+02 -3.72974586e+01
    -3.40824158e+02 6.53209167e+02 9.15435410e+01 -6.64625025e+00
    -3.92058220e+01 5.11842804e+01 -1.45318878e+02 1.53626385e+01
    4.77548523e+02 -3.10372253e+02 -1.44291504e+02 -4.30443176e+02
    -4.92533630e+02 4.52612152e+02 6.20538025e+02 -6.28735840e+02
    1.68526058e+01 -9.72031555e+02 6.02874390e+02 3.36729523e+02
    3.88088013e+02 2.22442902e+02 -9.72143021e+01 -2.09386536e+02
    4.15440460e+02 4.95108368e+02 -2.93182087e+01 1.05414841e+02
    -3.32822083e+02 -6.15963501e+02 2.75854126e+02 -1.85105499e+02
    -2.59593323e+02 1.10595116e+02 -5.92118225e+02 7.37146484e+02
    2.47445545e+01 -5.18423279e+02 8.21208435e+02 -3.50439911e+02
    -1.03570457e+02 2.40142746e+02 -4.25339600e+02 5.18995605e+02
    -6.57858459e+02 -3.73753693e+02 8.37180664e+02 -8.60614441e+02
    5.71218201e+02 -1.97815887e+02 3.54084808e+02 1.92853500e+02
    -4.31728638e+02 6.88218445e+02 -2.32942810e+02 -1.12470596e+02
    4.01444489e+02 -4.04880035e+02 2.16952560e+02 -2.79564484e+02
    1.25744343e+01</data></vocabulary>
</opencv_storage>
