<?xml version="1.0"?>
<opencv_storage>
<vocabulary type_id="opencv-matrix">
  <rows>81</rows>
  <cols>1</cols>
  <dt>f</dt>
  <data>
    -4.90101099e+00 -1.41079283e+01 3.47172546e+01 -2.31957054e+00
    -4.79005470e+01 3.17379589e+01 3.05755310e+01 -3.05801659e+01
    6.80818653e+00 5.70034647e+00 -3.25198631e+01 1.26611156e+01
    -6.94929409e+00 2.17541103e+01 1.63280988e+00 -4.42049599e+01
    1.19101086e+01 8.54120827e+00 -6.22221041e+00 4.58310089e+01
    2.67527662e-02 -2.70893536e+01 2.87485657e+01 -5.82003517e+01
    6.79491425e+01 -3.83875771e+01 1.27342587e+01 2.47130623e+01
    -3.31136627e+01 -3.64089241e+01 -2.03690672e+00 5.17776031e+01
    3.10427608e+01 -3.31011581e+00 9.95870531e-01 -4.07376213e+01
    -6.48317194e+00 1.56261575e+00 1.03115219e+02 -4.62194252e+01
    -5.28084564e+01 -3.31606445e+01 -3.63104973e+01 -1.00547571e+01
    6.44907761e+01 -9.72706985e+00 9.94030666e+00 -1.52707281e+01
    -4.71261883e+00 1.15668583e+01 6.69978256e+01 1.29807961e+00
    3.10638847e+01 -2.99742603e+01 1.26648769e+01 -2.03190918e+01
    -8.57777710e+01 5.72072754e+01 2.61789932e+01 -3.78792877e+01
    -1.78200684e+01 -3.45915680e+01 4.35602570e+01 -7.30066061e+00
    1.25484924e+01 4.84085007e+01 -9.66673374e+00 -3.52409134e+01
    1.04199495e+01 3.20954285e+01 -1.01710761e+00 -5.98830605e+01
    -7.40988588e+00 1.62266808e+01 -1.31129799e+01 -4.55663643e+01
    5.80347023e+01 3.78464913e+00 -4.40512276e+01 -1.67760444e+00
    5.51325493e+01</data></vocabulary>
</opencv_storage>
