<?xml version="1.0"?>
<opencv_storage>
<vocabulary type_id="opencv-matrix">
  <rows>81</rows>
  <cols>1</cols>
  <dt>f</dt>
  <data>
    4.80127305e-01 2.14265939e-03 -1.94333589e+00 1.96854925e+00
    9.07365680e-01 -1.50633752e+00 -4.19299781e-01 1.33746934e+00
    -7.31813431e-01 -1.01378322e+00 6.81071043e-01 1.88793230e+00
    -2.66919565e+00 -1.58236980e+00 2.58789134e+00 7.60447323e-01
    -1.48968577e+00 4.85974520e-01 3.10283214e-01 -2.16255367e-01
    1.82509676e-01 1.23615205e+00 6.81147635e-01 -1.82996511e+00
    -6.68423116e-01 -7.19453156e-01 1.35993695e+00 3.36932093e-01
    -5.85231900e-01 -7.33383596e-01 -7.03312695e-01 -5.53464592e-02
    1.50037169e+00 1.84540972e-01 1.16842926e+00 -1.61779737e+00
    1.38029270e-03 7.99685903e-03 5.24016619e-01 1.77941883e+00
    -4.53887880e-01 -5.17224073e-01 1.74962878e-01 1.39244258e-01
    2.58538336e-01 -8.52535889e-02 3.39176089e-01 -1.72285151e+00
    -1.83506548e-01 2.98288673e-01 8.40497091e-02 -4.85796124e-01
    -2.06370592e-01 5.97736955e-01 -5.74606240e-01 1.05536401e+00
    1.50663388e+00 -2.55111456e-01 1.16593111e+00 1.37312520e+00
    4.63955075e-01 -1.38168836e+00 -4.17626560e-01 6.17830515e-01
    -1.32403302e+00 -8.40150952e-01 -2.22967431e-01 -1.11736226e+00
    -1.70319915e+00 -3.72083724e-01 1.63672626e+00 1.28437102e-01
    -2.28514060e-01 4.84290212e-01 2.22423837e-01 1.87370703e-01
    4.07034248e-01 3.95911872e-01 2.81840116e-01 -5.92022598e-01
    -2.21004914e-02</data></vocabulary>
</opencv_storage>
