<?xml version="1.0"?>
<opencv_storage>
<vocabulary type_id="opencv-matrix">
  <rows>81</rows>
  <cols>1</cols>
  <dt>f</dt>
  <data>
    -6.70930296e-02 -9.24243808e-01 2.83700395e+00 -3.23087025e+00
    2.09563661e+00 -1.19275630e+00 6.76332116e-01 -3.16279471e-01
    1.25687167e-01 5.87898672e-01 1.65361321e+00 -6.17380476e+00
    3.48883224e+00 3.34164023e+00 -4.27573919e+00 2.32996321e+00
    -8.91184211e-01 -7.86802545e-02 -9.26383555e-01 -2.02415013e+00
    8.41522980e+00 -3.62334132e+00 -7.15259504e+00 8.44412518e+00
    -5.74416065e+00 2.84627771e+00 -2.77165323e-01 4.39586908e-01
    1.84562743e+00 -7.35950756e+00 3.25960279e+00 5.94582224e+00
    -6.90397453e+00 4.72105646e+00 -2.02359152e+00 -3.90498601e-02
    -1.37027487e-01 -9.97867763e-01 4.48326731e+00 -2.42761827e+00
    -1.43908954e+00 2.67193913e+00 -1.15151179e+00 -5.80812991e-01
    8.41366410e-01 3.42310101e-01 1.05680935e-01 -2.07427096e+00
    1.80472958e+00 -3.34308416e-01 1.68090367e+00 -3.23040128e+00
    3.49854779e+00 -1.73292577e+00 -4.93780643e-01 1.27693462e+00
    -1.49130797e+00 7.07780242e-01 6.59875631e-01 -3.52107191e+00
    5.58513212e+00 -4.92571640e+00 2.11235404e+00 2.83182949e-01
    -1.25778770e+00 2.13372660e+00 -1.73311973e+00 4.04255360e-01
    1.63808644e+00 -3.09043789e+00 2.68458104e+00 -1.17669964e+00
    -8.76941457e-02 4.24206436e-01 -6.62182808e-01 3.40745240e-01
    2.03115970e-01 -6.98399603e-01 9.56710756e-01 -7.24312186e-01
    2.97636271e-01</data></vocabulary>
</opencv_storage>
