<?xml version="1.0"?>
<opencv_storage>
<vocabulary type_id="opencv-matrix">
  <rows>81</rows>
  <cols>1</cols>
  <dt>f</dt>
  <data>
    2.52878742e+01 -3.23138657e+01 2.49801971e+02 8.61307526e+01
    -1.22410986e+03 1.58214807e+03 -1.27146301e+03 7.88664673e+02
    -1.82300980e+02 -1.27457535e+02 3.84819489e+02 -1.33574658e+03
    1.02226123e+03 1.29724744e+03 -2.23034985e+03 1.94917908e+03
    -1.24561426e+03 2.17119995e+02 1.29656410e+01 -3.16394470e+02
    1.98831604e+03 -2.50215503e+03 6.74847961e+02 2.12111015e+01
    2.19166779e+02 -4.14888031e+02 3.94448303e+02 3.30304504e+02
    -5.18864197e+02 -1.10677344e+03 1.92714978e+03 -5.91787598e+02
    5.62442749e+02 -1.45822363e+03 1.64200134e+03 -8.43589294e+02
    -4.22265228e+02 6.46382812e+02 8.58086609e+02 -1.36351990e+03
    -2.80988831e+02 3.96500885e+02 6.76764465e+02 -1.15172607e+03
    6.95892334e+02 3.07604156e+02 -3.95053825e+01 -1.80019617e+03
    2.25379712e+03 -4.34049194e+02 -4.71810646e+01 -6.99938232e+02
    1.05393445e+03 -6.50865723e+02 -2.97882080e+02 2.08318146e+02
    1.01064026e+03 -1.29426270e+03 7.30607629e-01 2.83448730e+02
    3.83784821e+02 -7.36021851e+02 4.85095551e+02 3.42879059e+02
    -7.89106995e+02 7.74315552e+02 -9.34777588e+02 1.59646436e+03
    -1.55377954e+03 8.96395996e+02 -2.94396667e+02 -6.05042686e+01
    -1.73667099e+02 4.68983765e+02 -6.61267944e+02 8.24929382e+02
    -1.04793433e+03 9.97610535e+02 -7.15543335e+02 3.73014465e+02
    -5.86048660e+01</data></vocabulary>
</opencv_storage>
