<?xml version="1.0"?>
<opencv_storage>
<vocabulary type_id="opencv-matrix">
  <rows>81</rows>
  <cols>1</cols>
  <dt>f</dt>
  <data>
    1.19791403e-01 -1.82378680e-01 1.92035735e-01 -4.20062423e-01
    2.06580117e-01 1.78075694e-02 1.12298414e-01 -2.48701405e-02
    6.02688305e-02 -2.46012032e-01 3.50492239e-01 -1.56621590e-01
    3.35979551e-01 -1.38741508e-01 -2.68154684e-02 -2.02941760e-01
    1.24828741e-02 -4.09291498e-02 3.11603338e-01 -2.51425058e-01
    -2.50121895e-02 -1.30084231e-01 -5.55922166e-02 -2.53289968e-01
    4.01470453e-01 -1.82491332e-01 3.03122029e-02 -4.13426578e-01
    2.35591531e-01 1.76199079e-01 -7.60796741e-02 1.13124348e-01
    5.99643886e-01 -6.44188344e-01 3.62042964e-01 -5.46902493e-02
    3.14773232e-01 -8.88607800e-02 -5.97538590e-01 5.54438114e-01
    6.54728115e-01 -2.03855425e-01 3.45597714e-01 -3.00800830e-01
    4.55794074e-02 -2.44058907e-01 1.18001051e-01 3.23500484e-01
    -2.25859627e-01 5.20136416e-01 -1.02249928e-01 -1.06141940e-01
    8.12010765e-02 6.44046366e-02 3.35187972e-01 -4.21252757e-01
    1.78282991e-01 -1.44086972e-01 -2.56225973e-01 6.01500832e-02
    1.01261571e-01 -4.16244231e-02 -9.27674621e-02 -2.69270658e-01
    4.28282470e-01 -4.24990237e-01 3.25518638e-01 -9.00917277e-02
    5.85111231e-02 -1.02361515e-01 -7.29858428e-02 1.38924018e-01
    1.41302064e-01 -2.69244403e-01 2.75061697e-01 -1.88413888e-01
    8.18101093e-02 -4.75942157e-02 7.55229518e-02 2.46726610e-02
    -6.91141561e-02</data></vocabulary>
</opencv_storage>
