<?xml version="1.0"?>
<opencv_storage>
<vocabulary type_id="opencv-matrix">
  <rows>81</rows>
  <cols>1</cols>
  <dt>f</dt>
  <data>
    -3.47493500e-01 -2.22939277e+00 6.98916435e+00 -5.16498184e+00
    -5.70266783e-01 3.93027949e+00 -4.43294001e+00 1.43310142e+00
    5.30170023e-01 1.17060757e+00 2.29982638e+00 -1.02114916e+01
    4.41614485e+00 9.84989357e+00 -1.45564079e+01 1.08081541e+01
    -2.86220050e+00 -1.22175491e+00 -3.24727607e+00 2.90915442e+00
    3.02137017e+00 9.90675807e-01 -1.15809965e+01 1.59753561e+01
    -1.28496990e+01 2.95359135e+00 1.81641614e+00 5.33331156e+00
    -9.22562695e+00 6.76218510e+00 -8.17890549e+00 1.37281895e+01
    -1.73840733e+01 1.38192005e+01 -2.19563794e+00 -2.43063402e+00
    -5.86864090e+00 1.16339273e+01 -1.14077749e+01 8.26910114e+00
    -6.07104397e+00 9.23373985e+00 -6.18556356e+00 -1.80208135e+00
    2.72184873e+00 5.88074303e+00 -1.20460358e+01 1.22506876e+01
    -4.93153000e+00 -5.28883934e-01 -1.39238274e+00 9.14017081e-01
    2.80583072e+00 -1.82917106e+00 -5.07162142e+00 1.15294409e+01
    -1.37727919e+01 7.16353607e+00 -1.83031008e-01 1.08768845e+00
    -1.67293489e+00 -3.31998110e-01 5.59753776e-01 3.87857103e+00
    -9.61997318e+00 1.25181656e+01 -6.73038864e+00 -2.10207343e+00
    2.24704170e+00 -2.86888659e-01 2.04110146e-01 -3.61120790e-01
    -1.63340533e+00 4.41322851e+00 -6.14246750e+00 2.91950226e+00
    2.71525764e+00 -2.81733131e+00 7.55600274e-01 -1.06304437e-01
    1.49299368e-01</data></vocabulary>
</opencv_storage>
