<?xml version="1.0"?>
<opencv_storage>
<vocabulary type_id="opencv-matrix">
  <rows>81</rows>
  <cols>1</cols>
  <dt>f</dt>
  <data>
    -4.59664226e-01 6.85468853e-01 -3.68582845e-01 -1.14328420e+00
    1.65761316e+00 -1.68308210e+00 1.14711034e+00 -6.27164781e-01
    -9.88359153e-02 6.72388256e-01 -8.59534562e-01 6.64728045e-01
    8.47367287e-01 -5.23727298e-01 9.18943346e-01 -7.92220056e-01
    3.03742677e-01 5.89451671e-01 -3.03456813e-01 3.21042717e-01
    -5.53300560e-01 6.43794477e-01 -2.76700544e+00 1.53087819e+00
    2.49556661e-01 -2.00010195e-01 -8.05898011e-01 -3.10490988e-02
    4.37079668e-01 -8.48744214e-01 6.37097538e-01 1.21742213e+00
    1.01602435e+00 -1.96823990e+00 6.98313713e-02 1.27142227e+00
    2.38677442e-01 -1.21750280e-01 2.53461897e-01 8.16407502e-02
    1.90455079e-01 -9.73464727e-01 1.02285504e+00 4.38449264e-01
    -1.52939487e+00 -3.60556319e-02 -1.08139372e+00 9.51777101e-01
    -1.19871354e+00 1.30327523e+00 6.93099439e-01 -8.71622920e-01
    -1.12489061e-02 1.28214133e+00 7.42625669e-02 1.35827851e+00
    -3.15733850e-01 -7.26944447e-01 3.77298295e-01 -1.27899110e+00
    1.76556373e+00 -9.26584959e-01 -1.43033609e-01 -3.11645091e-01
    -7.54700303e-01 -8.81996810e-01 2.32626224e+00 -1.20124257e+00
    2.55796045e-01 -1.13411844e+00 1.19060683e+00 -8.58211339e-01
    2.52112776e-01 1.08653225e-01 3.18503559e-01 -4.87691760e-01
    -1.63169876e-01 5.75134218e-01 1.65986851e-01 -5.41218102e-01
    4.77480918e-01</data></vocabulary>
</opencv_storage>
