<?xml version="1.0"?>
<opencv_storage>
<vocabulary type_id="opencv-matrix">
  <rows>81</rows>
  <cols>1</cols>
  <dt>f</dt>
  <data>
    -7.43892789e-02 4.71592456e-01 -1.03897774e+00 1.33378422e+00
    -1.29473019e+00 9.22052324e-01 -7.61946559e-01 5.01367688e-01
    -1.47461548e-01 1.24176897e-01 -9.11635697e-01 1.92435157e+00
    -2.14636016e+00 1.95499301e+00 -1.57525921e+00 1.46380496e+00
    -9.59065855e-01 3.13685387e-01 -3.16101164e-02 5.95304966e-01
    -1.31425142e+00 1.22460198e+00 -1.01175046e+00 9.31581199e-01
    -1.28934455e+00 7.97635615e-01 -2.68793643e-01 6.90781251e-02
    -5.25035083e-01 1.11208105e+00 -3.88046175e-01 -8.49685013e-01
    8.79182220e-01 3.44673663e-01 -4.55022484e-01 2.48735920e-01
    -1.09348364e-01 5.42286754e-01 -1.14346945e+00 -2.36428782e-01
    3.12344003e+00 -1.40093875e+00 -1.47070631e-01 3.42000872e-01
    -2.87347078e-01 1.37830213e-01 -8.31659317e-01 1.47989666e+00
    -3.68860364e-01 -8.06518316e-01 4.89607692e-01 5.37217498e-01
    -6.29109383e-01 3.20917040e-01 -1.70858338e-01 9.20146823e-01
    -1.42783237e+00 5.28078377e-01 5.72529733e-01 -7.02839494e-01
    -2.04649553e-01 5.01214266e-01 -1.80932462e-01 1.34848356e-01
    -3.93031180e-01 1.63030818e-01 7.06619680e-01 -1.48737717e+00
    1.37805533e+00 -6.92415059e-01 1.75584257e-01 -6.86441064e-02
    -2.73809452e-02 -2.76882090e-02 3.28312904e-01 -6.56029224e-01
    8.40041697e-01 -7.36906946e-01 4.88501817e-01 -2.19600230e-01
    7.76214078e-02</data></vocabulary>
</opencv_storage>
