<?xml version="1.0"?>
<opencv_storage>
<vocabulary type_id="opencv-matrix">
  <rows>81</rows>
  <cols>1</cols>
  <dt>f</dt>
  <data>
    9.78139305e+00 -1.73418484e+01 4.66666603e+00 6.47100258e+00
    -1.01967871e+00 3.31430912e+00 1.36162925e+00 2.97182488e+00
    -6.32017756e+00 -4.35759401e+00 -1.57744741e+00 4.48586082e+00
    4.47096014e+00 -8.86933422e+00 -6.81336355e+00 -2.37158132e+00
    5.10078526e+00 2.21871519e+00 2.66386843e+00 8.33106518e-01
    -6.05892181e-01 -1.34929886e+01 8.56579781e+00 7.76493549e+00
    -4.58992624e+00 3.97516179e+00 2.54309726e+00 7.77671158e-01
    4.14511532e-01 -2.00961614e+00 2.54815173e+00 5.78958941e+00
    -1.02158918e+01 -5.63495445e+00 8.14705372e+00 -9.24433422e+00
    3.60662103e+00 -1.12818890e+01 -4.01888132e+00 1.68652363e+01
    -6.08296490e+00 1.02964182e+01 -6.00118637e+00 7.09427547e+00
    -2.62381959e+00 7.02111435e+00 7.25891066e+00 -1.26366496e+00
    -4.23221111e+00 3.32115817e+00 -5.71613312e+00 -2.55820203e+00
    8.96308327e+00 -7.81237268e+00 -1.08181858e+01 3.35565615e+00
    -2.70589828e+00 5.70149481e-01 5.08371687e+00 -4.19391394e+00
    -2.37525582e+00 9.23124981e+00 5.36265373e+00 -3.78526759e+00
    8.26625061e+00 -7.36897659e+00 5.26945448e+00 -7.23803759e-01
    -6.30494308e+00 9.01712799e+00 -1.94412303e+00 -5.35612154e+00
    -1.64964020e-01 -2.11543989e+00 1.03098316e+01 -1.72399437e+00
    -3.94707227e+00 -7.85854387e+00 3.70594525e+00 -8.59624195e+00
    3.54511547e+00</data></vocabulary>
</opencv_storage>
