<?xml version="1.0"?>
<opencv_storage>
<vocabulary type_id="opencv-matrix">
  <rows>81</rows>
  <cols>1</cols>
  <dt>f</dt>
  <data>
    9.02701676e-01 -2.22648573e+00 2.06170249e+00 -1.17296267e+00
    1.07883084e+00 -1.40873063e+00 9.27527130e-01 -5.11163753e-03
    -2.05381334e-01 -1.43305337e+00 3.12942100e+00 -7.40868866e-01
    -3.10850668e+00 3.42658639e+00 -1.41415465e+00 1.17183363e+00
    -1.80130446e+00 1.26041234e+00 1.43694866e+00 -2.31183076e+00
    -2.84897327e+00 9.56685829e+00 -9.64727402e+00 4.77250195e+00
    -3.34145212e+00 3.51233792e+00 -2.49095201e+00 -1.36232805e+00
    9.79976892e-01 5.99990892e+00 -1.46287470e+01 1.20546379e+01
    -2.39110565e+00 -2.38068253e-01 -9.34009969e-01 1.33233523e+00
    9.71241891e-01 1.33958054e+00 -9.96533871e+00 2.05178318e+01
    -1.46223192e+01 1.81269312e+00 3.47069168e+00 -2.87109780e+00
    1.22499716e+00 5.67663550e-01 -5.42226028e+00 1.39583721e+01
    -2.33708000e+01 1.75139866e+01 -2.46285653e+00 -2.93075085e+00
    2.39614725e+00 -1.43976545e+00 -2.42029977e+00 9.48639297e+00
    -1.78626099e+01 2.56031685e+01 -1.93982067e+01 5.49013424e+00
    -4.59679842e-01 -1.19940408e-01 4.53161329e-01 2.51753068e+00
    -8.45122051e+00 1.42172241e+01 -1.86710758e+01 1.34145803e+01
    -3.67362261e+00 3.44272435e-01 6.44340515e-02 -2.36596212e-01
    -9.42537248e-01 3.04929829e+00 -4.70473719e+00 5.41860533e+00
    -3.20731735e+00 -7.19856247e-02 7.18674481e-01 -2.90448368e-01
    1.42701089e-01</data></vocabulary>
</opencv_storage>
