<?xml version="1.0"?>
<opencv_storage>
<vocabulary type_id="opencv-matrix">
  <rows>81</rows>
  <cols>1</cols>
  <dt>f</dt>
  <data>
    3.49810034e-01 1.99996382e-01 -1.14076924e+00 2.87633121e-01
    1.19216096e+00 -2.34992170e+00 1.39898300e+00 -1.24522495e+00
    1.37454784e+00 2.75451709e-02 -2.98237062e+00 5.41285801e+00
    -3.40755248e+00 -2.30843529e-01 3.74793124e+00 -1.50082111e+00
    -1.29879069e+00 -2.67955780e-01 1.03611505e+00 8.49516988e-01
    -3.88981509e+00 1.65235329e+00 1.40055633e+00 -1.07862949e+00
    -2.43472052e+00 2.27663422e+00 6.58120155e-01 -2.28472567e+00
    2.96675777e+00 1.48767710e+00 -9.60207224e-01 -1.62730825e+00
    -2.49038196e+00 6.25054789e+00 -1.94346637e-01 -3.10490847e+00
    1.44960690e+00 -7.20179439e-01 -4.25711012e+00 2.81398153e+00
    4.11066580e+00 -3.72659206e+00 1.71504343e+00 -5.78832579e+00
    4.08649445e+00 -1.73364624e-01 -3.12775636e+00 7.89982414e+00
    -6.60104132e+00 1.32883835e+00 1.35656357e+00 -5.92592001e-01
    4.25042677e+00 -1.16433322e+00 3.91470529e-02 2.10254693e+00
    -3.04609752e+00 3.55525231e+00 -6.81225181e-01 1.05204511e+00
    -3.21734595e+00 -1.98995984e+00 -6.08631611e-01 -9.87312615e-01
    1.86637902e+00 -4.09644461e+00 1.38480401e+00 -2.75502920e+00
    1.25390387e+00 1.89232230e-01 2.38825345e+00 1.35789084e+00
    8.20523918e-01 -1.65183830e+00 2.32722855e+00 -3.36110324e-01
    8.90882909e-01 -3.60445559e-01 4.85306531e-01 -5.52745163e-01
    -1.36171889e+00</data></vocabulary>
</opencv_storage>
