<?xml version="1.0"?>
<opencv_storage>
<vocabulary type_id="opencv-matrix">
  <rows>81</rows>
  <cols>1</cols>
  <dt>f</dt>
  <data>
    1.50053144e-01 3.10593575e-01 -1.10699165e+00 3.61359167e+00
    -1.66242647e+00 3.20993483e-01 -6.07698023e-01 3.57475567e+00
    -2.35007167e+00 -2.73270547e-01 -3.43087822e-01 -1.13607216e+00
    -3.00319767e+00 4.90724266e-01 4.37617689e-01 5.55541933e-01
    -5.78706598e+00 2.18891311e+00 1.24205995e+00 -7.52607107e-01
    2.16422844e+00 1.17102573e-02 -2.82591641e-01 1.18344581e+00
    1.60391462e+00 3.10432941e-01 1.02478707e+00 -1.32296181e+00
    1.24300253e+00 -9.59962308e-01 1.21679628e+00 -2.29184955e-01
    2.38042295e-01 -4.54847908e+00 1.85537100e+00 1.10632789e+00
    -8.77734050e-02 -6.89526141e-01 -3.93543877e-02 8.76817346e-01
    -4.85341579e-01 9.85636771e-01 2.97871470e+00 2.23602238e-03
    -4.18740559e+00 2.47789598e+00 -4.32319731e-01 -9.21394289e-01
    -1.22605360e+00 1.84559926e-01 1.20402384e+00 -4.34424114e+00
    2.58618689e+00 1.86836064e+00 -4.71218157e+00 4.90715218e+00
    -2.76000428e+00 1.72619784e+00 1.82609916e+00 -2.96086162e-01
    -3.47482532e-01 -2.57661200e+00 1.95925415e+00 2.33519602e+00
    -1.51067114e+00 -4.05704528e-01 3.32467651e+00 -6.92532206e+00
    3.31084251e-01 4.91122484e+00 -2.30783200e+00 -1.20429564e+00
    -1.17761421e+00 1.69816101e+00 -7.88650393e-01 -1.96955538e+00
    3.56408477e+00 1.17799270e+00 -3.36288142e+00 2.16436291e+00
    1.81663975e-01</data></vocabulary>
</opencv_storage>
