<?xml version="1.0"?>
<opencv_storage>
<vocabulary type_id="opencv-matrix">
  <rows>81</rows>
  <cols>1</cols>
  <dt>f</dt>
  <data>
    1.34201348e-01 -1.62166625e-01 -7.13543817e-02 1.86932594e-01
    2.51565844e-01 -7.89654851e-01 5.00568032e-01 4.36119772e-02
    -1.27592459e-01 -2.53428698e-01 8.62692237e-01 -1.02202952e+00
    5.46431601e-01 -3.91344368e-01 9.51227844e-01 -2.74336729e-02
    -1.27264047e+00 8.10656548e-01 3.21122408e-01 -1.55256975e+00
    2.04166985e+00 -1.51663291e+00 8.49226117e-01 -5.00364721e-01
    -1.76414514e+00 3.22396469e+00 -1.58487654e+00 -4.39448893e-01
    3.12063479e+00 -4.87296915e+00 4.73243809e+00 -4.50007915e+00
    2.58878922e+00 2.58145094e+00 -4.66500378e+00 2.09089422e+00
    -3.05738330e-01 -2.22508168e+00 3.83063102e+00 -4.80309296e+00
    8.05905724e+00 -4.70616961e+00 -2.31710577e+00 4.14774704e+00
    -1.70532644e+00 1.34432042e+00 5.59756458e-01 -2.16069794e+00
    4.51348400e+00 -8.88652420e+00 7.14433861e+00 5.40740073e-01
    -2.08632684e+00 5.92732370e-01 -1.50513697e+00 -1.39023900e-01
    1.44537079e+00 -3.68671489e+00 7.20064735e+00 -4.78099394e+00
    -1.71606612e+00 2.21970439e+00 -3.44844431e-01 6.34253263e-01
    1.31281897e-01 4.49488848e-01 -3.89338493e-01 -6.26699254e-02
    -2.01192498e+00 4.37744093e+00 -3.48199439e+00 9.41250622e-01
    1.27777666e-01 -4.69353586e-01 -1.59038186e-01 6.23856008e-01
    -1.27627289e+00 2.55460978e+00 -3.06029940e+00 2.21752858e+00
    -6.95816338e-01</data></vocabulary>
</opencv_storage>
