<?xml version="1.0"?>
<opencv_storage>
<vocabulary type_id="opencv-matrix">
  <rows>81</rows>
  <cols>1</cols>
  <dt>f</dt>
  <data>
    -6.85448479e-03 9.63768363e-02 -3.53551716e-01 3.48921716e-01
    -8.31512511e-02 -4.38749552e-01 9.26844716e-01 -8.38956416e-01
    3.78127426e-01 1.84983686e-02 -3.15863669e-01 9.50662017e-01
    -1.07240558e+00 7.45917201e-01 4.56551135e-01 -1.87376249e+00
    1.82932818e+00 -7.96376824e-01 3.90209071e-02 4.05744165e-01
    -1.15326881e+00 1.81149840e+00 -2.37431359e+00 1.10019946e+00
    3.94674599e-01 -1.04521525e+00 5.64345717e-01 -1.04377672e-01
    -2.29765281e-01 6.97741807e-01 -1.58879292e+00 2.62568903e+00
    -1.40283382e+00 4.21167344e-01 4.26306158e-01 -3.38392735e-01
    5.85463978e-02 5.25410809e-02 -1.75595079e-02 3.32615346e-01
    -2.72783842e-02 5.27665019e-01 1.27214193e-01 -8.28544140e-01
    4.94052321e-01 1.23210266e-01 -4.63082790e-01 3.75967860e-01
    -6.13597929e-01 1.35475659e+00 -5.01084149e-01 -6.37176812e-01
    1.12487292e+00 -6.11608982e-01 -2.78565526e-01 9.35310841e-01
    -1.35866940e+00 1.80141604e+00 -2.01896286e+00 8.08709979e-01
    5.64981401e-01 -1.01304972e+00 5.16207755e-01 3.36972475e-01
    -9.27125812e-01 1.15932107e+00 -1.43411052e+00 1.40734041e+00
    -6.23563409e-01 -4.54490662e-01 7.82360137e-01 -3.62315089e-01
    -1.76967874e-01 3.94054443e-01 -3.69183183e-01 4.50104773e-01
    -4.34686691e-01 1.10433824e-01 3.50116670e-01 -4.61751699e-01
    2.03539908e-01</data></vocabulary>
</opencv_storage>
