<?xml version="1.0"?>
<opencv_storage>
<vocabulary type_id="opencv-matrix">
  <rows>81</rows>
  <cols>1</cols>
  <dt>f</dt>
  <data>
    3.61676142e-02 -1.05057441e-01 -5.55090979e-02 2.75724500e-01
    -3.01417708e-01 4.02039558e-01 -1.62929341e-01 -1.00999229e-01
    4.12670784e-02 -1.66046128e-01 4.89157587e-01 -3.23352009e-01
    -1.77438632e-02 2.53235519e-01 -6.01594329e-01 3.38494092e-01
    5.26446365e-02 -2.27452279e-03 2.87516177e-01 -7.99353719e-01
    8.63426328e-01 -7.17602849e-01 -3.58315468e-01 7.58533239e-01
    -4.07419324e-01 -1.28026426e-01 -4.10861559e-02 -3.54177535e-01
    8.81025255e-01 -8.61815989e-01 6.99218690e-01 2.66981035e-01
    -9.26326960e-03 -1.11976929e-01 2.78794020e-01 1.07971415e-01
    1.81272581e-01 -4.87988591e-01 2.55949765e-01 -9.47086439e-02
    8.10200334e-01 -1.18137009e-01 1.98633790e-01 -2.54062802e-01
    -9.05628651e-02 9.54237580e-03 1.32008567e-01 7.10562989e-02
    -1.92992717e-01 5.42013288e-01 -1.17915325e-01 -2.26788938e-01
    2.19472393e-01 3.15377191e-02 -7.80019239e-02 1.57366455e-01
    -5.98752677e-01 9.43590641e-01 -1.10156584e+00 5.22079825e-01
    -1.66876465e-01 1.02655821e-01 -1.43270105e-01 1.32392675e-01
    -4.16870594e-01 7.52267540e-01 -1.08013892e+00 1.29438293e+00
    -1.15940261e+00 8.58102977e-01 -5.65063477e-01 2.98877567e-01
    -4.61043343e-02 1.88228175e-01 -4.28244412e-01 6.77235544e-01
    -7.50647604e-01 6.61900342e-01 -4.79027718e-01 2.94161379e-01
    -1.43663555e-01</data></vocabulary>
</opencv_storage>
