<?xml version="1.0"?>
<opencv_storage>
<vocabulary type_id="opencv-matrix">
  <rows>81</rows>
  <cols>1</cols>
  <dt>f</dt>
  <data>
    -4.69757877e-02 -4.24853444e-01 9.01914954e-01 -7.70888567e-01
    4.97756183e-01 -3.60010475e-01 -1.25737533e-01 3.47671300e-01
    -7.66222402e-02 4.88665432e-01 6.99031472e-01 -2.44649053e+00
    2.16198540e+00 -1.55192494e+00 1.29172254e+00 -6.27371743e-02
    -6.10072017e-01 1.20870836e-01 -1.14887965e+00 6.52189374e-01
    9.01927650e-02 3.07667375e-01 -7.14655221e-01 -1.00096531e-01
    -7.98485219e-01 1.47339916e+00 -4.06329632e-01 1.57216847e+00
    -1.70149469e+00 1.70567584e+00 -2.21574116e+00 3.03783059e+00
    -1.40537310e+00 1.94208527e+00 -2.41200137e+00 6.96426749e-01
    -1.74915648e+00 1.40818167e+00 -7.25695610e-01 1.19928277e+00
    2.48609543e-01 -1.04726839e+00 -7.22797394e-01 1.96886730e+00
    -5.42604923e-01 1.52619386e+00 -5.73008895e-01 -1.11650765e+00
    2.57005692e-01 -6.74222231e-01 2.87840843e+00 -8.80046487e-01
    -8.94277871e-01 1.31911084e-01 -1.02170563e+00 6.73288226e-01
    7.59068012e-01 5.34476101e-01 -1.10532260e+00 -1.23593903e+00
    5.90553582e-01 5.70205986e-01 2.86085773e-02 5.61338484e-01
    -1.30624425e+00 1.31555939e+00 -3.09673142e+00 3.76690340e+00
    -6.29158258e-01 -9.88516450e-01 4.22846168e-01 -3.00212264e-01
    -1.96652085e-01 6.45187914e-01 -9.68896031e-01 2.27133846e+00
    -2.94832134e+00 1.26295066e+00 1.89130247e-01 -1.70004085e-01
    7.48640597e-02</data></vocabulary>
</opencv_storage>
