<?xml version="1.0"?>
<opencv_storage>
<vocabulary type_id="opencv-matrix">
  <rows>81</rows>
  <cols>1</cols>
  <dt>f</dt>
  <data>
    -6.36068583e-02 1.34320363e-01 1.81775555e-01 -8.20692599e-01
    7.01531470e-01 -1.19920634e-01 -7.32472315e-02 5.39404973e-02
    7.42042437e-02 5.78214347e-01 -1.54058886e+00 2.70608592e+00
    -2.88399053e+00 2.75627589e+00 -1.53235686e+00 5.91095030e-01
    2.40254611e-01 -8.88399065e-01 1.45907745e-01 6.54024661e-01
    -5.15686035e+00 8.98513889e+00 -9.66232014e+00 5.35682106e+00
    -2.45347643e+00 -2.86870040e-02 1.94509530e+00 -1.71515262e+00
    3.96221828e+00 -2.96153903e+00 2.20705819e+00 1.12803078e+00
    -2.61430049e+00 1.97624540e+00 -9.48568523e-01 -1.47697377e+00
    2.69493461e+00 -8.68123817e+00 1.39880018e+01 -2.08495178e+01
    1.67657547e+01 -3.51035857e+00 -8.98448706e-01 2.91097689e+00
    -3.18303138e-01 -4.37675864e-01 3.06093073e+00 -7.75763655e+00
    1.63812332e+01 -1.21810799e+01 1.36868644e+00 2.06458068e+00
    -3.54265165e+00 8.96331608e-01 -4.11930799e+00 1.06998529e+01
    -1.20077744e+01 6.06911755e+00 -5.99426985e+00 5.56457806e+00
    -3.50448990e+00 2.38967586e+00 -1.97994456e-01 4.35614395e+00
    -1.20349836e+01 1.43827009e+01 -1.01276903e+01 7.70447874e+00
    -3.43729019e+00 7.98150718e-01 -2.88621336e-01 -4.58415329e-01
    -1.33245134e+00 3.70547700e+00 -4.19948244e+00 2.37410641e+00
    -1.08421719e+00 -4.90760297e-01 1.16429961e+00 -8.36969137e-01
    5.12980700e-01</data></vocabulary>
</opencv_storage>
