<?xml version="1.0"?>
<opencv_storage>
<vocabulary type_id="opencv-matrix">
  <rows>81</rows>
  <cols>1</cols>
  <dt>f</dt>
  <data>
    6.18313737e-02 -1.55071653e-02 2.70328283e-01 -5.65882683e-01
    4.99366373e-01 -1.75207481e-01 -1.72785483e-02 9.28349569e-02
    -3.98981832e-02 -1.43096730e-01 5.24675548e-02 -4.94673401e-01
    1.02119279e+00 -9.69466686e-01 4.59808767e-01 -1.65705681e-02
    -2.23624572e-01 1.03983544e-01 3.75602096e-01 -5.10599494e-01
    3.49920005e-01 -4.10682678e-01 -1.51860164e-02 1.36455651e-02
    -1.97359145e-01 3.27130854e-01 -1.54912665e-01 -4.78728980e-01
    7.79596210e-01 -3.98564786e-01 4.05185848e-01 4.55809355e-01
    -3.89081150e-01 4.35794085e-01 -4.52046841e-01 2.27200776e-01
    3.72243285e-01 -6.00578070e-01 5.17472508e-04 1.24819264e-01
    8.39297056e-01 3.42341587e-02 -4.05207008e-01 4.95952457e-01
    -2.72237867e-01 -1.98786288e-01 3.48529488e-01 4.14472595e-02
    -3.00034076e-01 3.44537973e-01 -1.42213866e-01 6.13379717e-01
    -7.10153818e-01 3.62865031e-01 1.15538314e-01 -1.99497536e-01
    5.58933653e-02 5.82432076e-02 -5.58797896e-01 1.00150919e+00
    -1.18593991e+00 7.94995248e-01 -3.11892062e-01 -1.13421880e-01
    1.98122129e-01 -2.76268780e-01 4.20580745e-01 -3.22678275e-02
    -6.72951341e-01 8.54176998e-01 -5.56932628e-01 1.82071358e-01
    3.61223966e-02 -4.99572903e-02 1.57935962e-01 -3.47687423e-01
    1.95191473e-01 1.62638798e-01 -2.80151486e-01 2.21058205e-01
    -8.03329945e-02</data></vocabulary>
</opencv_storage>
