<?xml version="1.0"?>
<opencv_storage>
<vocabulary type_id="opencv-matrix">
  <rows>81</rows>
  <cols>1</cols>
  <dt>f</dt>
  <data>
    -2.96972680e+00 1.55244148e+00 4.11219978e+00 -5.11804724e+00
    -5.33616781e+00 2.20585775e+00 9.17467296e-01 -1.52145493e+00
    7.95239305e+00 8.24882537e-02 5.08795691e+00 -1.74235034e+00
    1.56918707e+01 8.58573627e+00 -5.98626566e+00 -8.81902218e+00
    -4.22306299e+00 -1.43650484e+01 5.86209393e+00 -4.46435213e+00
    -2.69246078e+00 -1.13783379e+01 -7.75429440e+00 6.05728579e+00
    8.42346382e+00 1.10348158e+01 8.17698002e+00 -5.57116938e+00
    -1.21580734e+01 -5.44351482e+00 -2.53209043e+00 5.18506527e+00
    3.20983028e+00 -2.74142075e+00 -3.56595731e+00 -8.64210963e-01
    3.51716900e+00 1.41806812e+01 9.04557323e+00 3.18558025e+00
    1.38069737e+00 -9.13171196e+00 3.10425305e+00 -4.24921227e+00
    1.69633102e+00 3.05051744e-01 -5.35597658e+00 -4.22151208e-01
    -1.54331505e+00 2.98047113e+00 3.98305774e-01 2.74195147e+00
    3.78143716e+00 -7.98623848e+00 -1.35643542e+00 6.42832458e-01
    -3.95840263e+00 2.92041087e+00 -6.21034765e+00 4.46171141e+00
    -3.23138237e+00 -4.37379551e+00 8.76361752e+00 -4.91862893e-01
    1.97147870e+00 -5.30686080e-01 -7.93242693e-01 3.37249446e+00
    -1.11798096e+00 -3.54174137e+00 6.55382013e+00 -4.50730467e+00
    7.77753949e-01 -2.01421046e+00 2.17880678e+00 -7.44670331e-01
    -1.04532659e+00 -1.60463855e-01 3.79304242e+00 -4.28023529e+00
    1.40292954e+00</data></vocabulary>
</opencv_storage>
