<?xml version="1.0"?>
<opencv_storage>
<vocabulary type_id="opencv-matrix">
  <rows>81</rows>
  <cols>1</cols>
  <dt>f</dt>
  <data>
    6.35163933e-02 -9.96808335e-02 6.96801990e-02 -4.10607994e-01
    8.97044420e-01 -8.90624106e-01 1.04540157e+00 -7.85137415e-01
    2.32088760e-01 -8.85310546e-02 6.62703142e-02 9.35584307e-02
    5.34439683e-01 -1.32436419e+00 1.18326426e+00 -1.49668670e+00
    1.13317120e+00 -2.89667457e-01 7.59037724e-03 8.45083296e-02
    -4.02583443e-02 -4.04622853e-01 2.51901597e-01 6.84675574e-02
    2.47851953e-01 -4.01287943e-01 3.03151403e-02 2.83137169e-02
    1.04601290e-02 -5.23852289e-01 1.05201411e+00 -6.79069042e-01
    3.64119679e-01 -2.93031111e-02 3.28123122e-02 1.06248118e-01
    -1.84570357e-01 4.64542471e-02 7.62752056e-01 -1.82849669e+00
    2.76192617e+00 -6.07438385e-01 -3.35637122e-01 2.75661916e-01
    -1.06461786e-01 3.94003600e-01 -5.66155136e-01 8.53044614e-02
    6.60668015e-01 -2.04302445e-01 -7.69655764e-01 1.42961955e+00
    -1.06242502e+00 2.78716177e-01 -3.70997220e-01 9.76587057e-01
    -1.36386824e+00 1.17542863e+00 -1.40781903e+00 1.91044271e+00
    -2.29623747e+00 1.66154623e+00 -5.04788697e-01 2.76250601e-01
    -9.16087985e-01 1.41089511e+00 -1.36390066e+00 1.51014829e+00
    -2.07673168e+00 2.36643267e+00 -1.69954360e+00 5.54285944e-01
    -1.32110178e-01 3.94174367e-01 -5.56416750e-01 5.15245497e-01
    -5.60590327e-01 8.53540540e-01 -1.02815568e+00 7.43755639e-01
    -2.41201222e-01</data></vocabulary>
</opencv_storage>
