<?xml version="1.0"?>
<opencv_storage>
<vocabulary type_id="opencv-matrix">
  <rows>81</rows>
  <cols>1</cols>
  <dt>f</dt>
  <data>
    -2.31565475e+00 5.45852709e+00 3.45059991e+00 -2.09723568e+01
    2.35841637e+01 -1.49925356e+01 4.93057394e+00 4.77834558e+00
    -3.76162934e+00 7.86344349e-01 -3.93692166e-01 -2.37337418e+01
    5.73098907e+01 -4.44055786e+01 1.11898193e+01 -2.36992255e-01
    -5.23476267e+00 3.87733054e+00 4.76348363e-02 -2.96016842e-01
    2.71000881e+01 -5.99503899e+01 3.86505966e+01 -3.09655333e+00
    -3.41656756e+00 3.47443175e+00 -1.39121747e+00 -1.92952275e+00
    3.89989114e+00 -1.68076897e+01 2.76268082e+01 -1.04587622e+01
    -4.28234386e+00 1.45949805e-02 5.26699448e+00 -4.60171127e+00
    9.05561352e+00 -2.36125774e+01 2.00694313e+01 6.53654814e+00
    -2.26885109e+01 1.31477280e+01 4.27636480e+00 -1.27418385e+01
    8.55460262e+00 -1.69000664e+01 4.11999397e+01 -2.16392021e+01
    -3.21765213e+01 5.45071449e+01 -3.71097641e+01 1.28682394e+01
    1.93214667e+00 -3.07721162e+00 2.06415997e+01 -4.74019394e+01
    1.93752136e+01 4.14602966e+01 -6.23675461e+01 4.37504807e+01
    -2.00347786e+01 5.60675049e+00 -1.76910472e+00 -1.60464020e+01
    3.76402245e+01 -1.98288860e+01 -2.16562958e+01 3.42040253e+01
    -2.03711014e+01 6.88441706e+00 -7.26416528e-01 2.62231439e-01
    5.47832012e+00 -1.28823318e+01 8.67031479e+00 2.41560221e+00
    -5.68210888e+00 1.94587874e+00 6.79401219e-01 -1.21092176e+00
    5.98511457e-01</data></vocabulary>
</opencv_storage>
