<?xml version="1.0"?>
<opencv_storage>
<vocabulary type_id="opencv-matrix">
  <rows>81</rows>
  <cols>1</cols>
  <dt>f</dt>
  <data>
    -5.64868391e-01 1.42338657e+00 -1.45639479e+00 1.02980757e+00
    -6.54044092e-01 5.07975698e-01 -4.98190492e-01 3.25278580e-01
    -1.29966304e-01 1.55272818e+00 -3.73239231e+00 3.33843327e+00
    -1.72809803e+00 8.97689402e-01 -8.41059387e-01 1.06013644e+00
    -9.40005302e-01 4.31391507e-01 -2.32682371e+00 5.42768812e+00
    -4.16702843e+00 7.98371732e-01 -9.30438861e-02 7.53698707e-01
    -1.42628694e+00 1.51446116e+00 -6.98056459e-01 2.50801563e+00
    -5.68952036e+00 3.51879644e+00 1.05167508e+00 -9.19292331e-01
    -1.42990398e+00 2.33409309e+00 -2.13937092e+00 1.01173341e+00
    -2.30066586e+00 5.03772163e+00 -2.72758436e+00 -1.61096728e+00
    2.08944798e+00 2.51294303e+00 -3.56386614e+00 2.74969935e+00
    -1.31593859e+00 1.73318219e+00 -3.58063531e+00 1.32969260e+00
    1.92152953e+00 -6.05512619e-01 -2.68097401e+00 3.59663987e+00
    -2.73481011e+00 1.36583352e+00 -8.33438575e-01 1.49390566e+00
    2.20190346e-01 -2.14723492e+00 2.27342278e-01 2.82053947e+00
    -3.23214436e+00 2.21482730e+00 -1.17468846e+00 1.24650910e-01
    9.19276848e-03 -1.15373814e+00 2.27730918e+00 -1.07035685e+00
    -1.13163328e+00 1.54287815e+00 -1.09381795e+00 6.46637678e-01
    6.40349463e-02 -2.52098203e-01 7.32945323e-01 -1.23293149e+00
    9.81259823e-01 -2.68449813e-01 -1.98919754e-02 7.32717440e-02
    -8.63178447e-02</data></vocabulary>
</opencv_storage>
