<?xml version="1.0"?>
<opencv_storage>
<vocabulary type_id="opencv-matrix">
  <rows>81</rows>
  <cols>1</cols>
  <dt>f</dt>
  <data>
    -1.49522579e+00 5.51343203e+00 -3.39831114e+00 -4.33757877e+00
    -4.39735270e+00 1.59650755e+01 -1.12017794e+01 3.34253860e+00
    1.36294335e-01 6.14951754e+00 -1.94661274e+01 1.32872219e+01
    1.19749231e+01 7.92561769e+00 -3.71928902e+01 2.47204971e+01
    -7.20122814e+00 -4.80199218e-01 -5.31688070e+00 1.86752796e+01
    -1.19267063e+01 -1.81923370e+01 -3.06591558e+00 2.86927624e+01
    -1.08385649e+01 4.35892791e-01 1.93595326e+00 -2.62381077e+00
    -6.15923166e-01 -3.19282675e+00 2.22389965e+01 2.80465543e-01
    -1.05201893e+01 -1.31873941e+01 9.30798721e+00 -2.55644274e+00
    4.91163206e+00 -6.44063997e+00 8.87130070e+00 -2.05858955e+01
    -1.54970551e+00 1.12039185e+01 1.17144051e+01 -8.99445438e+00
    2.23645806e+00 -1.78661036e+00 3.24055481e+00 -7.52666426e+00
    1.82137985e+01 3.70500803e+00 -2.15667515e+01 6.19676495e+00
    4.47094488e+00 -3.56628299e+00 -1.04806252e-01 -4.50049847e-01
    4.55574894e+00 -1.29326115e+01 -3.07372713e+00 2.05251427e+01
    -1.18663502e+01 -1.26687777e+00 2.96651959e+00 1.81792486e+00
    -4.34037209e+00 3.20855021e+00 9.14526463e-01 4.51064253e+00
    -1.16656923e+01 8.24549580e+00 -2.15834737e+00 1.75530031e-01
    -1.94702482e+00 5.01210451e+00 -5.78264284e+00 5.01912451e+00
    -5.44731236e+00 6.60851097e+00 -5.41421270e+00 2.86188149e+00
    -1.09379673e+00</data></vocabulary>
</opencv_storage>
