<?xml version="1.0"?>
<opencv_storage>
<vocabulary type_id="opencv-matrix">
  <rows>81</rows>
  <cols>1</cols>
  <dt>f</dt>
  <data>
    -7.25105703e-02 3.70225072e-01 -4.35037434e-01 4.56985384e-01
    -3.26519251e-01 1.50796682e-01 -1.26339555e-01 9.89969671e-02
    -3.75593267e-02 9.21089873e-02 -7.08493054e-01 9.35577452e-01
    -9.48362231e-01 6.94410682e-01 -3.62208635e-01 3.89666826e-01
    -3.57580870e-01 1.36109605e-01 1.95142657e-01 2.26519346e-01
    -9.17711616e-01 9.58942533e-01 -8.95547807e-01 4.60455477e-01
    -5.50129056e-01 6.27114236e-01 -2.37398297e-01 -6.37835801e-01
    6.29427314e-01 4.54139411e-01 -5.65032840e-01 6.79864526e-01
    -3.52257997e-01 4.79619622e-01 -6.46249771e-01 2.29232863e-01
    7.01174974e-01 -8.54278803e-01 -3.28207791e-01 5.69483638e-01
    6.62610114e-01 2.80778974e-01 -6.00517571e-01 5.73010862e-01
    -1.94033995e-01 -7.68250704e-01 1.25717020e+00 -7.06112564e-01
    6.91842973e-01 -4.99609739e-01 2.16621190e-01 4.74795371e-01
    -6.29400313e-01 2.79573470e-01 6.06984913e-01 -1.14830530e+00
    9.65482831e-01 -1.04627383e+00 5.14237940e-01 1.76960647e-01
    -6.62628710e-01 7.47901142e-01 -3.82258534e-01 -3.29358131e-01
    6.92133725e-01 -6.41837001e-01 7.18009353e-01 -3.35434705e-01
    -4.03596014e-01 5.39714694e-01 -5.95218897e-01 3.48670810e-01
    1.32070944e-01 -2.85815537e-01 2.82893926e-01 -3.47695142e-01
    1.81082264e-01 1.64033711e-01 -1.89714253e-01 2.57016152e-01
    -1.74745798e-01</data></vocabulary>
</opencv_storage>
