<?xml version="1.0"?>
<opencv_storage>
<vocabulary type_id="opencv-matrix">
  <rows>81</rows>
  <cols>1</cols>
  <dt>f</dt>
  <data>
    -1.14021111e+00 2.96016455e+00 -3.96779728e+00 2.64296103e+00
    -1.00555289e+00 1.07062288e-01 3.36284429e-01 -3.34447026e-01
    -1.73669197e-02 3.07228017e+00 -8.10753727e+00 1.12175665e+01
    -8.12808800e+00 3.66293836e+00 -8.13693166e-01 -6.51110649e-01
    7.15786695e-01 3.71709652e-02 -4.00107813e+00 1.01882019e+01
    -1.38167686e+01 8.96984005e+00 -1.70374930e+00 -1.65715528e+00
    2.65462542e+00 -1.89055967e+00 3.76881599e-01 4.58660173e+00
    -1.05357924e+01 1.25491753e+01 -4.80137873e+00 -5.01122761e+00
    7.09686232e+00 -5.79450178e+00 3.31661773e+00 -8.38706255e-01
    -4.34148741e+00 8.17181301e+00 -7.51328659e+00 -2.12543106e+00
    1.47666206e+01 -1.46358547e+01 9.69181919e+00 -5.00196743e+00
    1.32958972e+00 3.20634222e+00 -3.05479693e+00 -2.18211937e+00
    1.25130043e+01 -2.26538448e+01 2.15925980e+01 -1.30029001e+01
    6.24389410e+00 -1.68540287e+00 -1.80952346e+00 1.97230086e-01
    5.48645782e+00 -1.34391174e+01 2.02276154e+01 -1.82196445e+01
    1.03186035e+01 -4.81411314e+00 1.23331404e+00 3.36386174e-01
    1.12439358e+00 -4.10034084e+00 7.40189552e+00 -9.81848526e+00
    7.94428301e+00 -3.71131492e+00 1.36663854e+00 -1.47315636e-01
    1.60780802e-01 -7.99383938e-01 1.49783790e+00 -2.33066201e+00
    3.03671026e+00 -2.37808108e+00 9.37588871e-01 -2.04141870e-01
    -9.09651294e-02</data></vocabulary>
</opencv_storage>
