<?xml version="1.0"?>
<opencv_storage>
<vocabulary type_id="opencv-matrix">
  <rows>81</rows>
  <cols>1</cols>
  <dt>f</dt>
  <data>
    5.36685623e-02 -9.68265906e-02 1.31358430e-01 -1.67206869e-01
    2.31078088e-01 -1.48627505e-01 3.07718456e-01 -2.01918274e-01
    5.43191209e-02 -9.56590846e-02 1.83200240e-01 -3.44444573e-01
    5.15383899e-01 -4.35406476e-01 1.45662636e-01 -3.77645552e-01
    1.51411042e-01 3.63606848e-02 1.76800698e-01 -3.20307285e-01
    2.97607660e-01 -1.73329666e-01 -6.75916612e-01 8.27570260e-01
    -5.05550504e-01 3.81214350e-01 -3.17045689e-01 -2.16291428e-01
    3.11187595e-01 8.63692723e-03 -5.16693771e-01 1.31566226e+00
    -7.89695978e-01 6.48896217e-01 -5.85013926e-01 4.48596656e-01
    5.84083050e-02 -5.14459647e-02 -2.08419621e-01 4.83498365e-01
    2.46334538e-01 3.53093505e-01 -1.29802465e-01 1.35996595e-01
    -2.48411566e-01 1.37046814e-01 -1.86740443e-01 7.92040974e-02
    -1.14336386e-02 2.58094758e-01 1.98658153e-01 -5.16616702e-01
    2.34267235e-01 9.31584537e-02 -1.07637562e-01 1.15761146e-01
    -1.93167105e-01 2.59716868e-01 -1.78480878e-01 -4.04154032e-01
    5.79876244e-01 -2.00852096e-01 -9.37978253e-02 1.65928066e-01
    -2.22916707e-01 1.13977231e-01 2.15152632e-02 -3.13720673e-01
    5.72330594e-01 -5.19981027e-01 1.43202990e-01 8.80277157e-02
    -1.04191020e-01 1.46554902e-01 -2.16239132e-02 -1.03199139e-01
    2.62977600e-01 -3.71331692e-01 3.38781983e-01 -1.54980570e-01
    -1.96229620e-03</data></vocabulary>
</opencv_storage>
