<?xml version="1.0"?>
<opencv_storage>
<vocabulary type_id="opencv-matrix">
  <rows>81</rows>
  <cols>1</cols>
  <dt>f</dt>
  <data>
    -9.97802019e-02 1.14847973e-01 1.93911880e-01 -6.07668698e-01
    1.06079447e+00 -1.33913970e+00 1.11376083e+00 -5.47310531e-01
    1.96068674e-01 -2.27705855e-02 2.09230199e-01 -2.34762564e-01
    -1.62012428e-02 -1.30839777e+00 3.04977083e+00 -2.68476367e+00
    1.13553691e+00 -2.10924149e-01 1.57391548e-01 -5.09598434e-01
    2.66410381e-01 6.07771158e-01 1.44701576e+00 -4.58450174e+00
    3.87158537e+00 -1.52399027e+00 9.65926349e-02 -1.62812427e-01
    4.24725384e-01 5.78737199e-01 -2.41870499e+00 5.45568585e-01
    2.39002419e+00 -2.07712746e+00 6.68505788e-01 2.24806651e-01
    2.80801803e-02 -9.46875140e-02 -1.96611595e+00 4.78637791e+00
    -2.31447697e+00 9.71579552e-01 -1.92211688e-01 1.90832764e-01
    -4.34553146e-01 -4.66247588e-01 1.23771095e+00 2.77258843e-01
    -2.59810972e+00 1.84491670e+00 2.12265134e-01 -1.05447221e+00
    8.01804900e-01 -8.61696899e-02 1.11568177e+00 -2.88128805e+00
    2.31505847e+00 -6.42210960e-01 1.01895952e+00 -2.64060807e+00
    3.11800385e+00 -2.27522659e+00 8.17956209e-01 -9.70485628e-01
    2.48903704e+00 -2.45847940e+00 1.39324176e+00 -1.52524543e+00
    2.20217919e+00 -2.39398885e+00 1.73377001e+00 -6.56431735e-01
    4.00685817e-01 -9.93088603e-01 1.02106225e+00 -6.35793149e-01
    6.02103531e-01 -6.59693539e-01 6.07236624e-01 -3.72048974e-01
    1.21528111e-01</data></vocabulary>
</opencv_storage>
