<?xml version="1.0"?>
<opencv_storage>
<vocabulary type_id="opencv-matrix">
  <rows>81</rows>
  <cols>1</cols>
  <dt>f</dt>
  <data>
    -8.45009327e-01 1.62478054e+00 2.40835476e+00 -5.53556967e+00
    -3.48555708e+00 1.03473473e+01 -6.12519693e+00 4.56117964e+00
    -2.86897779e+00 2.52195406e+00 -5.52535772e+00 -1.17396593e+00
    5.98698664e+00 1.04535131e+01 -1.76388073e+01 5.52061176e+00
    -4.96957970e+00 4.81190825e+00 -1.23525703e+00 3.16722441e+00
    6.54663706e+00 -1.36281614e+01 -4.67514849e+00 9.29624367e+00
    2.43774772e+00 3.09483862e+00 -5.03252506e+00 -1.53634691e+00
    1.80501342e+00 -1.09751759e+01 1.50402241e+01 4.50796938e+00
    -5.12223148e+00 -7.07828617e+00 -1.91723609e+00 5.31529713e+00
    2.85824227e+00 -4.47983980e+00 8.81991577e+00 -7.21378851e+00
    -8.46029091e+00 5.62231970e+00 6.68665600e+00 2.96585417e+00
    -6.32379484e+00 -3.98559237e+00 8.04462433e+00 -7.58272839e+00
    -1.84933648e-01 1.34088888e+01 -6.50552177e+00 -5.13599586e+00
    -3.77439737e+00 6.74766159e+00 5.61532784e+00 -1.28970575e+01
    1.19206047e+01 -2.57198620e+00 -6.49258614e+00 -4.86682922e-01
    8.36052227e+00 -6.78987131e-02 -3.84565759e+00 -5.92621136e+00
    1.42959146e+01 -1.52120781e+01 9.28042507e+00 -6.91382790e+00
    1.43254786e+01 -1.69468784e+01 7.20444012e+00 -4.97875482e-01
    3.11145520e+00 -7.90587378e+00 9.50351906e+00 -7.60740423e+00
    7.51966381e+00 -1.14262962e+01 1.12085390e+01 -4.93050528e+00
    7.96519220e-01</data></vocabulary>
</opencv_storage>
