<?xml version="1.0"?>
<opencv_storage>
<vocabulary type_id="opencv-matrix">
  <rows>81</rows>
  <cols>1</cols>
  <dt>f</dt>
  <data>
    2.83975244e-01 -9.74951088e-01 1.16555274e+00 -1.50328946e+00
    1.68137598e+00 -1.53899896e+00 7.55115688e-01 1.21939152e-01
    -3.83712739e-01 -6.20445788e-01 2.19098330e+00 -2.45369458e+00
    2.98351860e+00 -2.67447042e+00 1.87181866e+00 -3.51043306e-02
    -1.71980584e+00 1.56422198e+00 5.93741894e-01 -2.02281904e+00
    1.30149174e+00 -3.86348933e-01 -1.06571126e+00 1.71787417e+00
    -1.54593170e+00 1.59877968e+00 -1.59421480e+00 -9.27918255e-01
    2.36373019e+00 -1.61003876e+00 1.61832854e-01 1.02114856e+00
    -6.99967921e-01 -7.92764306e-01 1.47784603e+00 2.57650167e-01
    1.03181052e+00 -2.43535352e+00 2.61153936e+00 -1.68878007e+00
    1.86262262e+00 -4.85897720e-01 2.39437675e+00 -3.61088204e+00
    8.88538241e-01 -1.05138779e-01 4.54189420e-01 -3.75097603e-01
    -1.03385448e+00 1.74658048e+00 -2.60079408e+00 -5.20074785e-01
    3.21795058e+00 -1.16291583e+00 9.40459371e-02 -9.78790760e-01
    -1.23374023e-01 2.13320780e+00 -2.61616635e+00 3.38291931e+00
    -4.98113424e-01 -2.25936437e+00 1.13878834e+00 -2.17827410e-01
    1.69154823e+00 -7.73985147e-01 -1.87264010e-01 1.51065841e-01
    -6.91775143e-01 -2.59162307e-01 1.31182659e+00 -7.33124971e-01
    2.62093186e-01 -1.24183643e+00 9.84083652e-01 -8.56572270e-01
    9.94913220e-01 -7.22346127e-01 5.92444777e-01 -6.29143596e-01
    3.06037784e-01</data></vocabulary>
</opencv_storage>
