<?xml version="1.0"?>
<opencv_storage>
<vocabulary type_id="opencv-matrix">
  <rows>81</rows>
  <cols>1</cols>
  <dt>f</dt>
  <data>
    -1.37044239e+00 3.06529665e+00 -1.76418734e+00 1.35449529e+00
    -6.65060878e-01 -1.10459352e+00 -6.63089752e-02 1.45763469e+00
    -2.31096238e-01 5.03155112e-01 -1.64169943e+00 -4.23281193e-01
    -8.06227803e-01 1.23301372e-01 2.58724141e+00 -2.49597716e+00
    2.27780628e+00 -1.89052165e+00 -2.87401736e-01 2.79663014e+00
    -3.72230458e+00 5.57453918e+00 -3.29506254e+00 -5.96277654e-01
    4.44886351e+00 -5.35914040e+00 2.99590564e+00 -1.91178858e+00
    1.74352133e+00 1.95504073e-02 4.86058205e-01 -2.00605297e+00
    -7.51290172e-02 9.30043340e-01 -1.74544370e+00 -7.38734484e-01
    2.39480758e+00 -1.39119375e+00 -4.28048708e-02 -2.98655659e-01
    2.83622026e+00 1.46703398e+00 -1.00673687e+00 3.70374203e+00
    -7.62143731e-01 -1.15142250e+00 -5.89550197e-01 -8.66723657e-01
    -2.74407554e+00 -1.20015824e+00 -3.73567075e-01 2.39592528e+00
    -6.89389133e+00 2.58155608e+00 -7.24593699e-01 1.82832479e-01
    4.47946161e-01 4.87592602e+00 -1.71647251e+00 1.44103563e+00
    -1.74689281e+00 3.00859427e+00 -1.18528306e+00 1.22716892e+00
    1.33348489e+00 8.22415531e-01 -2.04781651e+00 7.04276621e-01
    1.26968816e-01 -6.29837215e-01 6.13142811e-02 5.71824014e-01
    1.24451196e+00 -5.54258347e+00 3.84548593e+00 -1.74168098e+00
    -8.67125154e-01 1.61364865e+00 -4.22048092e-01 -1.14880848e+00
    1.04720199e+00</data></vocabulary>
</opencv_storage>
