<?xml version="1.0"?>
<opencv_storage>
<vocabulary type_id="opencv-matrix">
  <rows>81</rows>
  <cols>1</cols>
  <dt>f</dt>
  <data>
    1.78710632e+01 -2.22701092e+01 -8.53303790e-01 2.91730042e+01
    -2.40634041e+01 2.11204643e+01 1.26054726e+01 -2.91696949e+01
    1.69881523e+00 -1.91077366e+01 1.61617794e+01 1.11003418e+01
    -4.00141449e+01 2.36770134e+01 -1.76266594e+01 -7.78520346e+00
    1.85528622e+01 2.77269721e+00 8.22169685e+00 5.99665737e+00
    3.15910268e+00 -7.20082855e+00 -1.18877859e+01 1.78645687e+01
    -2.29930515e+01 1.26816263e+01 -9.92982578e+00 -6.44837284e+00
    -2.72373390e+01 -5.23243809e+00 5.70196800e+01 -3.25072795e-01
    2.59565425e+00 2.08756180e+01 -5.18703103e-01 1.77473223e+00
    7.15599203e+00 1.39389915e+01 -1.49458714e+01 3.23837805e+00
    -3.12223969e+01 -2.17149563e+01 -9.24388027e+00 -3.12766094e+01
    2.81799431e+01 6.24063492e+00 -2.86199379e+01 3.36023331e+01
    -3.22010918e+01 6.45491180e+01 1.19879875e+01 1.20504522e+01
    -3.26161742e+00 -7.25722933e+00 -1.07464380e+01 8.09187927e+01
    -6.89669037e+01 -3.53881378e+01 -2.20553184e+00 -4.78423424e+01
    4.76011314e+01 5.09462023e+00 -1.56819143e+01 -1.93757572e+01
    -3.57378502e+01 5.71441879e+01 4.26825180e+01 1.55569592e+01
    -4.31986351e+01 2.93600750e+01 2.75492358e+00 -1.12434292e+01
    2.81924973e+01 -3.00950470e+01 2.08767643e+01 -6.03020401e+01
    2.73412495e+01 -3.49712753e+00 -4.97069073e+00 -2.62348804e+01
    2.57078362e+01</data></vocabulary>
</opencv_storage>
