<?xml version="1.0"?>
<opencv_storage>
<vocabulary type_id="opencv-matrix">
  <rows>81</rows>
  <cols>1</cols>
  <dt>f</dt>
  <data>
    -7.34249830e-01 9.36680079e-01 -8.48948359e-02 -8.29900384e-01
    1.75697017e+00 -1.99015749e+00 1.51308680e+00 -7.54509151e-01
    4.50695306e-01 9.80475366e-01 -5.49190342e-01 -8.90105784e-01
    2.13163996e+00 -3.54134583e+00 3.63281536e+00 -2.74059749e+00
    1.98284590e+00 -1.54690957e+00 -4.55491811e-01 -3.93281817e-01
    1.20732427e+00 -1.66896701e+00 1.83050478e+00 -1.01910555e+00
    5.87887585e-01 -1.79258394e+00 2.11393952e+00 3.04036755e-02
    8.01650941e-01 -1.53199708e+00 2.46474791e+00 -2.16613817e+00
    -7.14778453e-02 4.50350761e-01 1.53303647e+00 -1.90869272e+00
    -8.72626230e-02 -6.56722486e-01 1.26660573e+00 -2.75168657e+00
    3.81195784e+00 3.96031499e-01 -4.50128168e-01 -1.83749628e+00
    1.83435404e+00 5.66012919e-01 -4.44784522e-01 9.60939005e-03
    5.76005638e-01 4.23855931e-01 -3.43880773e+00 2.62067699e+00
    2.58905947e-01 -9.41738725e-01 -7.11426079e-01 9.42702889e-01
    7.24051297e-02 -1.16063334e-01 -2.02392769e+00 5.60344315e+00
    -4.51618671e+00 1.24157405e+00 -5.65573238e-02 3.67399424e-01
    -1.65268630e-01 -1.75561142e+00 2.50303674e+00 -4.18305933e-01
    -3.07687664e+00 2.77655983e+00 -8.84058893e-01 2.72609800e-01
    -1.71299860e-01 1.02197610e-01 5.13866365e-01 -7.18777120e-01
    4.69965935e-02 1.03498590e+00 -9.56687808e-01 3.99655044e-01
    -1.99562907e-01</data></vocabulary>
</opencv_storage>
