<?xml version="1.0"?>
<opencv_storage>
<vocabulary type_id="opencv-matrix">
  <rows>81</rows>
  <cols>1</cols>
  <dt>f</dt>
  <data>
    -1.69472408e+00 1.75317383e+00 3.90303791e-01 -3.30001616e+00
    3.52954960e+00 9.03995574e-01 -8.48388433e-01 5.05831540e-01
    -1.22792745e+00 3.66635990e+00 -2.77361989e+00 -8.11887205e-01
    6.26975918e+00 -6.87114668e+00 -4.80119562e+00 1.03360856e+00
    2.23282194e+00 2.06057811e+00 -5.09607697e+00 2.40522861e+00
    -1.36707318e+00 -1.49853155e-01 4.77488756e+00 6.70793629e+00
    -2.19520760e+00 -3.67823792e+00 -1.62036622e+00 4.88145065e+00
    2.13663125e+00 -2.41214442e+00 -1.97502041e+00 -5.74306631e+00
    -3.01823020e+00 2.09253597e+00 4.84287167e+00 -4.24082726e-01
    -3.90346861e+00 -6.12335539e+00 6.26342249e+00 1.69904637e+00
    6.22568035e+00 1.35835803e+00 -7.22785473e-01 -4.94410801e+00
    -3.92185926e-01 3.86474729e+00 5.25030899e+00 -3.78169799e+00
    -6.36572695e+00 3.42190337e+00 -7.41606426e+00 2.30773997e+00
    7.44702101e-01 5.11346054e+00 -2.40220070e+00 -4.64304543e+00
    2.26736999e+00 6.30244637e+00 -6.23289776e+00 9.39513016e+00
    -3.56884503e+00 2.76854563e+00 -6.23605251e+00 1.83834684e+00
    -1.53267607e-01 -2.91311830e-01 -1.13950253e-01 1.17361724e+00
    -5.04675198e+00 3.15352488e+00 -3.61102629e+00 3.58133960e+00
    -1.40103507e+00 2.37678552e+00 -1.01598823e+00 -7.24702239e-01
    -4.26740259e-01 2.32102609e+00 -2.14731145e+00 2.43272090e+00
    -1.36381328e+00</data></vocabulary>
</opencv_storage>
