<?xml version="1.0"?>
<opencv_storage>
<vocabulary type_id="opencv-matrix">
  <rows>81</rows>
  <cols>1</cols>
  <dt>f</dt>
  <data>
    3.12426180e-01 1.21443748e+01 -1.50576992e+01 -2.09373403e+00
    2.05642567e+01 -2.66032963e+01 2.53579655e+01 -2.48912106e+01
    9.45951080e+00 -7.42350292e+00 -9.45385361e+00 1.95684052e+01
    1.18468170e+01 -4.15650635e+01 4.08858185e+01 -3.10499611e+01
    2.53189487e+01 -7.30596113e+00 1.45946712e+01 6.32391596e+00
    -2.63290138e+01 5.03786469e+00 2.36278133e+01 -1.20868378e+01
    4.38596344e+00 -1.32333183e+01 6.73138523e+00 -2.64465618e+01
    3.85684991e+00 9.86710167e+00 8.28358841e+00 -5.18890572e+01
    4.00850601e+01 -2.64017944e+01 3.50478020e+01 -1.93942261e+01
    1.48273802e+01 2.70315914e+01 -3.15275669e+01 1.03761530e+01
    4.37823143e+01 -3.73781586e+01 2.40667171e+01 -4.12567482e+01
    2.22920132e+01 -5.10596323e+00 -3.47267303e+01 1.79492493e+01
    3.93885398e+00 -3.76120033e+01 5.20219326e+00 1.22937613e+01
    3.57243690e+01 -2.06562519e+01 3.67668152e+00 1.28924294e+01
    -1.35670459e+00 -3.72674179e+00 2.50287895e+01 1.32568436e+01
    -3.11270790e+01 -2.03275604e+01 1.44280720e+01 3.91926599e+00
    -1.20867004e+01 2.43719425e+01 -2.88929977e+01 5.67400074e+00
    -8.99449062e+00 1.22048817e+01 1.44778728e+01 -1.06909056e+01
    -1.77418268e+00 5.48574924e+00 -1.43748198e+01 1.34510403e+01
    1.09166336e+00 -1.36527128e+01 1.61841526e+01 -1.76820621e+01
    8.20205593e+00</data></vocabulary>
</opencv_storage>
