<?xml version="1.0"?>
<opencv_storage>
<vocabulary type_id="opencv-matrix">
  <rows>81</rows>
  <cols>1</cols>
  <dt>f</dt>
  <data>
    -5.35372853e-01 1.28993070e+00 -4.96054590e-01 -1.34823275e+00
    1.99926555e+00 -2.03234315e+00 2.12408781e+00 -2.16672015e+00
    1.10758615e+00 2.15121865e+00 -4.70808697e+00 3.99367124e-01
    7.83727217e+00 -1.10742121e+01 1.14399986e+01 -1.09939871e+01
    1.03848858e+01 -5.40644932e+00 -3.67653608e+00 7.43843985e+00
    1.97271883e+00 -1.80763702e+01 2.38277111e+01 -2.41063709e+01
    2.27963028e+01 -2.10976963e+01 1.09334068e+01 2.04454660e+00
    -2.54376435e+00 -9.55993176e+00 2.63898296e+01 -2.87896690e+01
    2.41684132e+01 -2.22865829e+01 2.22354717e+01 -1.17147312e+01
    5.37992656e-01 -4.23152351e+00 1.56041775e+01 -2.73993874e+01
    2.46368122e+01 -1.25503292e+01 1.12215405e+01 -1.54720421e+01
    8.77623177e+00 -1.93001539e-01 2.91780615e+00 -9.21643543e+00
    1.31301126e+01 -4.23861694e+00 -8.48813915e+00 6.08860588e+00
    4.23487806e+00 -4.06429148e+00 -7.25010157e-01 1.93149328e-01
    3.59859914e-01 2.86699510e+00 -1.45213642e+01 2.66650982e+01
    -2.09821205e+01 6.28743553e+00 -4.75706488e-01 4.61047977e-01
    -2.34292895e-01 9.71928418e-01 -4.75329685e+00 1.31770658e+01
    -2.14507694e+01 1.72244644e+01 -6.79496431e+00 1.57114458e+00
    -2.10655347e-01 2.77791679e-01 -6.61989927e-01 1.96496904e+00
    -4.53683519e+00 7.00932264e+00 -5.63494492e+00 2.40314388e+00
    -6.74926758e-01</data></vocabulary>
</opencv_storage>
