<?xml version="1.0"?>
<opencv_storage>
<vocabulary type_id="opencv-matrix">
  <rows>81</rows>
  <cols>1</cols>
  <dt>f</dt>
  <data>
    -1.66894123e-01 -5.84821987e+00 1.74392509e+01 -2.02353172e+01
    1.49070129e+01 -1.12807474e+01 8.17038727e+00 -4.59206486e+00
    1.44741952e+00 -7.47299492e-01 2.61602669e+01 -7.04664993e+01
    7.40336380e+01 -4.55256157e+01 2.65845623e+01 -1.58045082e+01
    8.48035812e+00 -2.73568845e+00 -4.21175241e-01 -4.83093109e+01
    1.34215530e+02 -1.32547424e+02 6.20315170e+01 -1.93817196e+01
    2.67303729e+00 2.31796169e+00 -8.31886709e-01 8.33670318e-01
    5.18957291e+01 -1.47557251e+02 1.28010803e+02 -1.73420105e+01
    -3.53950615e+01 3.56325073e+01 -2.27703629e+01 6.57304955e+00
    -3.65730673e-01 -3.82961388e+01 1.13621864e+02 -6.76202164e+01
    -7.11678848e+01 1.18795792e+02 -8.40784988e+01 4.44503746e+01
    -1.25526419e+01 2.65307689e+00 2.04302464e+01 -7.40592422e+01
    2.51272678e+01 1.03189217e+02 -1.34925644e+02 8.48434830e+01
    -4.01265144e+01 1.12159824e+01 -3.45580316e+00 -6.45177746e+00
    3.72001610e+01 -3.25010419e+00 -8.04555435e+01 9.30754776e+01
    -4.85149765e+01 1.67145405e+01 -4.12555027e+00 1.89675641e+00
    2.64130330e+00 -1.95264511e+01 1.67883885e+00 4.26171341e+01
    -4.61140823e+01 1.78237553e+01 -1.62462568e+00 -5.63541315e-02
    -3.98816884e-01 -1.73875713e+00 8.07517529e+00 -3.38092852e+00
    -9.73657131e+00 1.06682901e+01 -1.77614748e+00 -1.86540413e+00
    5.34747064e-01</data></vocabulary>
</opencv_storage>
