<?xml version="1.0"?>
<opencv_storage>
<vocabulary type_id="opencv-matrix">
  <rows>81</rows>
  <cols>1</cols>
  <dt>f</dt>
  <data>
    -1.03099716e+00 2.30701947e+00 -1.24118185e+00 -6.38434649e-01
    6.82614505e-01 5.17407171e-02 2.39410162e-01 -9.27262068e-01
    4.27721590e-01 3.36048770e+00 -7.57934427e+00 4.56319380e+00
    8.95389438e-01 -1.12412083e+00 -1.35670829e+00 6.18389487e-01
    1.98560250e+00 -6.52203143e-01 -5.98098850e+00 1.36445951e+01
    -8.52636433e+00 -1.16952860e+00 1.78398657e+00 3.03869772e+00
    -2.14921618e+00 -2.87068367e+00 7.83120871e-01 9.25136662e+00
    -2.06539955e+01 1.44401035e+01 -5.81024766e-01 -1.98643541e+00
    -2.83539581e+00 2.48824030e-01 5.27544594e+00 -1.95651722e+00
    -1.29753418e+01 2.87291355e+01 -2.23706055e+01 4.76223564e+00
    2.19982767e+00 8.01166296e-01 4.82526302e+00 -9.06546116e+00
    3.74460816e+00 1.23941040e+01 -2.82168922e+01 2.09736271e+01
    -1.60555351e+00 -8.70410538e+00 1.30567942e+01 -1.75961971e+01
    1.58342752e+01 -6.56839848e+00 -9.54268360e+00 2.28798084e+01
    -1.52790098e+01 -3.11357665e+00 1.69922810e+01 -2.73852978e+01
    2.93227863e+01 -2.19809437e+01 9.45963001e+00 5.00548077e+00
    -1.24107885e+01 6.59819174e+00 5.55451059e+00 -1.51240549e+01
    2.22413502e+01 -2.18656845e+01 1.50393457e+01 -6.41399336e+00
    -6.02248728e-01 1.62053323e+00 5.06258488e-01 -4.15156126e+00
    6.74237537e+00 -8.00427055e+00 6.84547853e+00 -3.99306560e+00
    1.50858223e+00</data></vocabulary>
</opencv_storage>
