<?xml version="1.0"?>
<opencv_storage>
<vocabulary type_id="opencv-matrix">
  <rows>81</rows>
  <cols>1</cols>
  <dt>f</dt>
  <data>
    -2.83084273e+00 1.75159302e+01 -4.05856857e+01 7.02089157e+01
    -9.71616211e+01 1.01037689e+02 -8.52206879e+01 5.48895035e+01
    -1.63356075e+01 8.14072990e+00 -4.94397697e+01 9.92222214e+01
    -1.25310425e+02 1.28952560e+02 -1.15645912e+02 9.64246063e+01
    -7.23926926e+01 2.61208916e+01 -8.53168964e+00 5.22446518e+01
    -9.14332733e+01 7.70368195e+01 -3.52598152e+01 1.33512602e+01
    -1.97520390e+01 3.93699760e+01 -2.13736115e+01 3.08974037e+01
    -1.35859909e+02 2.33240829e+02 -1.83196457e+02 5.38156166e+01
    4.75462799e+01 -9.10780334e+01 4.33851624e+01 -3.63896918e+00
    -6.42833252e+01 2.57502106e+02 -4.47418579e+02 3.72348083e+02
    -1.45274063e+02 -6.20742340e+01 1.96371384e+02 -1.38414230e+02
    3.44461250e+01 6.54906998e+01 -2.59375671e+02 4.51336884e+02
    -3.58504364e+02 1.04240875e+02 1.29102051e+02 -2.83999817e+02
    2.10661453e+02 -6.02414169e+01 -4.81877136e+01 1.90994385e+02
    -3.28622986e+02 2.23293427e+02 1.45359077e+01 -2.17463394e+02
    3.44235992e+02 -2.54937500e+02 7.78126984e+01 2.49579926e+01
    -1.02412071e+02 1.77367218e+02 -1.06811897e+02 -4.25097084e+01
    1.61553757e+02 -2.31556412e+02 1.70908798e+02 -5.27427406e+01
    -4.70530462e+00 2.22526646e+01 -4.00879364e+01 1.93564701e+01
    2.17614193e+01 -4.89319229e+01 6.18138237e+01 -4.46909332e+01
    1.35453186e+01</data></vocabulary>
</opencv_storage>
