<?xml version="1.0"?>
<opencv_storage>
<vocabulary type_id="opencv-matrix">
  <rows>81</rows>
  <cols>1</cols>
  <dt>f</dt>
  <data>
    3.09372604e-01 -1.05792844e+00 9.55370188e-01 -5.90660870e-01
    9.16561246e-01 -1.05502307e+00 5.87278366e-01 -2.50454187e-01
    2.17914358e-02 -1.01903427e+00 2.94835281e+00 -2.77631021e+00
    2.87429643e+00 -4.36882114e+00 4.47707415e+00 -2.23622775e+00
    5.54952681e-01 -3.57799232e-02 3.36095095e+00 -7.20607996e+00
    4.20679092e+00 -2.89862752e+00 5.40609789e+00 -6.21019506e+00
    2.94514060e+00 -6.01187348e-01 9.70392823e-02 -5.45612478e+00
    1.04465914e+01 -2.70232272e+00 -1.19706929e+00 -3.12445593e+00
    5.64846325e+00 -2.34190416e+00 1.76894411e-01 -5.07617332e-02
    5.76909399e+00 -1.13852081e+01 1.97045779e+00 4.21493530e+00
    1.10306847e+00 -3.31589508e+00 1.06835485e+00 2.13798031e-01
    -3.12738746e-01 -5.69101048e+00 1.28674726e+01 -5.88603687e+00
    -1.75086713e+00 2.19743282e-01 2.82131410e+00 -1.94533014e+00
    5.02728105e-01 5.59532225e-01 4.76267147e+00 -1.17922010e+01
    7.55255127e+00 -7.40902305e-01 1.22628525e-01 -1.65604210e+00
    1.60282135e+00 -5.58505833e-01 -5.67653537e-01 -2.79123235e+00
    7.15249777e+00 -5.10194016e+00 1.13010430e+00 -1.66534916e-01
    4.31027323e-01 -2.61817485e-01 3.05855498e-02 2.26291269e-01
    9.03637707e-01 -2.13973832e+00 1.08578610e+00 6.46015227e-01
    -1.24804342e+00 1.20983899e+00 -8.06064308e-01 9.72751230e-02
    9.21687335e-02</data></vocabulary>
</opencv_storage>
