<?xml version="1.0"?>
<opencv_storage>
<vocabulary type_id="opencv-matrix">
  <rows>81</rows>
  <cols>1</cols>
  <dt>f</dt>
  <data>
    2.15299487e+00 -4.57182407e+00 5.70541286e+00 -9.27025127e+00
    1.61396523e+01 -1.45436707e+01 -1.46938550e+00 1.08844986e+01
    -4.90334129e+00 -4.95109844e+00 6.38317871e+00 -4.69906187e+00
    1.15181417e+01 -1.99174633e+01 1.55664930e+01 9.15462399e+00
    -2.71327534e+01 1.35115185e+01 1.33581865e+00 -4.88558769e-01
    2.28605056e+00 -9.82194710e+00 1.27948723e+01 -5.57034636e+00
    -6.67065239e+00 1.71230164e+01 -1.08343801e+01 8.86207294e+00
    -1.23711491e+01 -5.62364101e-01 1.38838558e+01 -1.76695824e+01
    4.14421225e+00 -5.79665041e+00 1.16673222e+01 -9.16094542e-01
    -1.02732220e+01 1.59378910e+01 -1.06035414e+01 -3.03438640e+00
    1.54106712e+01 1.52925003e+00 4.25448895e+00 -1.92014980e+01
    2.66089606e+00 3.75416017e+00 -1.03181200e+01 2.76104774e+01
    -1.44605083e+01 -1.72108231e+01 4.69900179e+00 7.36225471e-02
    1.01344872e+01 4.43410587e+00 6.89019024e-01 4.87338454e-02
    -1.58626204e+01 5.87891150e+00 2.15802555e+01 -9.05855179e+00
    -6.52213395e-01 -4.54276228e+00 -5.42438173e+00 -1.95995915e+00
    6.37420464e+00 -5.66566706e+00 6.96709061e+00 -8.54249191e+00
    -3.48942280e+00 9.26504326e+00 -4.12527323e+00 2.55123639e+00
    8.63498688e-01 -3.37125039e+00 5.65829515e+00 -3.47985196e+00
    -3.32434130e+00 9.38839912e+00 -1.00413094e+01 6.01746702e+00
    -1.10897398e+00</data></vocabulary>
</opencv_storage>
