<?xml version="1.0"?>
<opencv_storage>
<vocabulary type_id="opencv-matrix">
  <rows>81</rows>
  <cols>1</cols>
  <dt>f</dt>
  <data>
    -2.21028113e+00 5.72211695e+00 -9.58661079e+00 1.34438486e+01
    -1.22600002e+01 9.69748974e+00 -9.76519775e+00 7.57354307e+00
    -2.58606029e+00 3.21583724e+00 -8.50555992e+00 1.42543869e+01
    -1.80003128e+01 1.39768085e+01 -1.23423576e+01 1.66755047e+01
    -1.41285162e+01 4.79585600e+00 5.63331395e-02 1.51001021e-01
    -3.26093364e+00 5.05961180e+00 -6.43374264e-01 3.27075171e+00
    -1.23815899e+01 9.08625984e+00 -1.41922295e+00 -4.71715784e+00
    1.14167051e+01 -1.32598553e+01 1.64138279e+01 -2.19427319e+01
    1.49323378e+01 -1.06860578e+00 3.27795482e+00 -4.92912483e+00
    1.41167963e+00 -2.70624590e+00 2.16941118e+00 -6.33308411e+00
    1.66693382e+01 -1.21595650e+01 3.23732567e+00 -1.00434723e+01
    8.86480999e+00 4.19191360e+00 -1.15494061e+01 1.50244064e+01
    -1.03321657e+01 -1.71582806e+00 3.74102712e+00 -2.30900145e+00
    1.38010569e+01 -1.11125660e+01 -2.92331409e+00 7.88306904e+00
    -1.15682907e+01 9.96897411e+00 -3.16036910e-01 -3.75131297e+00
    5.57632351e+00 -1.44756775e+01 1.03177919e+01 7.21475244e-01
    -1.59502494e+00 3.95453072e+00 -4.74664974e+00 -2.45996070e+00
    8.50931072e+00 -1.10722694e+01 1.35131721e+01 -7.80643749e+00
    -2.81385332e-01 5.61745942e-01 -1.35359228e+00 1.34795821e+00
    2.69577694e+00 -6.59805965e+00 7.39358807e+00 -6.65040970e+00
    3.29314494e+00</data></vocabulary>
</opencv_storage>
