<?xml version="1.0"?>
<opencv_storage>
<vocabulary type_id="opencv-matrix">
  <rows>81</rows>
  <cols>1</cols>
  <dt>f</dt>
  <data>
    -1.10526788e+00 1.66705906e+00 -1.80802965e+00 2.67136931e+00
    -3.38157940e+00 5.39810944e+00 -8.34403419e+00 6.79546547e+00
    -2.20301008e+00 1.92724216e+00 -2.38026166e+00 2.04488778e+00
    -3.83880258e+00 6.07724142e+00 -1.11517391e+01 1.87577076e+01
    -1.59689627e+01 5.29225397e+00 -1.47254300e+00 8.00330579e-01
    6.78359449e-01 -3.48533779e-01 -2.91635990e-01 4.41850471e+00
    -1.31495256e+01 1.18427954e+01 -3.61951685e+00 1.28170133e+00
    -1.82955414e-01 -2.52126622e+00 5.16617393e+00 -8.53894329e+00
    7.24634027e+00 1.52047276e+00 -2.93105602e+00 1.50901586e-01
    -1.76788986e+00 1.99434519e+00 -2.59990305e-01 -2.92066884e+00
    8.09898090e+00 -6.63850784e+00 -1.55513585e-01 1.11829925e+00
    6.37454450e-01 2.20719552e+00 -4.21505499e+00 4.69923258e+00
    -2.97866130e+00 -7.64375091e-01 1.34499681e+00 3.47775602e+00
    -3.24849439e+00 2.42612362e-01 -1.15693045e+00 2.90366721e+00
    -4.24357986e+00 2.88377285e+00 1.23613691e+00 -1.01964664e+00
    -4.43572712e+00 4.24580383e+00 -8.91379416e-01 -1.79065660e-01
    1.91868693e-01 2.36705672e-02 1.77670693e+00 -5.23111582e+00
    3.67846346e+00 1.98070848e+00 -2.70593333e+00 6.64210975e-01
    3.22953731e-01 -6.55203998e-01 4.50250268e-01 -1.03574526e+00
    2.42282271e+00 -1.55019474e+00 -1.14735091e+00 1.55501711e+00
    -4.62568283e-01</data></vocabulary>
</opencv_storage>
