<?xml version="1.0"?>
<opencv_storage>
<vocabulary type_id="opencv-matrix">
  <rows>81</rows>
  <cols>1</cols>
  <dt>f</dt>
  <data>
    -2.66045308e+00 6.75272512e+00 -7.12771988e+00 4.46918392e+00
    -5.81179380e-01 -4.83796406e+00 6.13261318e+00 -3.44034624e+00
    1.25182676e+00 3.69866657e+00 -8.16608047e+00 9.23123646e+00
    -7.67797375e+00 4.86946249e+00 1.76666975e+00 -4.59575224e+00
    3.24103069e+00 -1.97159410e+00 -2.61775279e+00 3.85957360e+00
    -1.34765446e+00 -3.34859204e+00 9.67655301e-01 2.49830794e+00
    -2.76790047e+00 1.59025812e+00 8.44786048e-01 1.17376983e+00
    -6.46166742e-01 -2.98457003e+00 6.43442678e+00 -4.16227722e+00
    5.89800894e-01 2.63476044e-01 -1.04241145e+00 -7.96153843e-01
    8.78617823e-01 -2.57099700e+00 2.29314756e+00 2.42044044e+00
    -1.41077840e+00 -7.96980262e-01 1.97680938e+00 2.93178439e-01
    1.70258999e-01 -2.43657565e+00 5.37239408e+00 -3.21478248e+00
    -5.79323673e+00 6.83144712e+00 -2.01037121e+00 -7.83624710e-04
    -1.81034362e+00 1.34857595e+00 2.27815771e+00 -4.04087830e+00
    4.02972507e+00 -2.97811121e-01 -3.73105794e-01 -1.71013761e+00
    1.21858490e+00 2.11976051e+00 -2.10702276e+00 -8.47536504e-01
    3.59436333e-01 -5.47618195e-02 -1.35146940e+00 3.25870037e-01
    2.61051512e+00 -1.94465303e+00 -1.35256708e+00 1.58191001e+00
    4.38233428e-02 5.40903151e-01 -1.59098005e+00 3.32148600e+00
    -3.03356242e+00 1.23894250e+00 -9.97411251e-01 1.57987428e+00
    -9.52337563e-01</data></vocabulary>
</opencv_storage>
