<?xml version="1.0"?>
<opencv_storage>
<vocabulary type_id="opencv-matrix">
  <rows>81</rows>
  <cols>1</cols>
  <dt>f</dt>
  <data>
    1.38250068e-01 1.80314139e-01 -1.22267854e+00 2.59050202e+00
    -3.54285598e+00 2.68193960e+00 -1.60415435e+00 5.96016228e-01
    -4.02207859e-02 -1.74279034e-01 -2.36772820e-02 -9.89611685e-01
    1.71584308e+00 2.08023980e-01 -2.16308260e+00 1.92725360e+00
    -1.45915116e-03 -3.30578595e-01 -2.63112068e-01 2.59024620e-01
    2.30654097e+00 -3.88316536e+00 -3.08895577e-02 2.47773266e+00
    -2.17184313e-02 -2.32413340e+00 1.19982064e+00 1.03912163e+00
    -2.51805377e+00 1.21227384e+00 1.35996294e+00 1.14703619e+00
    -2.94545436e+00 -7.44089127e-01 3.33209252e+00 -1.68328476e+00
    -1.62781131e+00 4.51481056e+00 -3.94845033e+00 1.34238160e+00
    -1.55873787e+00 3.51677275e+00 9.53359365e-01 -3.64492464e+00
    2.02038693e+00 9.61832225e-01 -3.66102338e+00 4.14316654e+00
    -2.28696299e+00 2.46787071e+00 -1.70913434e+00 -2.07557201e+00
    3.54302430e+00 -1.76740539e+00 -3.02879512e-01 2.78840780e+00
    -4.02487612e+00 2.76985145e+00 -2.50408959e+00 1.56651884e-02
    3.40781808e+00 -3.46151829e+00 1.28084135e+00 -1.38123870e-01
    -7.02364028e-01 9.96955156e-01 -2.84821421e-01 1.70660406e-01
    1.15677476e+00 -2.74041128e+00 2.17176437e+00 -6.18533969e-01
    1.06685333e-01 -2.02923104e-01 4.70108747e-01 -8.55033278e-01
    9.92844403e-01 -1.19927585e+00 1.26997495e+00 -8.03780138e-01
    1.92251801e-01</data></vocabulary>
</opencv_storage>
