<?xml version="1.0"?>
<opencv_storage>
<vocabulary type_id="opencv-matrix">
  <rows>81</rows>
  <cols>1</cols>
  <dt>f</dt>
  <data>
    1.24538291e+00 -3.30545139e+00 4.97494841e+00 -6.99263144e+00
    8.25204945e+00 -7.28910589e+00 4.65969324e+00 -1.99927568e+00
    5.14249742e-01 -2.05885530e+00 5.46345377e+00 -5.38844013e+00
    5.29444790e+00 -9.11747169e+00 1.06394920e+01 -7.30749559e+00
    3.56786704e+00 -9.75176573e-01 1.85994244e+00 -4.82008028e+00
    1.75720966e+00 6.05541803e-02 7.54995823e+00 -1.21983414e+01
    8.61890888e+00 -4.32620001e+00 8.33249331e-01 -1.76671281e-01
    2.78240353e-01 5.97690630e+00 -1.01885929e+01 1.47319984e+00
    5.23362494e+00 -4.23223877e+00 2.44149542e+00 -7.24559799e-02
    -1.09493887e+00 3.20052218e+00 -1.09580135e+01 1.57702894e+01
    -6.15338182e+00 -2.71974325e-01 2.16270542e+00 -2.01169753e+00
    -5.06988764e-02 2.53975183e-01 -1.00832081e+00 5.83538437e+00
    -7.71412706e+00 1.62423968e+00 3.01873851e+00 -3.40611076e+00
    1.29357064e+00 6.15020573e-01 5.86235106e-01 -1.33476460e+00
    -1.30992985e+00 2.21823144e+00 9.79859412e-01 -2.84062624e+00
    1.58649576e+00 1.30987370e+00 -1.71054173e+00 -2.98518240e-01
    7.00115502e-01 9.27578211e-01 -1.80510163e+00 4.98276263e-01
    -3.14800471e-01 1.01334000e+00 -2.27516222e+00 1.67194772e+00
    3.41851920e-01 -7.64158428e-01 6.23122215e-01 -6.08452797e-01
    6.27666950e-01 1.36161059e-01 -6.57443047e-01 9.75399375e-01
    -6.28416121e-01</data></vocabulary>
</opencv_storage>
