<?xml version="1.0"?>
<opencv_storage>
<vocabulary type_id="opencv-matrix">
  <rows>81</rows>
  <cols>1</cols>
  <dt>f</dt>
  <data>
    -2.32560635e-02 2.03108653e-01 -3.49034190e-01 9.92367789e-02
    6.85330033e-02 3.94080542e-02 -2.97869503e-01 7.03726768e-01
    -4.32233602e-01 9.03005227e-02 -5.41691720e-01 7.01572657e-01
    1.03954613e-01 -4.65274453e-01 5.41651398e-02 6.47061467e-01
    -1.60277081e+00 1.02260828e+00 -1.20878175e-01 8.67066443e-01
    -7.93104351e-01 -8.57226968e-01 1.41843748e+00 -1.03692460e+00
    -4.87892814e-02 1.44368339e+00 -1.08541667e+00 2.02941179e-01
    -1.32026231e+00 1.07836163e+00 1.44310486e+00 -2.45657516e+00
    2.16379595e+00 -6.39716029e-01 -1.19570637e+00 1.05505097e+00
    -4.26973224e-01 1.91576457e+00 -2.08678174e+00 -6.91814005e-01
    3.20304561e+00 -1.73279440e+00 2.61270821e-01 1.11784935e+00
    -9.43421662e-01 6.14871204e-01 -2.33813405e+00 2.59353924e+00
    8.85803699e-02 -1.07953358e+00 4.73832667e-01 7.15222955e-01
    -1.49855959e+00 1.02768385e+00 -8.35189104e-01 2.69575214e+00
    -3.29670858e+00 1.73823023e+00 -1.17327797e+00 1.64927948e+00
    -2.12685871e+00 2.03732204e+00 -1.15594387e+00 7.66534567e-01
    -2.26930761e+00 3.07463574e+00 -2.75618291e+00 2.56186056e+00
    -3.01472068e+00 2.78841710e+00 -1.96108603e+00 9.68778431e-01
    -3.01038176e-01 9.18216109e-01 -1.36010456e+00 1.37868714e+00
    -1.35281694e+00 1.59823179e+00 -1.41611779e+00 9.09317493e-01
    -4.19124931e-01</data></vocabulary>
</opencv_storage>
