<?xml version="1.0"?>
<opencv_storage>
<vocabulary type_id="opencv-matrix">
  <rows>81</rows>
  <cols>1</cols>
  <dt>f</dt>
  <data>
    3.02173439e-02 -1.76033974e-01 4.10965174e-01 -6.15661323e-01
    6.72391951e-01 -5.30915320e-01 1.27001941e-01 1.96100567e-02
    -1.92315094e-02 2.11341158e-02 -1.27545297e-01 3.36726569e-02
    5.93643725e-01 -1.25262976e+00 1.35397446e+00 -5.37280500e-01
    6.59793615e-02 6.97581917e-02 -6.86114728e-02 6.36363864e-01
    -1.19276607e+00 4.47517604e-01 7.40198731e-01 -1.52458060e+00
    7.11757183e-01 -8.68914127e-02 -1.51826143e-01 2.28776738e-01
    -7.83288121e-01 1.06256402e+00 -1.54501945e-01 -6.74397290e-01
    1.16356671e+00 -5.53284287e-01 1.25794083e-01 1.83462963e-01
    -4.50074643e-01 9.39381599e-01 -9.09606934e-01 -2.89889455e-01
    2.32853746e+00 -1.04553366e+00 3.07755381e-01 -9.49905738e-02
    -1.83113664e-01 5.23167908e-01 -7.60735929e-01 3.51956725e-01
    3.45391482e-01 -6.93227291e-01 8.37162912e-01 -4.45498258e-01
    1.21898189e-01 1.18052252e-01 -4.84449297e-01 4.29647952e-01
    2.96054959e-01 -4.21155989e-01 -1.00582644e-01 -2.52321899e-01
    4.60856229e-01 -1.42560467e-01 -9.72590372e-02 3.07402790e-01
    -3.40872854e-01 -5.58050089e-02 -8.15459937e-02 5.17284393e-01
    -2.84331679e-01 3.30300890e-02 -2.22344205e-01 1.85863093e-01
    -5.30262366e-02 7.79739022e-02 -4.58311737e-02 2.00791121e-01
    -3.84205759e-01 3.00543904e-01 -1.93425342e-01 1.98426723e-01
    -9.66107175e-02</data></vocabulary>
</opencv_storage>
