<?xml version="1.0"?>
<opencv_storage>
<vocabulary type_id="opencv-matrix">
  <rows>81</rows>
  <cols>1</cols>
  <dt>f</dt>
  <data>
    4.16591120e+00 -1.26247339e+01 1.66388969e+01 -1.96871147e+01
    1.23983583e+01 1.10651083e+01 -1.67533722e+01 3.47010803e+00
    9.06872213e-01 -5.31508780e+00 1.66354790e+01 -2.05376434e+01
    2.61496944e+01 -1.47356787e+01 -2.24452419e+01 3.10641041e+01
    -9.29260445e+00 -3.58380198e-01 4.50725466e-01 -2.15275693e+00
    -2.16317773e+00 2.01902819e+00 -9.18515396e+00 2.98447704e+01
    -3.44483490e+01 1.69688072e+01 -2.93175077e+00 3.35109305e+00
    -8.72677994e+00 1.30655613e+01 -1.08011608e+01 8.33915710e+00
    -1.30453043e+01 1.99776134e+01 -1.60285931e+01 5.25888014e+00
    -2.53241873e+00 7.06082582e+00 -1.05553484e+01 1.05685425e+01
    -7.07082272e-01 -5.81538105e+00 -2.83959317e+00 1.05892296e+01
    -5.90419340e+00 -5.17084837e-01 1.20618320e+00 4.50283241e+00
    -1.31292009e+01 3.31502175e+00 1.37304153e+01 -6.06174088e+00
    -9.93513393e+00 8.61067390e+00 3.26402450e+00 -8.99900818e+00
    -1.38405073e+00 2.08026505e+01 -1.27483549e+01 -1.00113707e+01
    6.30558252e+00 1.12503386e+01 -1.01713467e+01 -3.89707971e+00
    1.06177645e+01 -2.88086057e+00 -1.41433153e+01 1.09852562e+01
    3.54242754e+00 -2.25826955e+00 -7.31658459e+00 5.69840288e+00
    1.80627716e+00 -4.88344002e+00 2.90624285e+00 2.67413449e+00
    -1.97543120e+00 -2.16791654e+00 1.83685350e+00 6.56669378e-01
    -6.39400780e-01</data></vocabulary>
</opencv_storage>
