<?xml version="1.0"?>
<opencv_storage>
<vocabulary type_id="opencv-matrix">
  <rows>81</rows>
  <cols>1</cols>
  <dt>f</dt>
  <data>
    -1.60286486e+00 3.76012349e+00 -5.46555233e+00 3.57009625e+00
    -3.12684149e-01 1.17442024e+00 -1.02976179e+00 -1.20536280e+00
    9.96482134e-01 3.56862068e+00 -1.09996185e+01 1.84466515e+01
    -1.32004519e+01 2.74157548e+00 -5.05081892e+00 6.56871033e+00
    -1.37671337e-01 -1.66296148e+00 -3.46056175e+00 1.04897614e+01
    -2.01988087e+01 1.40638361e+01 1.61222947e+00 4.89014149e+00
    -1.17954493e+01 2.15685630e+00 2.05511522e+00 1.27709997e+00
    -3.39877456e-01 1.00585043e+00 5.30053902e+00 -1.89249210e+01
    2.59559751e+00 1.38976078e+01 -2.47289610e+00 -3.53950906e+00
    1.97955942e+00 -1.02128887e+01 1.94554310e+01 -2.78385601e+01
    3.99314842e+01 -1.35757627e+01 -1.05314865e+01 -1.75262690e+00
    6.33455753e+00 -9.79899287e-01 8.31507397e+00 -2.03498592e+01
    3.26262398e+01 -4.45361671e+01 2.16430283e+01 3.54159921e-01
    8.97245789e+00 -8.21880436e+00 -2.43805456e+00 -1.01603830e+00
    1.35828648e+01 -3.01313000e+01 4.41989250e+01 -2.90084496e+01
    1.30270195e+01 -1.52079592e+01 8.40456772e+00 2.43430662e+00
    -7.46766984e-01 -8.09460640e+00 2.22898140e+01 -3.55602150e+01
    2.79002762e+01 -1.74624443e+01 1.44406528e+01 -6.43463802e+00
    -8.23917389e-01 8.19175169e-02 3.50107551e+00 -9.96962833e+00
    1.57843990e+01 -1.39542990e+01 1.08704967e+01 -8.07728291e+00
    3.03383684e+00</data></vocabulary>
</opencv_storage>
