<?xml version="1.0"?>
<opencv_storage>
<vocabulary type_id="opencv-matrix">
  <rows>81</rows>
  <cols>1</cols>
  <dt>f</dt>
  <data>
    5.19477017e-03 -1.28707513e-01 1.74826518e-01 5.48781514e-01
    -1.70247662e+00 2.76084113e+00 -4.01573992e+00 3.43750000e+00
    -1.05119526e+00 2.78070360e-01 -4.83930856e-01 3.95958781e-01
    -1.56984556e+00 3.70300055e+00 -5.44287586e+00 7.36452723e+00
    -6.67095613e+00 1.92842364e+00 -6.81094289e-01 8.07598829e-01
    2.49220192e-01 -5.91816604e-01 -2.74995893e-01 2.42432976e+00
    -6.43148422e+00 6.87081623e+00 -1.91631758e+00 1.14443028e+00
    -1.31362450e+00 -4.11514193e-01 1.95554078e+00 -2.09865475e+00
    9.96917188e-01 3.53190494e+00 -5.18215322e+00 1.39388525e+00
    -1.18296981e+00 1.64818609e+00 -8.32305327e-02 -1.14426661e+00
    1.14196682e+00 7.07860589e-02 -6.44121468e-01 1.07143915e+00
    4.12038952e-01 1.05046296e+00 -1.54225230e+00 -3.23415786e-01
    1.54504514e+00 3.97506744e-01 2.30444476e-01 -2.26470590e+00
    2.38854647e+00 -1.96161890e+00 -8.10916841e-01 8.44376385e-01
    1.24294019e+00 -1.74925709e+00 -1.14157271e+00 4.49324436e-02
    3.45839810e+00 -3.89046240e+00 2.27935648e+00 8.82506669e-01
    -1.08152807e+00 -6.46778762e-01 6.08524382e-01 2.01247168e+00
    -2.75959641e-01 -4.24667406e+00 5.01028824e+00 -2.41535664e+00
    -4.68732953e-01 7.13806748e-01 -7.28224739e-02 2.90792644e-01
    -1.59857023e+00 6.33616626e-01 1.77417946e+00 -2.39194417e+00
    1.18546689e+00</data></vocabulary>
</opencv_storage>
