<?xml version="1.0"?>
<opencv_storage>
<vocabulary type_id="opencv-matrix">
  <rows>81</rows>
  <cols>1</cols>
  <dt>f</dt>
  <data>
    -8.78561914e-01 2.35360980e+00 -3.27509069e+00 4.01105547e+00
    -4.40049076e+00 3.83519626e+00 -3.08122277e+00 2.46507764e+00
    -1.21217966e+00 1.87039351e+00 -4.80105782e+00 6.68658161e+00
    -8.43264771e+00 9.17909527e+00 -7.73224878e+00 6.44529963e+00
    -5.66449833e+00 2.91037750e+00 -2.29365721e-01 5.29698133e-01
    -1.08177519e+00 3.25844383e+00 -4.54558563e+00 3.32634854e+00
    -3.21079946e+00 4.29464483e+00 -2.57487154e+00 -3.19391084e+00
    7.77923727e+00 -9.97101402e+00 7.74010134e+00 -4.94196701e+00
    4.30377913e+00 -2.30007839e+00 -1.43264723e+00 1.58313441e+00
    3.40107369e+00 -8.00145721e+00 9.10035610e+00 -5.17324734e+00
    3.60468149e+00 -2.24180007e+00 8.65880489e-01 2.26543570e+00
    -1.93849003e+00 -1.27899289e+00 2.57503724e+00 -8.31000984e-01
    -4.72020149e+00 6.95522928e+00 -6.21908998e+00 4.57123423e+00
    -4.44328356e+00 2.62778878e+00 5.07602990e-01 -6.75855279e-01
    -1.43052042e+00 5.94492292e+00 -8.14382362e+00 7.94547510e+00
    -5.45221567e+00 3.91603827e+00 -2.09083843e+00 -7.66146958e-01
    1.42197597e+00 -6.38590097e-01 -1.26435316e+00 2.83829856e+00
    -3.80720830e+00 2.62060547e+00 -1.71861327e+00 8.93900216e-01
    3.94898683e-01 -7.98275530e-01 6.97965503e-01 -3.74322504e-01
    -2.67559648e-01 1.06324089e+00 -7.83293903e-01 4.96567070e-01
    -2.63587058e-01</data></vocabulary>
</opencv_storage>
