<?xml version="1.0"?>
<opencv_storage>
<vocabulary type_id="opencv-matrix">
  <rows>81</rows>
  <cols>1</cols>
  <dt>f</dt>
  <data>
    3.75536472e-01 1.19043970e+00 8.02483499e-01 2.87665486e+00
    -2.62919998e+00 -3.45115876e+00 2.46932125e+00 3.74963117e+00
    -2.86864161e+00 1.02458298e+00 2.47493672e+00 -1.08078032e+01
    -3.44236088e+00 3.74766397e+00 9.25014496e+00 -4.67741013e+00
    -2.59108138e+00 1.85321558e+00 -3.51264167e+00 -1.92273784e+00
    8.46163177e+00 2.02746153e+00 -4.36855268e+00 -4.39729929e+00
    6.90267205e-01 -2.61053991e+00 3.57197261e+00 3.62205410e+00
    -3.13757634e+00 2.43137527e+00 5.27949047e+00 3.33562088e+00
    -8.20790291e+00 9.11112213e+00 -3.82457542e+00 -2.27888823e+00
    -8.42859268e+00 3.71493602e+00 -2.17308569e+00 -1.64098148e+01
    9.30766869e+00 2.96553898e+00 -6.62825406e-02 9.17488277e-01
    2.31005096e+00 1.64378242e+01 -4.53353500e+00 7.34890175e+00
    7.15833950e+00 1.59665883e+00 -1.48946915e+01 1.31680012e+01
    -1.27567368e+01 -2.07738042e+00 -1.49616652e+01 -6.19605541e-01
    -4.03581667e+00 -5.13044643e+00 -1.09340799e+00 8.87482166e+00
    -7.18505287e+00 2.18341565e+00 1.12646942e+01 6.85271740e+00
    1.80380869e+00 3.92162013e+00 -8.15941334e-01 4.95776325e-01
    -2.61761045e+00 5.90342474e+00 4.07022858e+00 -1.22533302e+01
    -7.45663047e-01 -2.77328610e+00 2.32215500e+00 -3.11088753e+00
    4.74362993e+00 -1.43421412e+00 -4.11436415e+00 -1.83847117e+00
    4.08173656e+00</data></vocabulary>
</opencv_storage>
