<?xml version="1.0"?>
<opencv_storage>
<vocabulary type_id="opencv-matrix">
  <rows>81</rows>
  <cols>1</cols>
  <dt>f</dt>
  <data>
    2.38189387e+00 -3.65073061e+00 6.49626553e-01 1.07495892e+00
    -4.79826003e-01 -1.33539975e-01 2.63598084e+00 -4.19471693e+00
    1.97845399e+00 -5.65525150e+00 6.42716360e+00 4.68129921e+00
    -1.05203524e+01 1.21744976e+01 -1.02137098e+01 -2.37222266e+00
    9.85962582e+00 -4.75362253e+00 7.06703138e+00 -8.01133442e+00
    -7.76848316e+00 1.39952841e+01 -1.47379389e+01 1.52466335e+01
    -3.34500599e+00 -7.08324432e+00 4.35507250e+00 -6.80573940e+00
    8.79046059e+00 6.53995323e+00 -1.04291744e+01 9.35525799e+00
    -1.64178848e+01 1.29622040e+01 -1.08091843e+00 -2.17091537e+00
    5.23892546e+00 -8.04320621e+00 -3.35023594e+00 3.63878298e+00
    2.26529598e+00 8.38745022e+00 -1.11399918e+01 1.47173417e+00
    2.16978741e+00 -2.92983127e+00 5.06354237e+00 2.50969124e+00
    3.35173830e-02 -7.96115780e+00 -2.04581782e-01 5.20032740e+00
    1.66680849e+00 -3.26882291e+00 1.24138486e+00 -6.71652079e-01
    -6.99302959e+00 6.11216545e+00 2.19343081e-01 4.57342386e+00
    -6.40228987e+00 -1.92580178e-01 2.38115740e+00 3.06404710e-01
    -3.34121418e+00 1.02669306e+01 -1.10849304e+01 7.16017485e+00
    -8.11095047e+00 6.61922741e+00 -1.45401239e+00 -1.09827006e+00
    -3.54930997e-01 2.14274096e+00 -5.42239571e+00 5.71072578e+00
    -3.57316995e+00 3.31802297e+00 -2.35357594e+00 4.21625018e-01
    4.83929574e-01</data></vocabulary>
</opencv_storage>
