<?xml version="1.0"?>
<opencv_storage>
<vocabulary type_id="opencv-matrix">
  <rows>81</rows>
  <cols>1</cols>
  <dt>f</dt>
  <data>
    1.57098025e-01 -2.92663336e-01 2.90411502e-01 -1.09324932e+00
    2.83781457e+00 -3.52982712e+00 2.91677880e+00 -1.57655191e+00
    3.00612479e-01 -6.82204187e-01 1.20877230e+00 3.49747121e-01
    -1.15740585e+00 -1.24290299e+00 3.09327412e+00 -2.51862526e+00
    8.35687816e-01 8.01638979e-03 1.13101196e+00 -1.87750566e+00
    -1.31627131e+00 3.15055418e+00 -2.40932927e-01 -2.26105452e+00
    1.81206024e+00 -2.69499213e-01 -1.80910882e-02 -1.78151786e+00
    2.68799233e+00 1.36588967e+00 -3.80206561e+00 8.08046579e-01
    1.75992477e+00 -1.72572160e+00 3.83705676e-01 7.34410062e-02
    2.70543098e+00 -4.27099133e+00 1.31965876e-01 2.70733619e+00
    1.06302214e+00 -9.82675612e-01 -2.70213008e-01 1.08215916e+00
    -8.21883678e-01 -2.50077677e+00 4.20403194e+00 -1.14881968e+00
    -1.39496887e+00 1.07035192e-03 -1.27973139e-01 2.00287676e+00
    -2.30371332e+00 1.20564699e+00 1.84682417e+00 -3.28665066e+00
    1.49267256e+00 -3.53684127e-02 8.95328522e-01 -1.85565688e-02
    -2.27728105e+00 2.43796206e+00 -9.76014435e-01 -9.71066415e-01
    1.64315760e+00 -6.33260608e-01 -1.22817300e-01 -2.87889928e-01
    -4.26869571e-01 1.79734278e+00 -1.74121284e+00 5.40525734e-01
    1.58200517e-01 -7.91407451e-02 -4.34091836e-01 6.70947015e-01
    -5.86952984e-01 6.74160242e-01 -8.19212735e-01 6.18434906e-01
    -1.46792442e-01</data></vocabulary>
</opencv_storage>
