<?xml version="1.0"?>
<opencv_storage>
<vocabulary type_id="opencv-matrix">
  <rows>81</rows>
  <cols>1</cols>
  <dt>f</dt>
  <data>
    -1.55132713e+01 -5.42845488e+00 -6.37098217e+00 -1.15622223e+02
    1.87916260e+01 3.81948853e+01 -1.41577168e+01 -7.16715622e+01
    -1.00120850e+02 4.14826155e+00 -7.54239655e+00 3.13339348e+01
    1.40788132e+02 3.29096222e+01 -1.73431339e+01 3.66173820e+01
    6.12074661e+01 1.66379608e+02 6.88862381e+01 4.64531869e-01
    -9.21087837e+00 -2.91684227e+01 -1.06065666e+02 -1.51313736e+02
    -4.19675255e+00 7.28704071e+01 -9.15432892e+01 -8.49216766e+01
    2.98548012e+01 -1.06778021e+01 -1.81209126e+01 8.48591766e+01
    1.54372391e+02 -5.24225235e+00 -6.98348618e+01 2.57541332e+01
    3.25720291e+01 -6.59879303e+01 -3.11929345e+00 4.18524780e+01
    -2.36370564e+00 3.31797943e+01 -4.19536705e+01 -4.44118080e+01
    2.56588306e+01 -1.71642265e+01 6.17280426e+01 -1.21798143e+01
    -2.07848148e+01 -1.75272217e+01 -7.96787796e+01 2.72905369e+01
    7.66012650e+01 4.42042112e+00 3.42342606e+01 5.51220512e+00
    1.18997908e+01 6.72240829e+00 -7.27090836e+01 2.75802021e+01
    3.75300217e+01 -3.12016392e+01 -1.12109589e+02 -3.20332184e+01
    -3.09235477e+01 -3.86669683e+00 -8.53730011e+00 9.90846558e+01
    -1.20854158e+01 -4.79258499e+01 5.83421564e+00 1.22863266e+02
    1.10069637e+01 8.25887585e+00 5.27366686e+00 -3.68052197e+00
    -2.44997501e+01 -3.58220816e+00 2.37328186e+01 -6.82743931e+00
    -3.93601494e+01</data></vocabulary>
</opencv_storage>
