<?xml version="1.0"?>
<opencv_storage>
<vocabulary type_id="opencv-matrix">
  <rows>81</rows>
  <cols>1</cols>
  <dt>f</dt>
  <data>
    1.33277541e-02 -1.90000132e-01 3.42321038e-01 -2.39407197e-01
    6.15477897e-02 8.12686235e-02 -2.62309074e-01 2.45626420e-01
    -1.03793636e-01 -8.06270018e-02 3.14339995e-01 -3.96437764e-01
    2.43747145e-01 -5.80408797e-02 2.38710508e-01 -1.75731376e-01
    -1.34032324e-01 1.40067160e-01 1.40943140e-01 -1.79720700e-01
    -9.85735729e-02 6.90358654e-02 -6.48280829e-02 -6.56596065e-01
    7.49066949e-01 -1.85125664e-01 -4.19409722e-02 -1.21550404e-01
    1.67462438e-01 -7.76238553e-03 3.63634348e-01 -4.58691567e-01
    8.72287691e-01 -6.02199852e-01 1.36293480e-02 9.76220071e-02
    3.39307301e-02 -1.02727249e-01 1.12875171e-01 -9.99989212e-01
    2.65580416e+00 -1.22257268e+00 4.87207651e-01 -7.97187071e-03
    -1.33842349e-01 1.12533852e-01 1.06070399e-01 -5.50493419e-01
    1.24940467e+00 -1.31688654e+00 8.74938071e-01 -1.65015087e-01
    -1.93526253e-01 1.34795040e-01 -1.16052963e-01 -1.88913763e-01
    7.33136237e-01 -1.09666312e+00 8.07052374e-01 -3.58839065e-01
    -2.22823367e-01 4.34377283e-01 -1.59804076e-01 -2.19737105e-02
    3.14883024e-01 -7.75124013e-01 1.07358778e+00 -1.03675723e+00
    6.12337828e-01 -1.67945251e-01 -1.07461892e-01 1.10376045e-01
    5.84916733e-02 -2.66047657e-01 5.25614738e-01 -6.22950256e-01
    6.09355807e-01 -4.72087771e-01 3.03786069e-01 -1.28565952e-01
    -1.31430896e-02</data></vocabulary>
</opencv_storage>
