<?xml version="1.0"?>
<opencv_storage>
<vocabulary type_id="opencv-matrix">
  <rows>81</rows>
  <cols>1</cols>
  <dt>f</dt>
  <data>
    -6.32788539e-01 8.47632027e+00 -2.29597416e+01 3.89632568e+01
    -5.77631035e+01 4.98109398e+01 -1.45190811e+01 -3.07453513e+00
    1.34639966e+00 1.30629659e+00 -1.88642769e+01 5.32127342e+01
    -9.88788376e+01 1.57622803e+02 -1.37002838e+02 3.45366554e+01
    1.48938828e+01 -5.78748226e+00 2.38163662e+00 8.15544319e+00
    -3.85297050e+01 8.73182983e+01 -1.57426514e+02 1.37825211e+02
    -2.13031158e+01 -3.21086540e+01 1.23552408e+01 -9.16569328e+00
    1.69141541e+01 -7.26697350e+00 -1.73081684e+01 6.47026062e+01
    -5.53876915e+01 -2.54704132e+01 5.48967667e+01 -2.08793011e+01
    9.64222431e+00 -2.65879879e+01 2.98068733e+01 -2.30180435e+01
    -1.13379085e+00 6.28221798e+00 2.91777153e+01 -4.05919075e+01
    1.53583946e+01 -4.41634750e+00 1.95337658e+01 -2.44232769e+01
    2.56206398e+01 -1.85347023e+01 -1.15744483e+00 1.79058247e+01
    -1.49236841e+01 5.07476187e+00 1.24472940e+00 -1.15542364e+01
    1.50051594e+01 -2.10764885e+01 2.70413361e+01 -5.82344675e+00
    -3.06701202e+01 3.33983879e+01 -1.22181721e+01 3.05004895e-01
    4.92030239e+00 -8.56569481e+00 1.67443962e+01 -2.80057430e+01
    1.69649086e+01 8.54913712e+00 -1.47393789e+01 5.86811161e+00
    -4.17782843e-01 -9.30350959e-01 2.63447881e+00 -7.59446287e+00
    1.51844864e+01 -1.18338261e+01 6.26557171e-01 3.50744581e+00
    -1.55345213e+00</data></vocabulary>
</opencv_storage>
