<?xml version="1.0"?>
<opencv_storage>
<vocabulary type_id="opencv-matrix">
  <rows>81</rows>
  <cols>1</cols>
  <dt>f</dt>
  <data>
    2.01741623e+02 -4.33852600e+02 5.81964966e+02 -1.02461218e+03
    1.07003687e+03 -4.48495209e+02 -1.26434654e+02 2.84357422e+02
    -1.08824806e+02 -3.79638761e-01 -3.21039001e+02 7.50173950e+02
    -3.35514130e+02 -1.69490616e+02 1.82412918e+02 -4.52970001e+02
    4.71805328e+02 -9.42307739e+01 -1.00650688e+02 7.00293198e+01
    -1.33746017e+02 -2.76333313e+02 -1.12608232e+01 2.71638855e+02
    1.21960608e+03 -1.51524536e+03 3.79033783e+02 7.09745972e+02
    -5.49121582e+02 -3.51747009e+02 1.10931458e+03 -8.17469727e+02
    -4.32410919e+02 6.07114258e+02 -4.79842926e+02 3.48387756e+02
    -8.84437805e+02 6.46064148e+02 -4.43464996e+02 2.21834549e+02
    -9.13424500e+02 1.90202759e+03 1.01889008e+02 -7.64536194e+02
    -4.83555222e+00 3.77252563e+02 2.28273285e+02 3.84747406e+02
    4.32339203e+02 -2.72559113e+02 -1.21254968e+03 -1.23143835e+03
    1.68994678e+03 -2.71185211e+02 3.27155121e+02 -1.48304883e+03
    2.28200928e+02 9.39373291e+02 -9.12125122e+02 1.05102539e+03
    6.03600952e+02 -9.93542419e+02 1.14028908e+02 1.83529999e+02
    -6.63746704e+02 1.04933740e+03 -7.07861694e+02 7.39458496e+02
    -4.23165680e+02 -1.13827917e+03 1.41665527e+03 -3.30425598e+02
    8.28969498e+01 -1.46765717e+02 1.45925140e+02 2.15884495e+01
    1.35572998e+02 -5.85154114e+02 7.63161560e+02 -6.10559326e+02
    1.34360687e+02</data></vocabulary>
</opencv_storage>
