<?xml version="1.0"?>
<opencv_storage>
<vocabulary type_id="opencv-matrix">
  <rows>81</rows>
  <cols>1</cols>
  <dt>f</dt>
  <data>
    -5.48434906e+01 1.63765320e+02 -3.01382904e+02 3.93995026e+02
    -4.36304962e+02 4.79445618e+02 -4.15182312e+02 2.96572998e+02
    -1.39386810e+02 1.43511398e+02 -3.98377625e+02 5.11857269e+02
    -4.35613861e+02 3.49323822e+02 -3.78826294e+02 3.98306732e+02
    -4.23939453e+02 2.59937317e+02 -1.79745987e+02 4.63259857e+02
    -3.47581085e+02 -7.91916275e+01 3.85044800e+02 -4.43346008e+02
    2.29436142e+02 1.76300095e+02 -2.27956207e+02 1.39746613e+02
    -3.42441742e+02 2.15646820e+02 1.30010315e+02 -3.41544495e+02
    3.56431915e+02 -2.06640167e+02 -1.05249229e+02 1.70777649e+02
    -1.65093174e+01 1.65291252e+01 7.63445129e+01 -1.92681870e+02
    1.57067490e+02 -9.41273594e+00 -3.34686928e+01 8.58274384e+01
    -9.16015625e+01 2.55352364e+01 -4.11100044e+01 -8.43762589e+01
    2.80007721e+02 -3.06409088e+02 1.91812958e+02 -1.85294250e+02
    2.02218658e+02 -9.06547318e+01 -2.06449875e+02 5.23764587e+02
    -4.53614929e+02 9.95284271e+01 1.65922043e+02 -2.50660889e+02
    3.34776825e+02 -4.35454834e+02 2.43637848e+02 2.41431732e+02
    -6.20078674e+02 6.37956665e+02 -3.75945465e+02 1.15719421e+02
    2.80432262e+01 -1.42235138e+02 2.77818115e+02 -1.74019089e+02
    -8.89724731e+01 2.26787552e+02 -2.45893204e+02 1.73822861e+02
    -9.20864182e+01 3.97530327e+01 3.28405356e+00 -5.99986115e+01
    4.45305328e+01</data></vocabulary>
</opencv_storage>
