<?xml version="1.0"?>
<opencv_storage>
<vocabulary type_id="opencv-matrix">
  <rows>81</rows>
  <cols>1</cols>
  <dt>f</dt>
  <data>
    3.97525811e+00 -1.02285862e+01 3.71955681e+00 -8.93463612e+00
    -1.42193127e+00 -6.81706131e-01 -5.77733898e+00 1.31000776e+01
    4.34003401e+00 -4.87593889e+00 8.30545712e+00 2.24987721e+00
    8.81033802e+00 6.74795032e-01 1.52315509e+00 2.59929204e+00
    -1.56720905e+01 1.76856488e-01 -9.42771792e-01 3.14099002e+00
    -6.51507950e+00 2.07081586e-01 2.53183782e-01 -1.41357696e+00
    2.83411431e+00 4.20749569e+00 -5.89003515e+00 6.00939178e+00
    -1.51660168e+00 -3.62198782e+00 -1.49366450e+00 2.59349346e+00
    1.57435346e+00 3.09521723e+00 -1.85538435e+00 -4.68515128e-01
    -5.35673141e+00 1.98297656e+00 2.80744767e+00 4.54112577e+00
    -2.46190071e+00 -6.94520593e-01 -4.19967079e+00 1.64026642e+00
    2.08013296e+00 -8.47722888e-01 -3.29097939e+00 4.55660868e+00
    -3.39879560e+00 -9.01650369e-01 6.43172503e-01 3.16659585e-02
    -3.42511082e+00 1.05797267e+00 3.13875675e+00 2.07893205e+00
    -4.75184250e+00 3.19351315e-01 3.85251927e+00 -1.72847724e+00
    2.32923603e+00 2.87869382e+00 -1.90071917e+00 -1.11456347e+00
    -4.17909384e-01 3.09485286e-01 2.18824744e+00 -3.40718699e+00
    2.47811127e+00 -2.62288833e+00 2.80625343e-01 3.26071195e-02
    1.59297392e-01 -3.16987395e-01 9.06309903e-01 -1.50582182e+00
    1.50911176e+00 -1.63281071e+00 1.69152212e+00 -1.20322764e+00
    6.06280744e-01</data></vocabulary>
</opencv_storage>
