<?xml version="1.0"?>
<opencv_storage>
<vocabulary type_id="opencv-matrix">
  <rows>81</rows>
  <cols>1</cols>
  <dt>f</dt>
  <data>
    -4.14249271e-01 1.08320570e+00 -1.62844920e+00 2.09174037e+00
    -1.94364333e+00 1.81624925e+00 -1.45750737e+00 8.98860216e-01
    -3.80485296e-01 -6.46319613e-02 2.06301883e-02 4.17057991e-01
    -1.02413583e+00 1.66058040e+00 -2.83189917e+00 3.06935596e+00
    -2.40528202e+00 1.14253998e+00 1.02066886e+00 -2.26481986e+00
    2.12549353e+00 -1.73635733e+00 3.97303462e-01 1.76010203e+00
    -3.07752943e+00 2.98716426e+00 -1.54849589e+00 -1.23538506e+00
    2.69567895e+00 -2.43040156e+00 1.99534774e+00 -1.96721882e-01
    -2.56229186e+00 3.92035556e+00 -3.65521550e+00 1.86716020e+00
    1.07255387e+00 -2.24180198e+00 1.43701065e+00 -3.90372843e-01
    8.57919976e-02 3.40272331e+00 -4.69054317e+00 4.18593884e+00
    -2.05271697e+00 -1.00400674e+00 2.31723595e+00 -2.24598503e+00
    1.63047481e+00 -3.33751053e-01 -1.43225813e+00 2.84388065e+00
    -2.94490838e+00 1.49090266e+00 7.67677546e-01 -1.97991204e+00
    2.67129111e+00 -2.93993235e+00 1.71133971e+00 -1.94190875e-01
    -8.06843996e-01 1.26705348e+00 -7.60516286e-01 -3.44706953e-01
    9.33442831e-01 -1.38191700e+00 1.69301867e+00 -1.09573400e+00
    5.36706001e-02 4.04047817e-01 -7.54192352e-01 4.79384989e-01
    8.17614645e-02 -2.18658924e-01 3.16588491e-01 -3.88202876e-01
    1.70337707e-01 2.15242118e-01 -2.89065629e-01 3.47995847e-01
    -2.01144800e-01</data></vocabulary>
</opencv_storage>
