<?xml version="1.0"?>
<opencv_storage>
<vocabulary type_id="opencv-matrix">
  <rows>81</rows>
  <cols>1</cols>
  <dt>f</dt>
  <data>
    2.31857732e-01 -2.91764349e-01 1.42915279e-01 1.97709799e-02
    -1.30942732e-01 5.10715008e-01 -7.89252102e-01 4.50740397e-01
    -4.77579720e-02 -4.57838029e-01 5.79139471e-01 -3.72613311e-01
    6.19310588e-02 1.93609893e-01 -9.51015055e-01 1.67023540e+00
    -1.03022838e+00 1.11028887e-01 4.29635584e-01 -2.16027319e-01
    -6.81454480e-01 8.85181427e-01 -1.01837695e+00 1.24579859e+00
    -1.86440265e+00 1.10544920e+00 -3.50249521e-02 -3.49751651e-01
    -1.31903216e-01 1.59961617e+00 -1.62932754e+00 1.79754746e+00
    -1.66199970e+00 1.91522324e+00 -1.02814353e+00 -6.78918213e-02
    3.46073300e-01 -6.91611320e-02 -1.37938488e+00 1.07870436e+00
    9.81798351e-01 -1.98844224e-01 -6.22997820e-01 2.81141877e-01
    3.10899615e-01 -2.79244423e-01 1.82438865e-01 8.18748474e-01
    -4.85205710e-01 -9.51189220e-01 1.80742788e+00 -9.35610712e-01
    5.66805780e-01 -5.18566012e-01 1.37188315e-01 -2.58439500e-02
    -7.30825543e-01 4.98216242e-01 4.19376701e-01 -9.27767575e-01
    6.20322049e-01 -5.29225767e-01 4.19453025e-01 -7.12007582e-02
    1.10016115e-01 2.72174358e-01 -2.21648529e-01 -2.12019846e-01
    3.73116940e-01 -4.85060245e-01 5.04386425e-01 -3.07162851e-01
    5.84279373e-02 -8.72883648e-02 -1.19942918e-01 1.25319183e-01
    8.62181336e-02 -1.82930857e-01 2.93576330e-01 -2.86777884e-01
    1.42149672e-01</data></vocabulary>
</opencv_storage>
