<?xml version="1.0"?>
<opencv_storage>
<vocabulary type_id="opencv-matrix">
  <rows>81</rows>
  <cols>1</cols>
  <dt>f</dt>
  <data>
    -2.00629644e-02 2.82508992e-02 -2.03014046e-01 3.24657232e-01
    -2.32751414e-01 1.05188742e-01 1.66130159e-02 -5.64722009e-02
    3.58156525e-02 1.48734925e-02 6.86565712e-02 2.37625778e-01
    -5.17737329e-01 4.44482327e-01 -1.62307799e-01 5.96989784e-03
    1.35185197e-01 -1.58901975e-01 1.13763891e-01 -4.16660130e-01
    1.23088069e-01 2.68545598e-01 -5.46078086e-01 1.83867626e-02
    1.77008763e-01 -4.66818899e-01 4.34327930e-01 -1.64172687e-02
    1.82663187e-01 1.33753702e-01 -4.19137716e-01 1.48338497e-01
    8.49253297e-01 -7.96879053e-01 8.35183620e-01 -5.97270608e-01
    -2.69599736e-01 5.61233759e-01 -1.15518200e+00 1.30785358e+00
    8.48232985e-01 -1.01750910e+00 8.77554655e-01 -8.89604270e-01
    5.37378609e-01 2.53192037e-01 -6.68566108e-01 1.12388897e+00
    -1.09236419e+00 5.92393994e-01 3.85435432e-01 -5.02855122e-01
    6.45448208e-01 -3.27585548e-01 -8.42546374e-02 3.72289836e-01
    -8.68134022e-01 1.03716123e+00 -1.02674258e+00 3.58066380e-01
    -1.28986258e-02 -2.40027979e-01 4.93717752e-02 1.37711555e-01
    -4.16001350e-01 6.42598808e-01 -7.07783997e-01 6.62776589e-01
    -4.37744439e-01 1.44735202e-01 3.21109109e-02 6.02143481e-02
    -4.27029356e-02 1.37655079e-01 -1.88801706e-01 1.95131510e-01
    -1.18008651e-01 2.97711119e-02 4.56306860e-02 -6.64993972e-02
    3.67454858e-03</data></vocabulary>
</opencv_storage>
