<?xml version="1.0"?>
<opencv_storage>
<vocabulary type_id="opencv-matrix">
  <rows>81</rows>
  <cols>1</cols>
  <dt>f</dt>
  <data>
    -2.96473540e-02 3.96421432e-01 1.30591944e-01 -6.13235295e-01
    1.15717006e+00 -2.38427803e-01 -2.77643830e-01 -1.21844757e+00
    9.09383655e-01 -5.88730335e-01 1.28792867e-01 2.88409770e-01
    8.68510306e-01 -1.17266524e+00 -1.28446925e+00 2.32250285e+00
    1.72354233e+00 -1.91904294e+00 -6.26025021e-01 1.55916750e+00
    -2.86236310e+00 2.59666419e+00 -5.97545147e-01 1.12482417e+00
    -2.71868467e+00 -8.28916281e-02 1.25815344e+00 1.05759811e+00
    -1.15789795e+00 3.10352945e+00 -5.33857012e+00 1.23394275e+00
    5.59459746e-01 1.22199047e+00 -1.65801144e+00 1.65073618e-01
    2.13368878e-01 -1.03841150e+00 -3.86174977e-01 2.92642546e+00
    2.56325531e+00 -3.84405065e+00 6.33307040e-01 1.41678464e+00
    -3.90457809e-01 -6.93170547e-01 9.67618525e-01 7.18495727e-01
    -3.27801061e+00 -1.24107051e+00 4.48238087e+00 -1.70119059e+00
    2.48691678e-01 -3.38886261e-01 6.13871336e-01 -1.04366744e+00
    4.20271695e-01 4.88852948e-01 1.97773099e+00 -2.86545992e+00
    4.47855383e-01 -2.66069412e-01 4.91918921e-01 1.96947724e-01
    -5.56095302e-01 2.58127805e-02 7.88397849e-01 -1.12453437e+00
    -1.65397391e-01 1.93744552e+00 -1.00578916e+00 8.39283168e-02
    -5.58770657e-01 1.34742022e+00 -8.66966009e-01 4.04956341e-02
    -2.15830758e-01 1.26058853e+00 -1.83959389e+00 9.21769559e-01
    -2.17499465e-01</data></vocabulary>
</opencv_storage>
