<?xml version="1.0"?>
<opencv_storage>
<vocabulary type_id="opencv-matrix">
  <rows>81</rows>
  <cols>1</cols>
  <dt>f</dt>
  <data>
    -8.76787528e-02 3.88198614e-01 -6.40185952e-01 6.02448761e-01
    -5.65207899e-01 5.36083162e-01 -1.68002546e-01 -2.26922423e-01
    2.07070798e-01 2.95970827e-01 -1.11277318e+00 1.73190165e+00
    -1.66562796e+00 1.57796800e+00 -1.39127064e+00 4.91379678e-01
    4.61698949e-01 -4.57729280e-01 -3.31709944e-02 5.51959991e-01
    -1.21873569e+00 1.09678805e+00 -1.65412712e+00 1.46317673e+00
    -3.99728090e-01 -7.42057860e-01 5.60329378e-01 -3.71813983e-01
    5.00359893e-01 -3.07042003e-01 8.34000885e-01 2.98007101e-01
    -4.67091590e-01 -2.20591724e-01 1.06069028e+00 -5.97485006e-01
    3.03851992e-01 -4.59041119e-01 1.57943040e-01 -5.90550900e-01
    1.08533597e+00 2.57365197e-01 1.38048440e-01 -9.13089812e-01
    5.25652349e-01 -6.24028929e-02 7.37857400e-03 4.62513834e-01
    -4.74522829e-01 9.64377463e-01 -1.11257315e+00 5.29266536e-01
    3.93467993e-01 -2.89768875e-01 -1.58845820e-02 1.70485787e-02
    -3.61057699e-01 4.82537031e-01 -9.27641630e-01 1.04786372e+00
    -4.69471753e-01 -2.73625731e-01 1.28375694e-01 4.32896614e-02
    9.08495635e-02 -6.35555163e-02 9.00476724e-02 -6.16477728e-02
    6.08643256e-02 -3.12760741e-01 4.40370828e-01 -7.59822950e-02
    -2.63289064e-02 -5.93464337e-02 1.05166562e-01 -1.76027238e-01
    2.28777081e-01 -2.57643759e-01 3.37357968e-01 -3.18976879e-01
    7.30785355e-02</data></vocabulary>
</opencv_storage>
