<?xml version="1.0"?>
<opencv_storage>
<vocabulary type_id="opencv-matrix">
  <rows>81</rows>
  <cols>1</cols>
  <dt>f</dt>
  <data>
    2.98229009e-01 -5.58165967e-01 3.02346319e-01 6.37288749e-01
    -8.89425576e-01 -1.74245313e-01 1.03730619e+00 -7.95014620e-01
    1.94450110e-01 -7.44925022e-01 1.19236958e+00 -1.51311457e-01
    -2.19161701e+00 2.70790005e+00 -1.50177449e-01 -1.90284538e+00
    1.51825202e+00 -3.82686943e-01 1.18303025e+00 -1.72003138e+00
    -2.80576259e-01 3.37970018e+00 -4.37311697e+00 1.18944919e+00
    1.21405041e+00 -8.82666290e-01 1.90068051e-01 -1.49947810e+00
    2.00388241e+00 7.59281397e-01 -4.25013065e+00 5.67382860e+00
    -2.65078282e+00 4.67188925e-01 -4.46259826e-01 1.80941433e-01
    1.60889280e+00 -2.44544244e+00 -4.29595634e-02 3.35841012e+00
    -3.42267418e+00 2.17597342e+00 -8.98618221e-01 6.72652900e-01
    -2.06717446e-01 -1.57159722e+00 2.97847295e+00 -1.76887250e+00
    -9.99652505e-01 2.30675268e+00 -5.32602787e-01 4.71448563e-02
    -2.13217095e-01 7.80405030e-02 9.49255586e-01 -1.92808223e+00
    1.29566813e+00 4.94112462e-01 -1.48843658e+00 2.90366471e-01
    2.61735350e-01 -1.35444894e-01 4.80078161e-02 -2.79614151e-01
    4.52192634e-01 2.05893680e-01 -1.23663068e+00 1.67619407e+00
    -9.35404420e-01 1.35438353e-01 -2.73658764e-02 -1.40860677e-02
    6.79554343e-02 -1.13559403e-02 -3.99204880e-01 8.14221680e-01
    -9.51777220e-01 6.15894616e-01 -1.54929936e-01 6.12825379e-02
    -1.60039254e-02</data></vocabulary>
</opencv_storage>
