<?xml version="1.0"?>
<opencv_storage>
<vocabulary type_id="opencv-matrix">
  <rows>81</rows>
  <cols>1</cols>
  <dt>f</dt>
  <data>
    -2.53596961e-01 -5.04689515e-01 2.47683334e+00 -3.42730260e+00
    -1.08844608e-01 4.29317570e+00 -3.30058098e+00 1.17360508e+00
    -2.50925183e-01 1.77840507e+00 -1.56015348e+00 -1.86818409e+00
    5.67407751e+00 -2.89711213e+00 -3.43354106e+00 2.73040938e+00
    1.25133991e-01 -3.77566904e-01 -3.75067306e+00 5.58064938e+00
    -3.14495873e+00 -2.59717870e+00 3.73583961e+00 6.69581532e-01
    -7.66041577e-01 -1.95031571e+00 1.33042336e+00 4.33161974e+00
    -8.37555504e+00 8.62187004e+00 -4.14376163e+00 2.86860514e+00
    -6.64122581e+00 6.02682590e+00 -1.25591063e+00 -6.14472330e-01
    -3.49419212e+00 8.25927448e+00 -1.00027561e+01 5.82768583e+00
    -2.14246678e+00 6.55062342e+00 -6.36528683e+00 1.65057564e+00
    6.14034772e-01 2.07247758e+00 -5.53625441e+00 6.59193850e+00
    -1.48532152e+00 -2.96204424e+00 6.85956180e-01 2.35497117e-01
    1.91480231e+00 -1.58623898e+00 -9.20858443e-01 3.41464400e+00
    -4.54598570e+00 -8.55278194e-01 7.00528288e+00 -5.94711733e+00
    3.87809539e+00 -3.95386958e+00 1.94949162e+00 4.42949861e-01
    -2.12466788e+00 3.05393791e+00 6.93111956e-01 -5.42006063e+00
    4.95491409e+00 -3.22685766e+00 2.92108464e+00 -1.37643456e+00
    -1.50167421e-01 7.97241032e-01 -1.33735669e+00 4.37297553e-01
    9.48492110e-01 -9.33764338e-01 5.10747075e-01 -5.71349442e-01
    3.33860695e-01</data></vocabulary>
</opencv_storage>
