<?xml version="1.0"?>
<opencv_storage>
<vocabulary type_id="opencv-matrix">
  <rows>81</rows>
  <cols>1</cols>
  <dt>f</dt>
  <data>
    1.28661320e-01 -2.01580822e-01 1.64568400e+00 -1.03263521e+00
    -1.15344071e+00 4.60181808e+00 -9.03930950e+00 3.87445164e+00
    9.99068320e-01 -1.35633636e+00 7.82091975e-01 -1.08978093e+00
    -1.28754783e+00 2.45794320e+00 -3.89877534e+00 7.24872684e+00
    4.94959974e+00 -7.66770363e+00 2.54643464e+00 -3.21367335e+00
    3.38785481e+00 -2.64419031e+00 4.24701738e+00 -5.63789940e+00
    2.87458324e+00 -8.81096172e+00 5.41347551e+00 -2.67469615e-01
    -2.66147947e+00 2.55039263e+00 2.51245618e+00 -5.20923185e+00
    7.89171600e+00 -2.30848932e+00 -3.22948098e-01 3.55344939e+00
    6.77706063e-01 6.69057250e-01 5.73939610e+00 -1.28019905e+01
    5.50916386e+00 -5.90668821e+00 3.09739041e+00 -1.61262167e+00
    -3.67048931e+00 8.24782789e-01 -2.01938510e+00 -8.23282814e+00
    1.26098919e+01 4.46479177e+00 -1.77749074e+00 -1.07270491e+00
    5.13875723e+00 1.37987840e+00 3.62896562e-01 1.59362233e+00
    6.82597542e+00 -1.09543219e+01 2.66834879e+00 -9.48551559e+00
    3.39482141e+00 -2.67890781e-01 -2.17302513e+00 -3.18299890e+00
    -3.73464406e-01 -2.55530739e+00 3.29477811e+00 -2.31335783e+00
    1.52609825e+01 -8.04282570e+00 1.69553185e+00 -2.02216935e+00
    2.98610520e+00 -1.58433008e+00 -5.25287569e-01 4.31871748e+00
    -3.97043419e+00 -5.35787106e+00 3.42223263e+00 -3.13908130e-01
    1.38395822e+00</data></vocabulary>
</opencv_storage>
