<?xml version="1.0"?>
<opencv_storage>
<vocabulary type_id="opencv-matrix">
  <rows>81</rows>
  <cols>1</cols>
  <dt>f</dt>
  <data>
    -3.09994030e+00 5.68942726e-01 2.11588001e+00 4.38293791e+00
    -1.24454308e+01 1.55864515e+01 -1.32377453e+01 1.21325703e+01
    -6.42983770e+00 5.21294260e+00 1.01600676e+01 -2.37734432e+01
    9.24318123e+00 7.17191339e-01 1.07626247e+00 -1.23876429e+01
    4.90067530e+00 5.45810366e+00 -9.67486286e+00 -1.05875845e+01
    3.04380474e+01 -1.12396765e+01 1.04488640e+01 -2.99001102e+01
    5.30122147e+01 -3.59759521e+01 1.10768771e+00 1.74347229e+01
    4.39550161e+00 -2.51930275e+01 -7.27254009e+00 1.89894257e+01
    1.13554258e+01 -3.13018990e+01 1.91696301e+01 1.32673049e+00
    -2.21952744e+01 -1.16222119e+00 3.01296940e+01 8.31561756e+00
    -3.82492371e+01 8.69536591e+00 2.59184670e+00 4.66888618e+00
    -2.89804435e+00 1.90081806e+01 9.62106419e+00 -5.03977623e+01
    2.81843605e+01 3.57269025e+00 6.88747931e+00 1.48268251e+01
    -1.70877094e+01 -1.23797357e+00 -2.26848679e+01 -5.38553059e-01
    3.65945663e+01 -4.69609032e+01 4.50995255e+01 -4.47570953e+01
    1.09177101e+00 3.72749519e+00 6.48600054e+00 2.10941868e+01
    -1.19681816e+01 -9.04884815e+00 2.97340736e+01 -4.29709892e+01
    4.92633095e+01 -3.30106430e+01 1.72721195e+01 -1.89424980e+00
    -8.10889912e+00 9.30010605e+00 -5.42838430e+00 6.99292481e-01
    2.55474240e-01 -1.75783440e-01 3.47432327e+00 -3.12295556e+00
    -2.39705563e+00</data></vocabulary>
</opencv_storage>
