<?xml version="1.0"?>
<opencv_storage>
<vocabulary type_id="opencv-matrix">
  <rows>81</rows>
  <cols>1</cols>
  <dt>f</dt>
  <data>
    6.59911633e-01 -1.34475303e+00 2.64385009e+00 -2.21805477e+00
    7.97055960e-01 -1.48859143e+00 2.07379341e+00 -1.10811162e+00
    -1.24875814e-01 -9.55292881e-01 2.13233542e+00 -4.40029335e+00
    4.28383207e+00 -2.10898900e+00 3.29577994e+00 -3.88473892e+00
    1.82472157e+00 4.01960313e-01 -8.44040155e-01 8.96280229e-01
    1.05946362e+00 -2.10975957e+00 -5.14903843e-01 -9.54664648e-01
    2.34830904e+00 -5.08301139e-01 -6.92341685e-01 2.45685959e+00
    -3.95130324e+00 2.76718068e+00 -1.19638789e+00 4.59516382e+00
    -3.05583906e+00 -9.55458730e-02 -8.30980897e-01 9.03267860e-01
    -1.94889581e+00 2.30776620e+00 -6.22883856e-01 -2.56853681e-02
    -2.95903897e+00 2.32102203e+00 1.74764645e+00 -6.15578294e-01
    -5.00694513e-01 1.11503541e+00 6.73523605e-01 -4.30192709e+00
    4.15349913e+00 1.48641169e+00 -1.03789794e+00 -2.50284147e+00
    1.07123971e+00 3.70954007e-01 -7.30947256e-01 -2.08793426e+00
    6.38646841e+00 -6.11281538e+00 5.24173260e-01 9.55289483e-01
    9.10275578e-01 -4.40543778e-02 -3.94154906e-01 4.97918010e-01
    2.03918910e+00 -5.45264959e+00 5.32680416e+00 -1.35000765e+00
    -1.17061329e+00 9.07428622e-01 -9.82859254e-01 3.47705632e-01
    -1.08078495e-01 -1.13006532e+00 2.54423642e+00 -2.60542393e+00
    1.34130180e+00 -1.47333607e-01 -3.11318487e-01 4.82489169e-01
    -1.17779188e-01</data></vocabulary>
</opencv_storage>
