<?xml version="1.0"?>
<opencv_storage>
<vocabulary type_id="opencv-matrix">
  <rows>81</rows>
  <cols>1</cols>
  <dt>f</dt>
  <data>
    -2.12165818e-01 -2.62372531e-02 6.31989121e-01 -1.01700187e+00
    5.76670349e-01 -5.37219882e-01 5.42130589e-01 5.14853597e-01
    -5.02146184e-01 6.71938479e-01 2.58309036e-01 -2.26764441e+00
    2.79845667e+00 -5.76886773e-01 2.09267348e-01 -1.60469592e+00
    -3.65460336e-01 9.74985540e-01 -7.51090050e-01 -1.90258652e-01
    1.74428582e+00 -2.48459935e+00 4.19429690e-02 6.23286486e-01
    1.58875334e+00 -4.15352464e-01 -2.66405523e-01 4.14130062e-01
    -5.62786236e-02 6.67725503e-01 7.01105416e-01 -4.37248379e-01
    -7.72345901e-01 2.23999470e-02 -1.04248621e-01 -5.86421192e-01
    -2.53220379e-01 2.46199116e-01 -1.75707173e+00 1.20470874e-01
    1.95411456e+00 7.45603442e-01 -8.97232294e-01 5.66359520e-01
    5.40052354e-01 1.01256199e-01 1.10914901e-01 2.97439069e-01
    5.19697964e-01 -2.66165793e-01 -2.71615028e-01 -4.63579595e-01
    1.61668047e-01 -1.26868635e-01 -3.95223275e-02 1.82874084e-01
    -5.30050457e-01 4.63743415e-03 -1.71449959e-01 6.99837357e-02
    8.54763806e-01 -4.79197234e-01 -5.45454249e-02 -6.29627481e-02
    -2.36642018e-01 8.12863708e-01 -3.64570737e-01 -1.09183609e-01
    1.86597612e-02 -9.04596224e-02 5.03221340e-02 6.31885454e-02
    1.09006956e-01 -2.25298144e-02 -1.99419037e-01 -8.83037224e-02
    3.72871310e-01 -2.94507772e-01 1.73406228e-01 -1.64453015e-01
    5.84053956e-02</data></vocabulary>
</opencv_storage>
