<?xml version="1.0"?>
<opencv_storage>
<vocabulary type_id="opencv-matrix">
  <rows>81</rows>
  <cols>1</cols>
  <dt>f</dt>
  <data>
    8.63575488e-02 -1.69080153e-01 -1.82349831e-01 7.23136663e-01
    -6.88462853e-01 9.56162333e-01 -6.95429683e-01 3.58589470e-01
    -2.11921215e-01 -4.95921820e-01 1.13651001e+00 -6.85915887e-01
    -1.82954267e-01 2.49120250e-01 -9.17100251e-01 1.17788446e+00
    -1.15214694e+00 7.18027532e-01 1.06357372e+00 -2.57265162e+00
    2.42074585e+00 -1.90282905e+00 1.22834969e+00 -1.21093966e-01
    -9.14066017e-01 1.48904884e+00 -9.73181963e-01 -9.71099138e-01
    2.25163817e+00 -1.56830347e+00 7.67432511e-01 -4.43824470e-01
    -2.23118439e-01 1.23675501e+00 -1.78468406e+00 1.09922135e+00
    6.67779028e-01 -1.31870556e+00 1.12033799e-01 8.99475753e-01
    1.56187071e-02 1.70262396e+00 -1.89937019e+00 1.68929482e+00
    -9.77509737e-01 -7.42330194e-01 1.49849296e+00 -1.05042541e+00
    5.07288754e-01 9.71087366e-02 -6.82091177e-01 5.34944773e-01
    -5.13736844e-01 3.89494449e-01 7.64016151e-01 -1.61218059e+00
    1.79605126e+00 -1.76771140e+00 1.47175062e+00 -1.23147976e+00
    1.17855334e+00 -6.29874587e-01 1.31073579e-01 -4.55661237e-01
    1.02120256e+00 -1.48513770e+00 1.84922004e+00 -1.76012409e+00
    1.33043110e+00 -1.20652997e+00 7.02395797e-01 -2.14117199e-01
    1.75355896e-01 -4.15102661e-01 5.67052007e-01 -7.04273641e-01
    6.84787691e-01 -5.09425342e-01 4.61466730e-01 -2.70399570e-01
    9.22734514e-02</data></vocabulary>
</opencv_storage>
