<?xml version="1.0"?>
<opencv_storage>
<vocabulary type_id="opencv-matrix">
  <rows>81</rows>
  <cols>1</cols>
  <dt>f</dt>
  <data>
    3.68484944e-01 -3.03868008e+00 2.76742983e+00 2.36937332e+00
    -3.26069057e-01 4.42557812e-01 3.53304338e+00 -4.65166062e-01
    -1.95516777e+00 1.91346005e-01 -1.60420382e+00 2.54182629e-02
    -1.50221550e+00 -1.89804588e-03 3.06171799e+00 -9.54236865e-01
    -1.50326872e+00 -1.36145437e+00 -1.34171045e+00 9.96541858e-01
    -5.05284309e-01 -2.29353142e+00 -1.99721539e+00 1.77337313e+00
    -1.49145865e+00 1.41703606e+00 4.12136376e-01 5.39707005e-01
    3.87812823e-01 2.42925239e+00 1.36581206e+00 -9.33410347e-01
    -6.20705821e-02 -1.37671125e+00 1.82425380e+00 4.65147763e-01
    7.77900219e-01 -1.73629954e-01 2.43653625e-01 2.01794052e+00
    -1.96595156e+00 1.06129336e+00 -2.69453502e+00 5.55961192e-01
    -7.02122211e-01 -7.19936192e-01 -1.42369640e+00 -1.17420304e+00
    9.78841603e-01 1.04526258e+00 -1.94033837e+00 1.37687707e+00
    1.64474487e+00 1.34467590e+00 2.90700936e+00 -1.61600590e+00
    -1.67047858e+00 3.11975241e-01 2.07917976e+00 -1.26051188e+00
    1.59757376e-01 -7.53131807e-01 -1.29774678e+00 -2.18943715e+00
    1.80668795e+00 2.07036972e+00 -8.41035724e-01 -5.86332262e-01
    -1.26462030e+00 1.74497843e+00 -8.75342071e-01 -3.70165408e-01
    -1.86026585e+00 1.57839644e+00 1.37593579e+00 -1.15760076e+00
    -1.18374455e+00 -1.40209961e+00 5.48847675e-01 2.02812612e-01
    2.64062858e+00</data></vocabulary>
</opencv_storage>
