<?xml version="1.0"?>
<opencv_storage>
<vocabulary type_id="opencv-matrix">
  <rows>81</rows>
  <cols>1</cols>
  <dt>f</dt>
  <data>
    -1.39048904e-01 4.58368868e-01 -5.30333936e-01 4.65873837e-01
    -1.92475602e-01 4.68533859e-02 1.58923447e-01 -3.50960910e-01
    1.99749470e-01 3.91457915e-01 -1.18603742e+00 1.62918162e+00
    -1.64662659e+00 1.02181125e+00 -4.77959424e-01 -1.85009778e-01
    7.47080326e-01 -4.37134683e-01 -1.71416342e-01 7.29339957e-01
    -1.51681101e+00 1.62042165e+00 -1.30001998e+00 3.14849615e-01
    5.88123798e-01 -1.15455067e+00 5.75093091e-01 -1.85417324e-01
    1.69877186e-01 3.47860515e-01 -9.54412147e-02 1.73464075e-01
    7.10534394e-01 -1.51234865e+00 1.75662827e+00 -7.64963925e-01
    2.18276724e-01 -4.07297343e-01 -2.06152052e-01 1.47469848e-01
    1.40796363e+00 -1.32708704e+00 1.72619736e+00 -1.68525970e+00
    7.08181441e-01 -9.84342545e-02 2.48837143e-01 2.50420839e-01
    -4.58482206e-01 1.19771250e-01 8.32474768e-01 -1.16977918e+00
    1.09587336e+00 -4.36875731e-01 -1.14891566e-01 3.11590523e-01
    -5.55708408e-01 6.33465946e-01 -7.70613194e-01 4.60177720e-01
    6.92139864e-02 -4.36703563e-01 1.62845626e-01 2.97483116e-01
    -7.97496617e-01 7.99301803e-01 -6.66712642e-01 8.05994868e-01
    -9.12355542e-01 4.64214116e-01 -3.82572934e-02 4.96543944e-02
    -1.59044638e-01 4.19588774e-01 -3.87015998e-01 2.89436102e-01
    -3.62734616e-01 4.47402209e-01 -2.53447890e-01 5.17703705e-02
    -3.26658413e-02</data></vocabulary>
</opencv_storage>
