<?xml version="1.0"?>
<opencv_storage>
<vocabulary type_id="opencv-matrix">
  <rows>81</rows>
  <cols>1</cols>
  <dt>f</dt>
  <data>
    -7.76044011e-01 -9.25807595e-01 4.15737104e+00 -3.05571294e+00
    -5.57808459e-01 2.20695353e+00 -1.99618042e+00 1.26926029e+00
    -4.66140151e-01 2.27978802e+00 1.08494759e+00 -8.03642654e+00
    4.70255423e+00 4.52096987e+00 -8.13467884e+00 6.76542759e+00
    -4.12448645e+00 1.41047466e+00 -3.55091190e+00 -6.99276388e-01
    1.02445621e+01 -4.14368057e+00 -1.11196566e+01 1.45389061e+01
    -9.37135696e+00 4.54671574e+00 -1.44893515e+00 4.28990459e+00
    1.19804502e+00 -1.37704763e+01 6.01651812e+00 1.41835947e+01
    -1.69698849e+01 7.73104000e+00 -1.89402843e+00 4.95921344e-01
    -3.75659752e+00 -3.04119015e+00 1.72398949e+01 -9.84709549e+00
    -9.55292034e+00 1.32577734e+01 -3.42158437e+00 -1.37758923e+00
    5.81496298e-01 2.52168632e+00 5.28577232e+00 -1.97187881e+01
    1.27136002e+01 6.76266575e+00 -9.04999638e+00 -9.90151688e-02
    3.37457228e+00 -1.18114746e+00 -1.90313244e+00 -2.65681553e+00
    1.11692772e+01 -3.68676782e+00 -1.26730509e+01 1.37232113e+01
    -4.40786505e+00 -1.42130360e-01 1.83449417e-01 1.70334327e+00
    -2.38993740e+00 2.34098434e+00 -9.83199310e+00 2.07130890e+01
    -1.99446583e+01 1.10541058e+01 -4.81681776e+00 1.33661592e+00
    -8.09088171e-01 2.05417514e+00 -3.50373149e+00 7.45792961e+00
    -1.23204279e+01 1.16822481e+01 -7.21075201e+00 3.60088706e+00
    -1.01464963e+00</data></vocabulary>
</opencv_storage>
