<?xml version="1.0"?>
<opencv_storage>
<vocabulary type_id="opencv-matrix">
  <rows>81</rows>
  <cols>1</cols>
  <dt>f</dt>
  <data>
    -1.22507620e+00 1.96082687e+00 -6.54135525e-01 2.30743721e-01
    2.51018971e-01 -5.33856928e-01 2.41413370e-01 -7.48471200e-01
    5.02595961e-01 2.41131687e+00 -2.83782482e+00 3.74449015e-01
    -4.96194184e-01 -1.12766707e+00 2.31635475e+00 -1.50560749e+00
    1.47649455e+00 -6.17155433e-01 -1.93855155e+00 1.03933029e-01
    2.01302910e+00 -5.47347307e-01 1.40975761e+00 -2.46391058e+00
    1.26560020e+00 -8.13310623e-01 -4.09715925e-04 1.16079330e+00
    2.44416904e+00 -4.35040903e+00 2.63853765e+00 -3.04815054e+00
    4.67154169e+00 -2.76873565e+00 2.82315820e-01 1.01949728e+00
    -1.63979864e+00 -1.32054925e-01 5.42770267e-01 1.29013288e+00
    1.27525735e+00 -3.08939958e+00 2.21950912e+00 -6.47821009e-01
    -4.74855244e-01 2.23393631e+00 -3.21473575e+00 3.70285058e+00
    -4.50573969e+00 2.91123819e+00 -3.92512143e-01 -1.48268074e-01
    1.77879274e+00 -1.35159326e+00 -1.03163469e+00 1.40970933e+00
    -1.62981331e+00 1.71431589e+00 -7.84942389e-01 -3.97579908e-01
    5.55340052e-01 -2.01347733e+00 1.50305247e+00 8.23329389e-02
    7.05081522e-01 -9.51791167e-01 3.31169724e-01 -6.81387410e-02
    9.08204690e-02 1.74698368e-01 -9.36816540e-03 2.68571191e-02
    1.47911208e-02 -5.29794574e-01 4.21790510e-01 4.13932681e-01
    -6.27721369e-01 4.63710696e-01 -5.22820234e-01 7.51542270e-01
    -5.47459722e-01</data></vocabulary>
</opencv_storage>
