<?xml version="1.0"?>
<opencv_storage>
<vocabulary type_id="opencv-matrix">
  <rows>81</rows>
  <cols>1</cols>
  <dt>f</dt>
  <data>
    -1.07431643e-01 4.89576869e-02 3.55695635e-02 -4.53992367e-01
    8.13154161e-01 -4.38154459e-01 1.43754736e-01 -2.99707502e-01
    2.31578350e-01 2.11502120e-01 3.29919439e-03 -3.53611857e-01
    1.41798520e+00 -2.28835273e+00 1.53803754e+00 -7.65953779e-01
    9.28834736e-01 -5.69855750e-01 5.26617430e-02 -3.28149647e-01
    3.80366415e-01 -1.50111032e+00 2.48630548e+00 -1.65614438e+00
    3.40510488e-01 -8.86252642e-01 6.82715952e-01 -4.54274327e-01
    9.71325040e-01 -9.66416478e-01 2.09108901e+00 -2.86011195e+00
    1.69028509e+00 1.97848499e-01 6.32956028e-01 -7.08312392e-01
    5.90701044e-01 -1.03580749e+00 7.15163887e-01 -1.95360589e+00
    4.22254610e+00 -1.80863035e+00 -1.15515739e-01 -5.86149931e-01
    6.61751568e-01 -5.50859094e-01 6.62168920e-01 4.69889864e-02
    7.05196679e-01 -1.71269059e+00 8.65488648e-01 4.86041307e-01
    1.18393376e-01 -4.45744246e-01 3.44794929e-01 7.47278109e-02
    -1.31733584e+00 1.08937085e+00 -5.11761189e-01 8.81911397e-01
    -1.41721511e+00 4.97302473e-01 1.64841160e-01 -6.94017708e-02
    -7.78810561e-01 2.35676336e+00 -2.47022772e+00 1.99313295e+00
    -1.92304683e+00 1.78971708e+00 -8.44458103e-01 8.38538632e-02
    1.22223599e-02 3.90524894e-01 -1.13552535e+00 1.24722183e+00
    -1.08699071e+00 1.00957859e+00 -8.95995915e-01 4.68526840e-01
    -8.01741406e-02</data></vocabulary>
</opencv_storage>
