<?xml version="1.0"?>
<opencv_storage>
<vocabulary type_id="opencv-matrix">
  <rows>81</rows>
  <cols>1</cols>
  <dt>f</dt>
  <data>
    2.83834219e-01 -2.84299350e+00 5.71944714e+00 -5.14882278e+00
    3.84176469e+00 -1.28784883e+00 -1.71732521e+00 1.67776799e+00
    -4.41229373e-01 -2.18465239e-01 2.73954082e+00 -5.35417795e+00
    2.37361288e+00 6.28718913e-01 -3.05019528e-01 1.27821004e+00
    -1.41257107e+00 2.36587480e-01 1.46520555e-01 -2.91536212e+00
    4.54417372e+00 -6.54601514e-01 -1.36601615e+00 -4.90292400e-01
    -6.08996570e-01 1.27781439e+00 -3.87102216e-01 -1.18964046e-01
    2.11758494e+00 -2.07419658e+00 -2.30933571e+00 2.90816402e+00
    -9.89466608e-02 5.86297393e-01 -7.07200408e-01 3.15121233e-01
    7.92565763e-01 -2.44794035e+00 7.51917779e-01 3.86552382e+00
    -2.92192435e+00 1.67574000e+00 -1.59269643e+00 1.28546512e+00
    -7.41369724e-01 -1.24042714e+00 2.81766605e+00 -8.16883981e-01
    -2.36732435e+00 1.42858851e+00 1.71657622e+00 -2.21518803e+00
    6.45987630e-01 6.00889206e-01 1.31363595e+00 -3.30734754e+00
    2.42748666e+00 -1.37524021e+00 3.35240245e+00 -6.34346056e+00
    6.09152937e+00 -2.71612668e+00 -8.65517110e-02 -9.16993678e-01
    2.25589919e+00 -1.96794808e+00 1.68885994e+00 -3.31456232e+00
    5.05964804e+00 -4.74021482e+00 2.10261464e+00 -4.25358862e-02
    4.41800922e-01 -9.60731804e-01 8.84194136e-01 -6.12346947e-01
    7.49136984e-01 -1.06265354e+00 1.09826362e+00 -3.96970868e-01
    -7.52001852e-02</data></vocabulary>
</opencv_storage>
