<?xml version="1.0"?>
<opencv_storage>
<vocabulary type_id="opencv-matrix">
  <rows>81</rows>
  <cols>1</cols>
  <dt>f</dt>
  <data>
    -2.22299248e-01 -2.99788427e+00 9.42615700e+00 -1.63699970e+01
    2.33502483e+01 -2.40108166e+01 1.99515839e+01 -1.32923250e+01
    3.92998266e+00 2.13994622e+00 2.17417169e+00 -1.55015965e+01
    3.45230179e+01 -5.47528419e+01 5.79668083e+01 -4.94654007e+01
    3.20579147e+01 -8.40924072e+00 -6.18455744e+00 8.75737190e+00
    7.77531505e-01 -2.43036175e+01 5.19450150e+01 -5.89223518e+01
    5.39470634e+01 -3.53865776e+01 8.02956104e+00 9.63868141e+00
    -1.93334713e+01 1.75949955e+01 -1.84241414e+00 -1.91348114e+01
    2.32406578e+01 -1.92089462e+01 1.04884233e+01 1.01197600e-01
    -1.01571455e+01 2.21240921e+01 -2.57040710e+01 2.01989422e+01
    -8.98850632e+00 1.21783266e+01 -1.84213810e+01 1.69956856e+01
    -8.36480331e+00 6.00812244e+00 -1.27653999e+01 1.48790636e+01
    -1.38404703e+01 1.10543365e+01 -1.84842224e+01 2.95047913e+01
    -2.64384499e+01 1.09187183e+01 -9.50647593e-01 8.83073986e-01
    6.60958052e-01 -1.55768797e-01 -2.71591640e+00 1.66189346e+01
    -3.44012489e+01 3.16768589e+01 -1.21220188e+01 -1.34740448e+00
    3.54467988e+00 -5.93141794e+00 4.96265841e+00 -9.99825180e-01
    -1.06081524e+01 2.45840321e+01 -2.28795757e+01 8.59706306e+00
    1.05041826e+00 -1.93880141e+00 2.29223490e+00 -1.45916903e+00
    1.01360224e-01 2.92595458e+00 -6.44398737e+00 6.06516647e+00
    -2.40556049e+00</data></vocabulary>
</opencv_storage>
