<?xml version="1.0"?>
<opencv_storage>
<vocabulary type_id="opencv-matrix">
  <rows>81</rows>
  <cols>1</cols>
  <dt>f</dt>
  <data>
    4.15106595e-01 -7.32067227e-01 4.70520079e-01 -3.76586616e-01
    6.60347342e-01 -7.05653846e-01 1.09426670e-01 4.08157855e-01
    -1.98737293e-01 -1.01592946e+00 1.70139909e+00 -1.15119171e+00
    1.17575121e+00 -2.05746484e+00 2.21181417e+00 -6.61417603e-01
    -6.35824323e-01 3.45721453e-01 1.02900267e+00 -1.30792725e+00
    2.49278262e-01 -4.36597526e-01 1.58683753e+00 -2.24752498e+00
    1.19712996e+00 -2.23062694e-01 6.57716766e-02 -8.53278935e-01
    5.82835734e-01 9.15162027e-01 -5.67646384e-01 -7.46257901e-01
    1.65515447e+00 -1.23816967e+00 8.61645460e-01 -4.03240144e-01
    6.45382822e-01 -2.81595558e-01 -1.42327273e+00 1.18573213e+00
    1.46167409e+00 -1.27088630e+00 1.04749441e+00 -1.20360744e+00
    6.10337794e-01 -4.71937209e-01 2.36432016e-01 9.54622090e-01
    -6.80866063e-01 -4.19245958e-01 1.14638007e+00 -1.05436409e+00
    1.41116035e+00 -7.27018416e-01 2.35774890e-01 1.65923331e-02
    -5.77013612e-01 2.31234327e-01 2.88893938e-01 -5.74222982e-01
    5.51989496e-01 -8.72750521e-01 4.23044235e-01 -1.79432049e-01
    1.28232196e-01 -1.12194836e-01 4.18086708e-01 -6.63480878e-01
    5.90058208e-01 -5.91292143e-01 6.95343673e-01 -2.82936394e-01
    1.22520946e-01 -1.71595901e-01 2.50171661e-01 -4.22450483e-01
    5.33660293e-01 -4.82290983e-01 4.48941499e-01 -4.34495002e-01
    1.80623233e-01</data></vocabulary>
</opencv_storage>
