<?xml version="1.0"?>
<opencv_storage>
<vocabulary type_id="opencv-matrix">
  <rows>81</rows>
  <cols>1</cols>
  <dt>f</dt>
  <data>
    -5.73680401e-02 7.43770778e-01 -1.90338397e+00 2.29670811e+00
    -1.99101257e+00 9.12814140e-01 4.57076490e-01 -7.01728284e-01
    3.42047006e-01 4.70038280e-02 -1.27728367e+00 3.52212834e+00
    -4.33221960e+00 3.69223166e+00 -1.59346199e+00 -9.34684336e-01
    1.46538198e+00 -7.45036185e-01 1.58151850e-01 8.28290582e-01
    -3.04109216e+00 3.88039327e+00 -3.14731669e+00 1.36636686e+00
    2.86250383e-01 -1.11824381e+00 6.91360295e-01 -3.75461876e-01
    2.55471796e-01 7.25815892e-01 -1.03775263e+00 3.39220464e-01
    1.65049359e-01 5.01972027e-02 6.34135723e-01 -5.37766516e-01
    3.49165291e-01 -8.95504653e-01 9.48937893e-01 -1.74411058e+00
    3.78576136e+00 -1.58176816e+00 -2.08507165e-01 -1.24890253e-01
    2.99432129e-01 -1.23477690e-01 9.23513234e-01 -1.85761070e+00
    3.24246168e+00 -3.88974833e+00 1.97543561e+00 7.16692448e-01
    -7.09903479e-01 6.39204159e-02 -1.84537634e-01 -1.28583670e-01
    8.41289520e-01 -1.85546899e+00 2.24622583e+00 -5.83499193e-01
    -1.63391602e+00 1.30655324e+00 -3.00857306e-01 2.78151840e-01
    -3.30420315e-01 8.70453846e-03 6.52960837e-01 -1.23469627e+00
    8.38093981e-02 1.45830500e+00 -1.21055222e+00 3.67063999e-01
    -1.17935114e-01 1.08082168e-01 7.43595511e-02 -3.77887338e-01
    7.13143468e-01 -2.22776800e-01 -5.34643412e-01 5.37804604e-01
    -1.96468711e-01</data></vocabulary>
</opencv_storage>
