<?xml version="1.0"?>
<opencv_storage>
<vocabulary type_id="opencv-matrix">
  <rows>81</rows>
  <cols>1</cols>
  <dt>f</dt>
  <data>
    -5.94433928e+00 2.45069103e+01 -1.59082756e+01 -4.22960401e-01
    -1.50502987e+01 1.94782770e+00 9.86704063e+00 -8.95850658e+00
    1.24148598e+01 6.75774574e+00 -2.17547760e+01 -1.84713817e+00
    1.48732471e+01 1.29552317e+01 9.11723423e+00 -2.02190514e+01
    1.87986736e+01 -2.06612453e+01 -7.79328299e+00 1.94082546e+01
    -5.76766205e+00 6.35799313e+00 -2.98715630e+01 8.74465275e+00
    -7.38953400e+00 -7.15696526e+00 1.42369785e+01 1.42747509e+00
    -1.38103504e+01 1.29878588e+01 -4.67327976e+00 1.45212145e+01
    1.15968237e+01 -4.75580263e+00 5.83601761e+00 -1.10418677e+00
    1.23402405e+01 -1.44932747e+01 -1.13631716e+01 1.50720377e+01
    3.89049143e-01 -1.22596941e+01 1.17133684e+01 -8.47509742e-01
    -2.64069767e+01 -1.57446899e+01 3.39258385e+01 -4.00004435e+00
    -2.11485996e+01 2.31419468e+01 8.22017765e+00 -6.51119804e+00
    2.04266682e+01 7.80816603e+00 -1.23154259e+01 6.45111656e+00
    3.07558107e+00 -6.39085102e+00 -3.11305466e+01 -2.80456543e+01
    -5.09084797e+00 -2.65709763e+01 2.82671680e+01 3.01834507e+01
    -4.02707367e+01 1.62154274e+01 1.44699984e+01 2.12381859e+01
    5.65799999e+00 3.63319702e+01 -3.76524568e+00 -2.14850368e+01
    -1.33219986e+01 2.01495743e+01 -9.96927834e+00 -7.28493452e+00
    -6.12907743e+00 7.87778807e+00 -2.05233173e+01 4.10891676e+00
    5.69799232e+00</data></vocabulary>
</opencv_storage>
