<?xml version="1.0"?>
<opencv_storage>
<vocabulary type_id="opencv-matrix">
  <rows>81</rows>
  <cols>1</cols>
  <dt>f</dt>
  <data>
    -1.68019325e-01 7.87175596e-01 -1.26113188e+00 1.20318401e+00
    -1.26007032e+00 1.58996904e+00 -1.57195008e+00 1.17597032e+00
    -5.05713165e-01 3.02120417e-01 -1.64383829e+00 2.70069838e+00
    -2.54423714e+00 2.64587712e+00 -3.33142996e+00 3.46314073e+00
    -2.69451118e+00 1.16861498e+00 4.78854448e-01 4.84596081e-02
    -1.34555757e+00 1.24947751e+00 -1.85759652e+00 2.81969070e+00
    -3.49726629e+00 2.98749471e+00 -1.33015335e+00 -1.25897348e+00
    1.78270149e+00 -9.06319439e-01 1.37681782e+00 1.29827976e-01
    -2.06725264e+00 3.34307694e+00 -3.08963370e+00 1.39773488e+00
    1.29053164e+00 -1.91017866e+00 5.90050399e-01 -3.56956542e-01
    3.27687114e-01 2.63313961e+00 -3.85038877e+00 3.14949679e+00
    -1.31068909e+00 -1.06586206e+00 1.52565849e+00 -1.11989630e-02
    -9.74483967e-01 2.02857375e+00 -3.50099301e+00 4.13538933e+00
    -2.87138200e+00 1.05176675e+00 6.46325052e-01 -8.95666420e-01
    9.54616070e-02 2.12761641e-01 -1.02974653e+00 2.29042912e+00
    -2.61471868e+00 1.50429928e+00 -4.69227940e-01 -2.72537559e-01
    3.93188417e-01 -4.03199524e-01 9.64177489e-01 -1.02895355e+00
    3.54465216e-01 7.98908249e-02 1.20533787e-01 -1.33238971e-01
    6.27710074e-02 -6.50055110e-02 2.16545552e-01 -6.64181530e-01
    7.88808227e-01 -5.50057113e-01 3.36708963e-01 -2.96178609e-01
    1.58668071e-01</data></vocabulary>
</opencv_storage>
