<?xml version="1.0"?>
<opencv_storage>
<vocabulary type_id="opencv-matrix">
  <rows>81</rows>
  <cols>1</cols>
  <dt>f</dt>
  <data>
    -6.21991634e-01 1.84396601e+00 -1.71084392e+00 4.75079417e-01
    3.75903815e-01 -6.36223853e-01 4.53916728e-01 -2.15581432e-01
    2.33213268e-02 3.13181496e+00 -8.24861622e+00 6.42239285e+00
    -1.65267885e-01 -3.31071520e+00 4.01460695e+00 -2.92298126e+00
    1.63681340e+00 -5.88468611e-01 -5.40617323e+00 1.43425598e+01
    -9.91074371e+00 -3.55814219e+00 9.85653877e+00 -1.00460062e+01
    6.99793291e+00 -3.79182315e+00 1.52281082e+00 4.10411024e+00
    -1.12339258e+01 2.58179832e+00 1.72038193e+01 -2.26171417e+01
    1.74332581e+01 -1.03985128e+01 5.02835560e+00 -1.97717106e+00
    -2.46979427e+00 6.28406334e+00 4.88495159e+00 -2.77495270e+01
    3.29348373e+01 -2.17868309e+01 1.10508718e+01 -4.36654902e+00
    1.56474578e+00 2.60065293e+00 -5.49838114e+00 -4.28262568e+00
    2.35574512e+01 -2.56634541e+01 1.49071159e+01 -4.93476057e+00
    8.38964641e-01 -1.11409754e-01 -2.53847814e+00 5.05608749e+00
    1.32666361e+00 -1.36558342e+01 1.42346420e+01 -5.20727634e+00
    -1.72300386e+00 2.44238138e+00 -1.24251318e+00 1.57375252e+00
    -3.16771913e+00 1.39461607e-01 6.08874369e+00 -5.72729588e+00
    -3.49271595e-01 3.74738145e+00 -2.87908292e+00 1.20058131e+00
    -3.29096884e-01 7.20732808e-01 -3.32469568e-02 -1.71437728e+00
    1.29013705e+00 8.67731810e-01 -1.75676620e+00 1.29028726e+00
    -4.96376902e-01</data></vocabulary>
</opencv_storage>
