<?xml version="1.0"?>
<opencv_storage>
<vocabulary type_id="opencv-matrix">
  <rows>81</rows>
  <cols>1</cols>
  <dt>f</dt>
  <data>
    -6.62150383e-02 2.13173330e-01 -3.08594167e-01 2.08515704e-01
    -2.12823719e-01 5.06067514e-01 -9.27953005e-01 7.39287794e-01
    -2.19728678e-01 1.74873382e-01 -3.82051021e-01 4.35753196e-01
    2.16593385e-01 -8.58325303e-01 6.88782260e-02 1.46813524e+00
    -1.43084729e+00 4.76175457e-01 -1.64409503e-01 2.88484275e-01
    -2.06589341e-01 -1.31616783e+00 2.69901228e+00 -1.17708242e+00
    -1.81687653e+00 2.03578925e+00 -6.64899111e-01 5.93918450e-02
    5.05272508e-01 -1.44711876e+00 3.39416909e+00 -4.46076012e+00
    1.52697921e+00 2.52772641e+00 -2.68240142e+00 8.68756115e-01
    -1.02673300e-01 -7.86557734e-01 1.95867515e+00 -3.52665663e+00
    5.34377384e+00 -4.04543370e-01 -4.17634296e+00 3.74521136e+00
    -1.18611288e+00 1.80600137e-01 9.31447208e-01 -2.41204786e+00
    3.05170798e+00 -2.78233171e+00 -7.31945455e-01 4.92289066e+00
    -4.25593567e+00 1.37517548e+00 -2.52216607e-01 -9.87942338e-01
    2.81681037e+00 -3.06928921e+00 2.15085602e+00 9.50814247e-01
    -4.23281813e+00 3.65248799e+00 -1.29696083e+00 2.05989093e-01
    5.67472100e-01 -1.79965365e+00 2.00129557e+00 -1.55759561e+00
    -4.20521259e-01 2.32576561e+00 -2.08074546e+00 8.18265498e-01
    -6.08917773e-02 -2.09606647e-01 6.26005471e-01 -7.41260767e-01
    6.64592505e-01 -6.77963346e-02 -4.78612125e-01 4.45721388e-01
    -1.84356421e-01</data></vocabulary>
</opencv_storage>
