<?xml version="1.0"?>
<opencv_storage>
<vocabulary type_id="opencv-matrix">
  <rows>81</rows>
  <cols>1</cols>
  <dt>f</dt>
  <data>
    3.74361090e-02 -1.83442280e-01 -7.42711639e-03 2.01624945e-01
    -3.40074956e-01 6.07254386e-01 -3.99972022e-01 2.33569473e-01
    -9.23938006e-02 6.61546662e-02 1.91858768e-01 -3.25689942e-01
    4.42749768e-01 -2.36430287e-01 -3.71388435e-01 1.64469182e-01
    -2.29173139e-01 1.29345566e-01 5.62089533e-02 -6.39257669e-01
    9.06388521e-01 -1.07036507e+00 6.63666785e-01 -7.89073482e-02
    2.24488482e-01 1.22818299e-01 -1.10085510e-01 3.10439505e-02
    4.21434164e-01 -9.19688344e-01 1.51609087e+00 -7.75630772e-01
    -2.58536071e-01 7.15134665e-02 -2.50459522e-01 1.40439436e-01
    -1.46017119e-01 3.10496967e-02 3.80544871e-01 -1.20178342e+00
    2.11506987e+00 3.05998586e-02 -1.19423568e-01 2.79154420e-01
    -1.73784211e-01 9.67221558e-02 3.79829518e-02 -6.36921763e-01
    1.33325613e+00 -1.08640790e+00 3.91135871e-01 -2.72653222e-01
    -1.06220208e-02 7.31428489e-02 -1.66887999e-01 1.39897943e-01
    3.81694257e-01 -8.09495449e-01 2.93926388e-01 2.03666389e-01
    9.69376564e-02 -2.63801187e-01 1.19449496e-01 8.75327364e-02
    -6.73233792e-02 -2.09436461e-01 3.77685845e-01 -2.92184412e-01
    9.43841860e-02 -2.69326657e-01 3.00875276e-01 -1.54634163e-01
    4.08609398e-02 -1.25316754e-01 2.33579844e-01 -2.62065232e-01
    2.22896591e-01 -1.43166572e-01 1.88021630e-01 -1.57072470e-01
    7.79824555e-02</data></vocabulary>
</opencv_storage>
