<?xml version="1.0"?>
<opencv_storage>
<vocabulary type_id="opencv-matrix">
  <rows>81</rows>
  <cols>1</cols>
  <dt>f</dt>
  <data>
    1.77188313e+00 -7.53097105e+00 1.01945353e+01 -1.22732801e+01
    1.11798401e+01 -1.27777338e+01 1.13934450e+01 2.52294683e+00
    -5.59844351e+00 -2.45005822e+00 1.39101219e+01 -2.30356369e+01
    3.17286701e+01 -2.91149502e+01 3.05754128e+01 -2.46641045e+01
    -8.82752037e+00 1.48451090e+01 -6.90519810e+00 7.59728622e+00
    4.14188117e-01 -1.07440834e+01 5.10962248e+00 -6.06252813e+00
    6.44087219e+00 2.03438091e+01 -2.01426411e+01 1.76550293e+01
    -3.38532600e+01 3.04780521e+01 -2.24785957e+01 3.10517559e+01
    -2.82367153e+01 1.57568769e+01 -2.72095737e+01 2.07149620e+01
    -1.46090212e+01 2.62891369e+01 -1.61449833e+01 2.59829235e+00
    -9.14770699e+00 1.03143845e+01 -3.56192136e+00 1.96180859e+01
    -1.70208988e+01 7.18403482e+00 -8.55896091e+00 -9.56507206e+00
    2.81720333e+01 -2.01847782e+01 1.38481522e+01 -9.81431007e+00
    -1.41664867e+01 1.47128210e+01 -6.62520266e+00 1.02944775e+01
    -7.15356946e-01 -7.71758556e+00 -4.10937452e+00 1.40740633e+01
    -1.45863657e+01 2.37459526e+01 -1.57040510e+01 7.55670166e+00
    -1.63237038e+01 1.88302402e+01 -2.29888859e+01 3.68040085e+01
    -4.70937538e+01 4.06656799e+01 -3.17628498e+01 1.53810825e+01
    -3.61275816e+00 8.28812981e+00 -1.09264965e+01 1.44591179e+01
    -2.12805157e+01 2.61032219e+01 -2.21671047e+01 1.59497776e+01
    -7.28048182e+00</data></vocabulary>
</opencv_storage>
