<?xml version="1.0"?>
<opencv_storage>
<vocabulary type_id="opencv-matrix">
  <rows>81</rows>
  <cols>1</cols>
  <dt>f</dt>
  <data>
    8.93667579e-01 -3.79667616e+00 6.31899786e+00 -7.00909567e+00
    8.69953346e+00 -1.24523020e+01 1.22066221e+01 -8.01729584e+00
    3.64695811e+00 5.83429277e-01 4.78179598e+00 -1.11954374e+01
    1.05274553e+01 -1.14431448e+01 1.98277607e+01 -2.10960464e+01
    1.30562906e+01 -4.97253323e+00 -1.59129047e+00 -6.64722300e+00
    1.48378000e+01 -8.57134628e+00 7.50925159e+00 -2.42852592e+01
    2.81259403e+01 -1.50692139e+01 2.94024181e+00 4.17721891e+00
    5.25492144e+00 -1.59946184e+01 1.40777073e+01 -1.20640974e+01
    2.22932816e+01 -2.67558899e+01 1.69440403e+01 -3.73109388e+00
    -9.15515423e+00 1.95276999e+00 1.53399715e+01 -3.35731010e+01
    3.69376297e+01 -3.01206341e+01 3.08301201e+01 -2.37793274e+01
    8.26795292e+00 1.24841690e+01 -1.18330984e+01 -8.77289486e+00
    4.22327194e+01 -4.81574860e+01 3.23634109e+01 -2.77599640e+01
    2.11665916e+01 -7.91525507e+00 -1.52928905e+01 2.62708740e+01
    -7.20488644e+00 -3.39138832e+01 3.78957939e+01 -1.04410810e+01
    2.81562114e+00 -6.23787069e+00 4.11880112e+00 1.17622585e+01
    -2.39539776e+01 1.15141497e+01 2.06812859e+01 -2.16399460e+01
    -4.15799332e+00 1.04051313e+01 -2.30300307e+00 -1.64645278e+00
    -3.21387029e+00 6.54260445e+00 -4.51170778e+00 -2.75377631e+00
    1.37737322e+00 7.77981758e+00 -8.49420738e+00 2.13031864e+00
    9.23977137e-01</data></vocabulary>
</opencv_storage>
