<?xml version="1.0"?>
<opencv_storage>
<vocabulary type_id="opencv-matrix">
  <rows>81</rows>
  <cols>1</cols>
  <dt>f</dt>
  <data>
    -9.52790752e-02 3.35740238e-01 -7.13369697e-02 -3.30694586e-01
    2.81740427e-01 -7.65281469e-02 1.05803937e-01 -4.15891498e-01
    2.73888439e-01 7.88500011e-01 -2.00715446e+00 1.58790505e+00
    -5.32264352e-01 7.21955895e-01 -1.38773835e+00 1.39019120e+00
    -4.65547591e-01 4.02251817e-02 -1.85844052e+00 4.37783241e+00
    -3.82278347e+00 2.38841176e+00 -2.67694378e+00 3.29516149e+00
    -3.26827359e+00 1.67432976e+00 -5.44089913e-01 2.45079064e+00
    -5.77143002e+00 3.82296014e+00 -6.43576205e-01 4.27197397e-01
    -6.35283828e-01 1.73132265e+00 -1.45407856e+00 4.67545509e-01
    -2.55453873e+00 6.14939642e+00 -3.00165033e+00 -2.37546349e+00
    4.23144817e+00 -3.12363410e+00 6.62507057e-01 9.11352098e-01
    -2.40933985e-01 2.78805280e+00 -6.95072269e+00 3.74645162e+00
    1.72722542e+00 -1.79636896e+00 2.28692317e+00 -6.75343096e-01
    -8.45757246e-01 3.77460569e-01 -2.69461608e+00 7.37333870e+00
    -5.26364470e+00 1.56416357e+00 -2.25565147e+00 1.00367606e+00
    -1.31948099e-01 2.47039810e-01 -3.08156729e-01 1.71519899e+00
    -4.88581944e+00 3.56809306e+00 -1.19292974e+00 1.02018797e+00
    2.96377659e-01 -1.30387866e+00 9.78840768e-01 -2.19290659e-01
    -3.21109891e-01 9.88886654e-01 -5.84380209e-01 -1.21455021e-01
    5.36274076e-01 -1.24933136e+00 1.44303560e+00 -9.59900320e-01
    3.40193242e-01</data></vocabulary>
</opencv_storage>
