<?xml version="1.0"?>
<opencv_storage>
<vocabulary type_id="opencv-matrix">
  <rows>81</rows>
  <cols>1</cols>
  <dt>f</dt>
  <data>
    -6.02890968e-01 2.05715752e+00 -1.86687338e+00 1.55715096e+00
    -1.61543095e+00 1.02383721e+00 -1.16370821e+00 1.90738177e+00
    -8.08382332e-01 8.16119015e-01 -3.52810335e+00 2.54729748e+00
    -1.39326060e+00 2.38236284e+00 -2.17543769e+00 2.83689332e+00
    -4.20117331e+00 1.76818264e+00 -2.85228640e-01 2.81637836e+00
    -1.47313285e+00 -1.15201831e+00 -2.17018557e+00 4.65631533e+00
    -6.32234287e+00 7.11197424e+00 -3.14915061e+00 -4.26370889e-01
    -1.10537100e+00 -1.10739577e+00 5.09127951e+00 6.89814687e-01
    -5.83223343e+00 8.45358372e+00 -9.20351601e+00 4.14628696e+00
    1.98377717e+00 -3.42675495e+00 5.66123199e+00 -7.72143412e+00
    1.81982076e+00 5.17991972e+00 -6.92695284e+00 6.80985689e+00
    -2.83248782e+00 -1.94183207e+00 4.08273697e+00 -5.67668915e+00
    5.64312124e+00 1.50037587e+00 -6.36351681e+00 5.77790785e+00
    -4.01675558e+00 1.43074071e+00 1.22635233e+00 -2.49367118e+00
    4.09636641e+00 -4.52302170e+00 -1.79249823e-01 2.68307662e+00
    -1.36090553e+00 -1.28344506e-01 2.51294792e-01 -1.22430146e+00
    2.66156077e+00 -5.02236414e+00 6.89617634e+00 -4.92991400e+00
    3.95502067e+00 -4.39019394e+00 4.10431528e+00 -1.82759202e+00
    4.77980644e-01 -1.09655511e+00 2.36611032e+00 -3.49655676e+00
    2.80578732e+00 -2.51291132e+00 2.74260163e+00 -2.46438313e+00
    1.11862624e+00</data></vocabulary>
</opencv_storage>
