<?xml version="1.0"?>
<opencv_storage>
<vocabulary type_id="opencv-matrix">
  <rows>81</rows>
  <cols>1</cols>
  <dt>f</dt>
  <data>
    -2.49610090e+00 5.08130360e+00 -5.07673931e+00 4.51749897e+00
    -3.99664664e+00 4.25215960e+00 -5.52239561e+00 4.92799568e+00
    -2.04140735e+00 8.23655510e+00 -1.52083549e+01 2.97761941e+00
    1.28719702e+01 -1.61583385e+01 1.07743177e+01 2.31456971e+00
    -1.49496708e+01 1.04078274e+01 -1.50787497e+01 2.70818920e+01
    8.85683823e+00 -5.43464165e+01 6.17139931e+01 -4.60723839e+01
    1.26674738e+01 2.62179050e+01 -2.32664471e+01 2.03797588e+01
    -4.03311729e+01 1.59430432e+00 4.80566940e+01 -4.92008133e+01
    2.68355503e+01 6.74649525e+00 -4.26380196e+01 3.13351879e+01
    -2.50822506e+01 5.72122269e+01 -3.78608246e+01 1.02928553e+01
    -2.23147221e+01 4.66212502e+01 -6.08691483e+01 6.50526581e+01
    -3.51949692e+01 2.59933090e+01 -6.43377151e+01 5.25471344e+01
    -2.85232487e+01 3.97472763e+01 -5.55631981e+01 6.20968666e+01
    -6.15746994e+01 3.22826805e+01 -2.25798416e+01 6.04356537e+01
    -4.36345901e+01 2.64425921e+00 4.95442867e+00 -3.45105171e+00
    -8.72984314e+00 3.14108200e+01 -2.21403027e+01 1.53738480e+01
    -4.32098846e+01 2.82064800e+01 9.63978958e+00 -2.32877369e+01
    2.78129120e+01 -1.59300137e+01 -1.07960806e+01 1.21136599e+01
    -5.10039711e+00 1.44342527e+01 -9.32447624e+00 -3.59174871e+00
    8.65699387e+00 -1.05487089e+01 6.64639807e+00 2.51628208e+00
    -3.50498533e+00</data></vocabulary>
</opencv_storage>
