<?xml version="1.0"?>
<opencv_storage>
<vocabulary type_id="opencv-matrix">
  <rows>81</rows>
  <cols>1</cols>
  <dt>f</dt>
  <data>
    -3.11305940e-01 6.10858381e-01 -8.03878129e-01 6.91350102e-01
    -4.86019045e-01 2.34383717e-01 -7.21596628e-02 3.43428217e-02
    -2.34331023e-02 1.35340500e+00 -2.49393511e+00 3.10616589e+00
    -1.78391516e+00 -5.70041716e-01 1.63822317e+00 -1.64690566e+00
    1.07305098e+00 -2.65660703e-01 -2.44702482e+00 4.56948423e+00
    -5.57881403e+00 2.64130759e+00 2.03487611e+00 -3.78969312e+00
    3.51102948e+00 -2.32833457e+00 6.46223009e-01 2.53972840e+00
    -3.63677382e+00 2.34508038e+00 2.04619122e+00 -6.69605017e+00
    6.67733192e+00 -4.26738977e+00 2.33547235e+00 -6.34737253e-01
    -2.01468492e+00 9.64390218e-01 3.46338677e+00 -8.71293926e+00
    1.38239298e+01 -1.02709036e+01 4.74365187e+00 -2.02460289e+00
    5.33247590e-01 1.64230824e+00 -1.57998785e-01 -4.38687181e+00
    7.29830217e+00 -8.05604649e+00 4.95856285e+00 2.53383636e-01
    -1.32531202e+00 4.65865105e-01 -1.44531286e+00 1.12483251e+00
    9.79486763e-01 -4.21498001e-01 -2.58055186e+00 5.76938391e+00
    -8.45935059e+00 6.23136187e+00 -1.91479754e+00 9.64821041e-01
    -1.59270060e+00 1.56977201e+00 -3.08671451e+00 5.83072901e+00
    -7.77197123e+00 8.51483345e+00 -5.91706324e+00 1.80675364e+00
    -2.83558071e-01 6.81839943e-01 -9.81763899e-01 1.60853887e+00
    -2.49941301e+00 3.03442359e+00 -3.07319617e+00 2.08260679e+00
    -6.21621966e-01</data></vocabulary>
</opencv_storage>
