<?xml version="1.0"?>
<opencv_storage>
<vocabulary type_id="opencv-matrix">
  <rows>81</rows>
  <cols>1</cols>
  <dt>f</dt>
  <data>
    -3.88750285e-02 9.20107365e-02 7.73750246e-02 -4.35470462e-01
    4.54971164e-01 -3.13255608e-01 1.26056194e-01 2.70397682e-02
    1.15310932e-02 -1.47174120e-01 3.01449597e-01 -5.83606958e-01
    1.18110538e+00 -1.18106139e+00 9.40537691e-01 -4.77095008e-01
    4.47668694e-02 -4.50038239e-02 2.55030125e-01 -6.24430716e-01
    5.61122239e-01 -9.16390538e-01 6.48071706e-01 -8.49099874e-01
    4.11027849e-01 1.65459231e-01 -1.35764956e-01 -1.38819605e-01
    4.50021058e-01 -2.06393257e-01 4.69674677e-01 -6.54934868e-02
    6.09665632e-01 -2.19104186e-01 -4.49974447e-01 3.42462569e-01
    -1.02850959e-01 8.34063739e-02 -5.87002993e-01 5.98072410e-01
    7.50859916e-01 -6.15235388e-01 1.88250303e-01 3.49094629e-01
    -2.17982396e-01 2.71197289e-01 -3.75236601e-01 6.14073396e-01
    -6.04667008e-01 3.69957924e-01 6.39630198e-01 -2.92855263e-01
    -1.54556409e-01 4.18549068e-02 -3.21678698e-01 5.05383432e-01
    -5.59064627e-01 3.69121701e-01 -3.89236271e-01 -1.53573766e-01
    3.22746895e-02 8.47358182e-02 1.26072504e-02 3.71733934e-01
    -6.90657914e-01 6.35344446e-01 -3.75806689e-01 2.98278838e-01
    -1.13510616e-01 6.18692115e-02 5.22483885e-02 -6.09461032e-02
    -1.70409501e-01 3.43793660e-01 -2.91005343e-01 1.45912468e-01
    -9.50257108e-02 2.93569136e-02 1.03789605e-02 -8.90642330e-02
    5.88757396e-02</data></vocabulary>
</opencv_storage>
