<?xml version="1.0"?>
<opencv_storage>
<vocabulary type_id="opencv-matrix">
  <rows>81</rows>
  <cols>1</cols>
  <dt>f</dt>
  <data>
    1.15328419e+00 -4.44413280e+00 7.77603102e+00 -9.23640919e+00
    9.82713604e+00 -1.02702007e+01 1.02713013e+01 -7.16337109e+00
    2.13169217e+00 -3.51446128e+00 1.06101942e+01 -1.60257607e+01
    1.51048584e+01 -1.17254496e+01 1.48491049e+01 -2.11347027e+01
    1.71036282e+01 -5.57119608e+00 5.57356501e+00 -1.42386484e+01
    1.85030384e+01 -1.21837797e+01 2.60842466e+00 -1.04288845e+01
    2.68665810e+01 -2.48689575e+01 8.58140469e+00 -5.24851036e+00
    1.08624277e+01 -9.53492355e+00 -3.14609861e+00 1.81671658e+01
    -6.35524702e+00 -1.94135876e+01 2.30308094e+01 -8.60603046e+00
    3.75106859e+00 -4.08873558e+00 -4.63947868e+00 2.36085014e+01
    -4.26240120e+01 2.97257729e+01 3.82057452e+00 -1.51100121e+01
    6.64531660e+00 -3.42090082e+00 3.69694209e+00 3.91617846e+00
    -2.27798100e+01 4.40839386e+01 -3.29591408e+01 3.22571349e+00
    8.96779919e+00 -4.75265694e+00 3.70224667e+00 -6.58854628e+00
    4.23196125e+00 1.03143568e+01 -2.91278877e+01 2.35590878e+01
    -3.83703375e+00 -5.32580519e+00 3.35491872e+00 -2.61486077e+00
    5.76189470e+00 -6.37089586e+00 -1.76295924e+00 1.33799486e+01
    -1.15926237e+01 1.65214097e+00 3.17179084e+00 -2.02278376e+00
    7.53466189e-01 -2.12799811e+00 3.01437926e+00 -1.07413423e+00
    -1.99677467e+00 1.74664342e+00 5.29373646e-01 -1.38548350e+00
    6.77939534e-01</data></vocabulary>
</opencv_storage>
