<?xml version="1.0"?>
<opencv_storage>
<vocabulary type_id="opencv-matrix">
  <rows>81</rows>
  <cols>1</cols>
  <dt>f</dt>
  <data>
    6.58597291e-01 2.35875979e-01 4.11935359e-01 -5.09366632e-01
    -1.89521253e+00 1.55139494e+00 -3.77134711e-01 5.65119386e-01
    -4.23907548e-01 -1.01090014e+00 -3.53042096e-01 -1.09154487e+00
    1.56338942e+00 1.07099724e+00 -1.09181620e-01 -8.30865443e-01
    -2.35094763e-02 8.48565876e-01 5.07201970e-01 6.56987906e-01
    3.69288236e-01 -4.57410157e-01 -2.45324790e-01 -1.35664475e+00
    1.33156693e+00 -1.25929391e+00 -7.79546857e-01 -4.63391244e-01
    -1.86918759e+00 6.67959601e-02 2.07197785e-01 1.76545501e-01
    2.38286592e-02 -3.39732230e-01 6.84863091e-01 5.75369179e-01
    1.06133926e+00 2.95252943e+00 9.09359276e-01 -2.10117459e+00
    3.16621566e+00 5.56816399e-01 5.88535443e-02 7.71202385e-01
    -1.21400930e-01 -8.39701712e-01 -1.67543972e+00 -1.30099380e+00
    1.73784161e+00 -2.94390607e+00 5.39291084e-01 -6.11527741e-01
    -5.83163977e-01 -4.29642200e-01 -2.51959026e-01 -1.34939015e+00
    4.88447964e-01 1.63587368e+00 1.77475488e+00 -8.50583613e-01
    -3.97755951e-01 -1.57931417e-01 7.54243970e-01 5.15362084e-01
    2.53335524e+00 -1.04340470e+00 -1.35122490e+00 -2.21741319e+00
    1.59980416e+00 3.49785239e-01 3.72490644e-01 -6.23479843e-01
    -1.46683618e-01 -1.16643178e+00 1.07495070e+00 -3.95621538e-01
    1.60645556e+00 -1.21159136e+00 2.43697450e-01 -2.28541836e-01
    1.86123833e-01</data></vocabulary>
</opencv_storage>
