<?xml version="1.0"?>
<opencv_storage>
<vocabulary type_id="opencv-matrix">
  <rows>81</rows>
  <cols>1</cols>
  <dt>f</dt>
  <data>
    -7.71374321e+00 -6.46819544e+00 7.58091831e+00 -1.51907659e+00
    -7.66156971e-01 7.16994643e-01 3.20252824e+00 -8.01410913e-01
    -4.36289072e+00 1.56379976e+01 7.94505405e+00 -1.02310534e+01
    5.83351374e+00 2.90788341e+00 4.32468176e+00 -6.18044615e+00
    3.97041368e+00 2.46619678e+00 -1.51230030e+01 7.38441527e-01
    -6.32721961e-01 -6.87113523e+00 -1.41062746e+01 -7.97507524e+00
    1.64857554e+00 -6.93247461e+00 9.18098831e+00 1.49537573e+01
    -2.86027193e+00 2.45851302e+00 9.42290878e+00 2.13925838e+01
    3.95829105e+00 2.54279494e-01 -5.05359411e+00 -1.07249317e+01
    -1.49121046e+01 -2.97078991e+00 9.35523224e+00 -2.12195377e+01
    -1.41311417e+01 1.26646504e-01 4.71778679e+00 2.87860699e+01
    3.47627211e+00 9.40406322e+00 1.05427494e+01 -8.06678677e+00
    2.42734680e+01 1.02923155e+01 -1.63382101e+00 -5.24848747e+00
    -2.63567562e+01 -4.77368927e+00 4.41013098e-01 -1.75931511e+01
    -1.04096527e+01 -1.55726919e+01 -5.38962698e+00 -2.35883892e-01
    2.18709445e+00 -2.20188975e+00 1.51985369e+01 -3.69520450e+00
    1.53625221e+01 1.51714792e+01 8.00691891e+00 1.04026258e+00
    1.69288337e+00 -1.02013934e+00 1.18561468e+01 -1.50603781e+01
    1.24956882e+00 -4.95107985e+00 -5.67229462e+00 -1.94411123e+00
    -2.79641688e-01 -5.80902338e-01 4.30251420e-01 -3.89225841e+00
    4.90448761e+00</data></vocabulary>
</opencv_storage>
