<?xml version="1.0"?>
<opencv_storage>
<vocabulary type_id="opencv-matrix">
  <rows>81</rows>
  <cols>1</cols>
  <dt>f</dt>
  <data>
    -6.62738657e+00 1.32509794e+01 -1.80335312e+01 1.46087723e+01
    -1.62856903e+01 1.16798172e+01 -2.09133744e+00 -4.19352025e-01
    3.57158756e+00 1.47124844e+01 -2.47836170e+01 2.54050999e+01
    -1.29359341e+01 1.04333839e+01 -1.78688984e+01 1.36213942e+01
    4.76503372e+00 -1.48994331e+01 -1.51812067e+01 1.53791304e+01
    -1.37822180e+01 5.59507549e-01 5.99510479e+00 1.84595490e+01
    -2.42749443e+01 -1.25221853e+01 2.65730286e+01 2.26610050e+01
    -9.74082375e+00 1.38263578e+01 -1.25005617e+01 1.09858246e+01
    -1.49958725e+01 -1.84421015e+00 3.83538628e+01 -4.14484215e+01
    -2.53274727e+01 2.90030575e+00 -1.11118536e+01 2.18947620e+01
    -2.52638702e+01 2.07703381e+01 6.12539768e+00 -3.41162415e+01
    4.21400070e+01 2.22901306e+01 -2.00099492e+00 1.57675238e+01
    -1.85043888e+01 1.04504271e+01 -2.33369446e+01 2.51527538e+01
    -9.43972969e+00 -2.07298222e+01 -2.69134731e+01 2.13376293e+01
    -4.05922432e+01 3.52476921e+01 -2.36312485e+01 3.31920166e+01
    -4.72914391e+01 3.98664360e+01 -1.53485799e+00 1.55162382e+01
    -1.47903996e+01 2.82414055e+01 -3.38705559e+01 3.56586800e+01
    -3.70571671e+01 4.06475754e+01 -3.34577332e+01 1.04205046e+01
    -6.39624298e-01 -3.14238214e+00 3.93829107e+00 8.02535176e-01
    -1.17008412e+00 2.53347373e+00 -8.15181351e+00 1.12269220e+01
    -7.61096239e+00</data></vocabulary>
</opencv_storage>
