<?xml version="1.0"?>
<opencv_storage>
<vocabulary type_id="opencv-matrix">
  <rows>81</rows>
  <cols>1</cols>
  <dt>f</dt>
  <data>
    -2.82781929e-01 1.22481138e-01 4.92116302e-01 -5.99674821e-01
    1.76237062e-01 -1.61740199e-01 5.96806347e-01 -6.58076108e-01
    2.84194529e-01 6.01154268e-01 -1.90409943e-01 -1.23584294e+00
    1.51897299e+00 -5.86432755e-01 6.04292154e-01 -1.62039638e+00
    1.64385307e+00 -6.50686324e-01 -5.43175161e-01 1.00021526e-01
    1.27721131e+00 -1.26367497e+00 -4.58644062e-01 -6.83616772e-02
    2.02306080e+00 -2.29787683e+00 8.75946462e-01 4.80626673e-01
    -1.62975386e-01 -8.35629880e-01 6.32244349e-01 1.35505533e+00
    -1.42549068e-01 -2.78590870e+00 3.20579219e+00 -1.20597219e+00
    -7.09917188e-01 1.00034690e+00 -7.23451972e-01 7.83252060e-01
    -8.24558377e-01 3.37672919e-01 2.84471512e+00 -3.51915574e+00
    1.40824020e+00 7.84777105e-01 -1.46400321e+00 1.54808331e+00
    -1.81427372e+00 2.73835540e+00 -8.20256531e-01 -2.42846107e+00
    3.23479652e+00 -1.36246741e+00 -6.62827015e-01 1.44610918e+00
    -1.77530003e+00 1.84062874e+00 -2.38434625e+00 8.70066762e-01
    1.73960733e+00 -2.47656536e+00 1.00292361e+00 4.17161077e-01
    -9.47740257e-01 1.28019249e+00 -1.10459280e+00 1.14662075e+00
    -4.91472900e-01 -8.95854950e-01 1.36390841e+00 -5.21218836e-01
    -1.18991166e-01 1.96340472e-01 -2.20189437e-01 1.06381878e-01
    -1.51488021e-01 -2.19472107e-02 4.95850474e-01 -5.84899426e-01
    1.99033394e-01</data></vocabulary>
</opencv_storage>
