<?xml version="1.0"?>
<opencv_storage>
<vocabulary type_id="opencv-matrix">
  <rows>81</rows>
  <cols>1</cols>
  <dt>f</dt>
  <data>
    -2.68132657e-01 1.20633972e+00 -3.35946560e+00 5.78943825e+00
    -5.89281940e+00 4.25482559e+00 -2.33044791e+00 8.30919743e-01
    -2.20944867e-01 -2.05260944e+00 3.80892324e+00 -2.74249363e+00
    2.25103807e+00 -1.14645970e+00 -1.35768151e+00 1.92893410e+00
    -9.28793788e-01 1.20891549e-01 3.57494378e+00 -6.81942511e+00
    5.26861858e+00 -5.69923782e+00 5.56754351e+00 -2.77366281e+00
    8.92087162e-01 -4.77977902e-01 6.13219798e-01 -2.61492586e+00
    3.81386590e+00 -1.31601560e+00 2.81498861e+00 -5.60880709e+00
    5.23179007e+00 -3.31484437e+00 1.80653870e+00 -1.05296564e+00
    1.13325191e+00 7.57964730e-01 -4.81541252e+00 2.54700541e+00
    5.49513292e+00 -8.10929394e+00 6.60700750e+00 -3.56075454e+00
    1.28794336e+00 -1.82885632e-01 -2.79919791e+00 6.18634319e+00
    -2.97908282e+00 -5.59006500e+00 1.20483875e+01 -1.04382973e+01
    5.37469149e+00 -1.69613171e+00 -1.05231416e+00 5.22588682e+00
    -8.20209408e+00 5.32021379e+00 2.78196192e+00 -1.04793596e+01
    9.93621063e+00 -5.14788914e+00 1.70097828e+00 9.96285856e-01
    -4.11481237e+00 6.60302401e+00 -5.69325495e+00 9.49758112e-01
    3.99074602e+00 -4.42067385e+00 2.28987551e+00 -7.98646390e-01
    -3.41821194e-01 1.28547585e+00 -2.21623731e+00 2.25938106e+00
    -1.08011734e+00 -2.13761508e-01 4.84590948e-01 -1.76135272e-01
    4.77816127e-02</data></vocabulary>
</opencv_storage>
