<?xml version="1.0"?>
<opencv_storage>
<vocabulary type_id="opencv-matrix">
  <rows>81</rows>
  <cols>1</cols>
  <dt>f</dt>
  <data>
    -1.75647902e+00 5.13885450e+00 -7.51070070e+00 8.07449722e+00
    -9.45186043e+00 1.24589014e+01 -1.28196077e+01 1.09027824e+01
    -5.29660606e+00 4.44956732e+00 -1.28070583e+01 1.83555832e+01
    -2.01340332e+01 2.39329166e+01 -3.13446884e+01 3.21964035e+01
    -2.84245071e+01 1.41785622e+01 -6.84771299e-01 6.04099989e+00
    -1.40511971e+01 1.99597721e+01 -2.79920101e+01 3.95414886e+01
    -4.09493752e+01 3.66076698e+01 -1.87259846e+01 -6.95959806e+00
    1.01292372e+01 -1.98611307e+00 -7.36034250e+00 2.05996246e+01
    -3.80604706e+01 4.12590904e+01 -3.70753822e+01 1.96943054e+01
    1.04170513e+01 -1.83446980e+01 1.15601273e+01 -2.01857233e+00
    -9.51355839e+00 2.92318878e+01 -3.40346527e+01 3.05718384e+01
    -1.69630775e+01 -9.97787094e+00 1.88789692e+01 -1.49040804e+01
    7.90753937e+00 1.49692202e+00 -1.85655956e+01 2.40732212e+01
    -2.10640030e+01 1.21784439e+01 7.35240316e+00 -1.43961620e+01
    1.19282837e+01 -7.38477278e+00 1.81083393e+00 1.04974852e+01
    -1.44369135e+01 1.13742113e+01 -6.47835112e+00 -3.80656958e+00
    7.21072292e+00 -5.27625751e+00 2.37178636e+00 -6.59271121e-01
    -4.35147572e+00 5.32193089e+00 -2.09612823e+00 7.44250894e-01
    1.16956842e+00 -2.08170366e+00 1.20257878e+00 8.30930658e-03
    -3.40672612e-01 1.41628349e+00 -1.13529634e+00 -7.11388052e-01
    6.88056529e-01</data></vocabulary>
</opencv_storage>
