<?xml version="1.0"?>
<opencv_storage>
<vocabulary type_id="opencv-matrix">
  <rows>81</rows>
  <cols>1</cols>
  <dt>f</dt>
  <data>
    -6.38044357e+00 2.68324614e+00 1.07761917e+01 -1.28140211e+01
    1.97172756e+01 -4.07844391e+01 1.87743168e+01 5.12986183e+01
    -3.21285973e+01 1.26363564e+01 4.12923157e-01 -7.13467693e+00
    -3.03253250e+01 5.33517113e+01 -4.20797653e+01 6.63036652e+01
    -1.18838951e+02 3.54860573e+01 -8.94032478e+00 1.05478230e+01
    -1.30449810e+01 1.91347427e+01 -5.20002842e+00 -3.31824074e+01
    3.26680946e+01 6.00003853e+01 -2.46429195e+01 -7.25036240e+00
    -2.28445644e+01 4.54478607e+01 -9.78154361e-01 -8.20913410e+00
    2.64057827e+00 -3.12225704e+01 -3.97654800e+01 2.73374577e+01
    1.06370668e+01 1.91442318e+01 -2.32427673e+01 -3.65868783e+00
    2.12429066e+01 9.82619572e+00 -1.39257450e+01 2.82589245e+01
    -2.12105827e+01 5.95813155e-01 -2.99477062e+01 2.85018730e+01
    -3.16812820e+01 -4.07966766e+01 3.54107437e+01 2.53845234e+01
    -3.64514389e+01 4.09507141e+01 1.22785196e+01 -5.48398972e+00
    8.69880295e+00 -3.53100243e+01 7.00581055e+01 -4.42219810e+01
    -9.22220039e+00 -2.44267535e+00 -5.15300102e+01 -1.42910185e+01
    2.25681229e+01 -1.78563442e+01 4.48773994e+01 -3.46693001e+01
    3.57304726e+01 2.65778756e+00 1.69287968e+01 6.84831390e+01
    1.00864160e+00 -2.36549079e-02 -1.95971394e+01 2.30228157e+01
    -3.65182457e+01 2.45794296e+01 -2.17997718e+00 -4.13064537e+01
    -1.77372303e+01</data></vocabulary>
</opencv_storage>
