<?xml version="1.0"?>
<opencv_storage>
<vocabulary type_id="opencv-matrix">
  <rows>81</rows>
  <cols>1</cols>
  <dt>f</dt>
  <data>
    9.70047665e+00 6.59792233e+00 -1.39740677e+01 5.87690473e-01
    1.00158281e+01 -9.99809456e+00 2.78398871e+00 7.03646803e+00
    -8.84215355e+00 -2.51751041e+01 -2.09640560e+01 3.39380836e+01
    7.82729268e-01 -6.02808189e+00 8.04720461e-01 -3.81940627e+00
    -1.76877666e+00 5.84134579e+00 9.08476543e+00 2.80315266e+01
    -1.09068108e+01 -2.25313663e+01 8.13457012e+00 -7.64545202e+00
    3.22191925e+01 -2.81310806e+01 9.07582951e+00 3.62251854e+01
    -3.56751785e+01 -1.68574505e+01 8.34928131e+00 2.53129559e+01
    -1.38252325e+01 -1.66302147e+01 -1.90151823e+00 1.11744394e+01
    -4.65845108e+01 2.32151527e+01 3.05381508e+01 -1.08896484e+01
    -9.01140213e+00 -1.69353294e+01 1.92443714e+01 1.79232655e+01
    -1.07199068e+01 3.12479744e+01 -1.13666716e+01 3.61291790e+00
    -1.40675592e+01 -2.60015392e+00 5.07260170e+01 -1.77854195e+01
    -2.57079506e+01 -2.81186628e+00 -1.70374870e+01 4.37057972e+00
    -1.46147413e+01 2.83324280e+01 -1.65751324e+01 -1.62669868e+01
    -2.90331864e+00 1.54370689e+01 1.13391352e+01 7.22061253e+00
    -3.06451106e+00 -1.05229006e+01 3.54877591e+00 1.19172134e+01
    -2.48495121e+01 1.43472757e+01 1.00353479e+01 -1.52556829e+01
    -5.11225796e+00 8.93667412e+00 1.15756142e+00 5.90681911e-01
    -1.01030722e+01 2.29812355e+01 -8.68903542e+00 -1.18377371e+01
    8.56923676e+00</data></vocabulary>
</opencv_storage>
