<?xml version="1.0"?>
<opencv_storage>
<vocabulary type_id="opencv-matrix">
  <rows>81</rows>
  <cols>1</cols>
  <dt>f</dt>
  <data>
    3.93501210e+00 -3.81795311e+00 -3.47827649e+00 4.13192225e+00
    -1.44455266e+00 3.19068491e-01 -2.72882104e+00 3.95340705e+00
    2.91053168e-02 -7.96688128e+00 7.85640335e+00 1.96388698e+00
    2.90288067e+00 -6.25053644e+00 6.38322830e+00 -1.43252456e+00
    -3.62604594e+00 -4.52632904e+00 4.85694265e+00 1.40089951e-02
    -3.84400058e+00 -3.53492355e+00 5.40994883e+00 -2.05726695e+00
    1.64996636e+00 1.82771772e-01 7.07852840e+00 -3.85504484e+00
    -2.64005542e+00 -2.12932229e+00 2.91802931e+00 -3.64849734e+00
    -5.32309341e+00 1.26455116e+00 5.54720926e+00 -7.77925062e+00
    7.11979032e-01 1.05362444e+01 2.00647807e+00 -1.82828927e+00
    4.02466774e+00 1.51695442e+00 -1.28590047e+00 3.32808638e+00
    4.75036204e-01 1.86340940e+00 -1.33588200e+01 -2.72069740e+00
    2.21757936e+00 4.94231403e-01 -1.24249482e+00 -2.93360859e-01
    -7.15722990e+00 1.13066232e+00 -1.42200923e+00 6.19098902e+00
    -9.85185206e-01 8.48051453e+00 -6.37417936e+00 6.70890474e+00
    -1.43930030e+00 7.95589089e-01 2.10324812e+00 -2.39393902e+00
    3.67321157e+00 -2.15316439e+00 -1.73036730e+00 -3.36681962e+00
    -4.49705982e+00 9.58024120e+00 -3.74904203e+00 7.43356049e-01
    3.09637642e+00 -3.80301499e+00 1.74017775e+00 -1.10291266e+00
    4.09879398e+00 -1.26978755e+00 -2.83241224e+00 -1.03822351e+00
    1.23787975e+00</data></vocabulary>
</opencv_storage>
