<?xml version="1.0"?>
<opencv_storage>
<vocabulary type_id="opencv-matrix">
  <rows>81</rows>
  <cols>1</cols>
  <dt>f</dt>
  <data>
    -4.66151506e-01 5.84262550e-01 2.22176127e-02 -7.34892786e-02
    -3.75171602e-01 4.81298596e-01 -5.13803840e-01 4.27097291e-01
    -1.03866510e-01 8.30986619e-01 -8.92446578e-01 -3.71415973e-01
    4.25123721e-01 5.16777039e-01 -1.34403825e+00 3.04188704e+00
    -2.59511781e+00 5.43822944e-01 -7.12601781e-01 3.82394433e-01
    1.51661205e+00 -1.40771580e+00 -2.95131542e-02 1.02713382e+00
    -4.35436201e+00 3.89432192e+00 -9.80518043e-01 8.44524503e-01
    -1.96001932e-01 -1.91475308e+00 1.31569457e+00 -1.00918107e-01
    -1.36982596e+00 5.55838060e+00 -5.00107622e+00 1.76571000e+00
    -1.04242170e+00 1.75028183e-02 1.95814395e+00 2.02160448e-01
    -2.11148143e+00 5.95272493e+00 -8.74684906e+00 7.12984800e+00
    -2.95262122e+00 1.03629220e+00 7.10873246e-01 -3.27317786e+00
    4.69282210e-01 4.11776686e+00 -6.09558964e+00 6.55037975e+00
    -5.24164772e+00 2.44881678e+00 -7.07781672e-01 -1.86049974e+00
    5.08830690e+00 -1.98944283e+00 -2.77585292e+00 4.17835617e+00
    -4.56512785e+00 3.87375879e+00 -1.81177163e+00 4.31775033e-01
    1.12887549e+00 -3.36559081e+00 1.13265157e+00 2.17245245e+00
    -3.00340247e+00 2.54780841e+00 -2.19872928e+00 1.19210052e+00
    -2.90204912e-01 5.03177047e-02 6.25657141e-01 -1.00896545e-01
    -5.52159309e-01 2.96238989e-01 2.62731403e-01 2.53722388e-02
    -2.75719732e-01</data></vocabulary>
</opencv_storage>
