<?xml version="1.0"?>
<opencv_storage>
<vocabulary type_id="opencv-matrix">
  <rows>81</rows>
  <cols>1</cols>
  <dt>f</dt>
  <data>
    -1.27814281e+00 1.24380851e+00 1.48175907e+00 -1.90830553e+00
    4.40271425e+00 -1.22153454e+01 1.12565117e+01 3.61507964e+00
    -6.36912489e+00 3.03576994e+00 -5.18303752e-01 -7.42522430e+00
    5.57764626e+00 -3.46253705e+00 1.12092018e+01 -1.09496880e+01
    -1.37233791e+01 1.80342197e+01 -6.94652033e+00 5.63122463e+00
    1.94500315e+00 7.77453518e+00 -1.94538288e+01 1.46471472e+01
    -7.63060617e+00 2.51419373e+01 -2.58863792e+01 1.19439363e+01
    -1.73292141e+01 5.67822981e+00 -4.20002079e+00 1.29661045e+01
    -8.35048962e+00 -4.86829311e-01 -1.86225948e+01 2.28838863e+01
    -1.67159958e+01 3.00333996e+01 -8.32207108e+00 -1.82715340e+01
    1.78753929e+01 -1.46306782e+01 1.88772755e+01 5.95350599e+00
    -1.66181412e+01 1.55727310e+01 -2.68822308e+01 5.48216200e+00
    2.25827694e+01 -2.33699951e+01 2.03816490e+01 -2.48092651e+01
    3.42956495e+00 9.48091030e+00 -6.52100420e+00 3.92223215e+00
    1.06084776e+01 -2.09674282e+01 1.41794271e+01 -8.65668106e+00
    1.62483311e+01 -5.42184877e+00 -4.63611650e+00 -1.10544801e+00
    1.01153088e+01 -1.43952618e+01 8.98736572e+00 -1.34013116e+00
    -1.49583864e+00 -5.05946970e+00 2.35632038e+00 2.24828005e+00
    2.26444292e+00 -7.49735928e+00 5.63099289e+00 3.49484754e+00
    -5.66458368e+00 7.54533470e-01 3.04838014e+00 -1.95357883e+00
    9.49735567e-02</data></vocabulary>
</opencv_storage>
