<?xml version="1.0"?>
<opencv_storage>
<vocabulary type_id="opencv-matrix">
  <rows>81</rows>
  <cols>1</cols>
  <dt>f</dt>
  <data>
    -3.40781480e-01 1.04715405e+01 -4.08541107e+00 1.11156683e+01
    -1.14172316e+01 -8.33940983e+00 -2.41731071e+01 9.33579063e+00
    8.02975273e+00 2.74809265e+00 -1.37317781e+01 -1.19673414e+01
    1.28482094e+01 -5.78924370e+00 3.54083862e+01 2.00055866e+01
    -1.01100950e+01 -1.64747524e+01 -8.70689297e+00 1.53096485e+01
    7.11340094e+00 -1.14503145e+01 -5.81068420e+00 -1.09079676e+01
    -4.48592424e+00 1.14563313e+01 9.33119583e+00 6.52343082e+00
    -2.23901806e+01 1.85541642e+00 6.21161556e+00 5.53340912e+00
    -1.23571882e+01 9.55110741e+00 -1.30316095e+01 -2.90528083e+00
    1.11828318e+01 7.88080740e+00 5.14349508e+00 8.51307869e+00
    -3.85612845e+00 2.48782673e+01 -2.21834793e+01 8.16953373e+00
    9.62559164e-01 -5.57762337e+00 -1.44073057e+01 6.49491882e+00
    -8.51912308e+00 -9.66528893e+00 -3.67957282e+00 1.02942133e+01
    -2.97699881e+00 -7.91431010e-01 -8.14935684e+00 -4.98123884e+00
    2.49142790e+00 5.30628490e+00 4.03279126e-01 -4.00814629e+00
    -1.37859497e+01 9.48161983e+00 3.42475367e+00 1.08546333e+01
    6.67115974e+00 1.25903761e+00 -5.89579058e+00 6.92170238e+00
    -1.62393427e+00 1.77773228e+01 -1.01181383e+01 -4.32945251e+00
    -3.82476735e+00 6.79641843e-01 -2.39136147e+00 -3.24725056e+00
    1.77301645e+00 7.02373457e+00 -1.59229240e+01 8.40311241e+00
    5.41534901e-01</data></vocabulary>
</opencv_storage>
