<?xml version="1.0"?>
<opencv_storage>
<vocabulary type_id="opencv-matrix">
  <rows>81</rows>
  <cols>1</cols>
  <dt>f</dt>
  <data>
    -1.72041550e-01 7.85440636e+00 -2.13455486e+01 3.55429420e+01
    -4.84203682e+01 3.88781395e+01 -1.18413534e+01 -2.86287594e+00
    2.29175544e+00 -6.61256433e-01 3.17704463e+00 -5.22670555e+00
    -4.27575302e+00 3.13434544e+01 -3.84483604e+01 7.87579250e+00
    1.29216280e+01 -6.39741278e+00 -3.15274596e+00 4.73893595e+00
    -1.82948589e+00 7.10971546e+00 -3.63824081e+01 4.24443626e+01
    9.34117675e-01 -2.62089691e+01 1.15243893e+01 7.59603786e+00
    -1.38061953e+01 8.59952450e+00 -8.36002636e+00 3.84584198e+01
    -4.31038742e+01 -1.04161301e+01 3.82651176e+01 -1.60781479e+01
    -8.14420605e+00 1.16343489e+01 -8.35501969e-01 -2.61191726e+00
    -2.39954815e+01 2.58030396e+01 2.96380196e+01 -5.06790352e+01
    1.92325020e+01 5.96298838e+00 -1.87256968e+00 -1.73129101e+01
    2.47072926e+01 -2.30916166e+00 7.79464912e+00 -6.15610390e+01
    6.85970688e+01 -2.32646542e+01 -3.33290982e+00 -5.42704296e+00
    2.64631290e+01 -3.31470909e+01 1.76255856e+01 -2.50422707e+01
    6.55962601e+01 -6.29780617e+01 2.00103970e+01 8.51456881e-01
    7.50632668e+00 -2.21650715e+01 2.45962448e+01 -1.61543083e+01
    2.25056286e+01 -4.52512817e+01 3.87862892e+01 -1.11098232e+01
    -1.54408589e-01 -3.91722727e+00 1.04974489e+01 -1.05011606e+01
    6.11778259e+00 -8.90320015e+00 1.78684101e+01 -1.46251583e+01
    3.93494129e+00</data></vocabulary>
</opencv_storage>
