<?xml version="1.0"?>
<opencv_storage>
<vocabulary type_id="opencv-matrix">
  <rows>81</rows>
  <cols>1</cols>
  <dt>f</dt>
  <data>
    -1.94954860e+00 1.81238782e+00 1.22238243e+00 -6.48267317e+00
    1.24628706e+01 -1.10790501e+01 5.77540636e+00 -2.50805140e+00
    7.94706941e-01 4.83141327e+00 -4.60316849e+00 -2.96322680e+00
    1.50146275e+01 -2.78305759e+01 2.43126469e+01 -1.21320734e+01
    4.94300079e+00 -1.55403483e+00 -6.58447838e+00 7.06917858e+00
    1.91141701e+00 -1.36199322e+01 2.43815403e+01 -1.90292721e+01
    4.92331982e+00 3.94650638e-01 -4.51880619e-02 7.63873720e+00
    -9.11499500e+00 -4.37061395e-03 9.65299129e+00 -1.61892796e+01
    8.76901150e+00 5.59151411e+00 -7.39337921e+00 2.07963586e+00
    -7.37231016e+00 1.05604582e+01 -4.46791077e+00 -1.80845904e+00
    6.36117172e+00 2.00488019e+00 -1.38599463e+01 1.22806444e+01
    -3.49538326e+00 6.43205786e+00 -1.13330765e+01 9.30678558e+00
    -7.59595871e+00 7.57056189e+00 -1.30959845e+01 2.06137276e+01
    -1.58855181e+01 4.60956860e+00 -4.07340956e+00 6.40344286e+00
    -3.44978786e+00 1.62773991e+00 -1.66723776e+00 5.93941641e+00
    -1.16467648e+01 9.30581093e+00 -2.75063109e+00 1.11878324e+00
    8.91975522e-01 -6.69823837e+00 1.06495647e+01 -1.26570148e+01
    9.66995716e+00 -4.17980146e+00 1.35385191e+00 -2.69170552e-01
    -5.69485426e-02 -1.71274364e+00 5.14543295e+00 -7.58745670e+00
    8.95678234e+00 -7.59936810e+00 4.84848022e+00 -2.56201410e+00
    6.76101446e-01</data></vocabulary>
</opencv_storage>
