<?xml version="1.0"?>
<opencv_storage>
<vocabulary type_id="opencv-matrix">
  <rows>81</rows>
  <cols>1</cols>
  <dt>f</dt>
  <data>
    3.01647447e-02 -9.28515315e-01 2.85508204e+00 -3.15242362e+00
    1.44587708e+00 -9.93173003e-01 1.57646751e+00 -5.22391677e-01
    5.27713187e-02 9.35684890e-02 2.57703781e-01 -1.49258578e+00
    1.60958707e+00 -6.19240463e-01 8.25232208e-01 -1.48614049e+00
    9.55195129e-01 -1.06145263e+00 -1.15756190e+00 2.29612255e+00
    -1.29552984e+00 7.74015009e-01 -5.61742246e-01 -1.05150926e+00
    1.33291626e+00 -1.26546550e+00 1.91090000e+00 1.72554421e+00
    -2.82436705e+00 1.17233396e+00 -4.37454015e-01 -1.17856443e+00
    1.62868381e+00 6.68639481e-01 9.12016511e-01 -2.21692371e+00
    -2.08822393e+00 2.53232789e+00 -2.61518776e-01 -9.64023650e-01
    4.59999084e+00 -2.00408530e+00 -2.45097208e+00 -4.33482200e-01
    2.36921310e+00 2.41931820e+00 -2.51247501e+00 5.32805771e-02
    1.54807878e+00 -3.61720824e+00 1.41753709e+00 2.56973505e+00
    -3.09626341e-01 -1.64621937e+00 -2.53336906e+00 2.28769350e+00
    6.12023510e-02 -2.37188339e+00 4.72925234e+00 -2.33784652e+00
    -9.42085087e-01 -2.06359640e-01 1.08296263e+00 1.82192492e+00
    -1.55664837e+00 -4.20455337e-01 1.71310675e+00 -2.84471726e+00
    1.34630334e+00 5.00802040e-01 -9.60834399e-02 -3.93809229e-01
    -5.90363860e-01 1.02532661e+00 -8.18907440e-01 5.13950586e-01
    -1.15698263e-01 2.22163171e-01 -3.99472892e-01 1.69841573e-01
    5.19658178e-02</data></vocabulary>
</opencv_storage>
