<?xml version="1.0"?>
<opencv_storage>
<vocabulary type_id="opencv-matrix">
  <rows>81</rows>
  <cols>1</cols>
  <dt>f</dt>
  <data>
    7.34983802e-01 -5.47605097e-01 -3.23352075e+00 3.56247687e+00
    -2.69454885e+00 -1.30482507e+00 7.56784248e+00 -6.82843781e+00
    2.78064179e+00 -3.70998216e+00 5.59925413e+00 4.24660110e+00
    -6.24993038e+00 5.25092649e+00 6.31965935e-01 -5.61323547e+00
    3.29382277e+00 -3.67607999e+00 1.53943169e+00 -3.13817930e+00
    -4.64614296e+00 4.18550730e+00 -2.09751177e+00 -1.44265366e+00
    -3.22374910e-01 -1.66108906e+00 4.81976366e+00 4.05947351e+00
    3.93314213e-02 -3.86034513e+00 4.42274666e+00 -5.17195845e+00
    5.15028286e+00 8.29375362e+00 -1.57901061e+00 -2.64664769e+00
    -5.34237051e+00 2.36503291e+00 4.77365351e+00 -4.69139767e+00
    4.78365946e+00 9.95105579e-02 -9.78320217e+00 6.04630291e-01
    1.33321440e+00 -1.51281512e+00 7.33827233e-01 6.53523636e+00
    -1.45587337e+00 2.41557375e-01 -2.86762357e+00 -7.22619414e-01
    4.35159397e+00 -2.64121532e+00 4.80315447e+00 -3.79953861e+00
    -7.45050573e+00 5.17584085e-01 -1.41733634e+00 2.48956472e-01
    -1.63679540e+00 6.98477268e+00 -1.47438407e+00 -2.23602748e+00
    2.92479038e+00 -3.22287157e-02 2.31873798e+00 -4.61599767e-01
    2.28862977e+00 1.08007097e+00 -5.14798021e+00 7.13995397e-01
    2.28615567e-01 3.96821976e-01 -2.42257762e+00 1.65905762e+00
    1.92802858e+00 -3.30925417e+00 1.91857964e-01 -3.12601328e-01
    1.85923278e+00</data></vocabulary>
</opencv_storage>
