<?xml version="1.0"?>
<opencv_storage>
<vocabulary type_id="opencv-matrix">
  <rows>81</rows>
  <cols>1</cols>
  <dt>f</dt>
  <data>
    -2.94632524e-01 8.73007655e-01 -9.30489123e-01 6.97784781e-01
    -4.46577370e-01 -1.98203325e-02 2.17343435e-01 -3.40877175e-01
    2.96736926e-01 8.01719964e-01 -1.94685793e+00 1.40480852e+00
    1.75035018e-02 -2.37321287e-01 7.75348544e-01 -1.95635962e+00
    2.59701180e+00 -1.45551574e+00 -1.39326775e+00 3.36420345e+00
    -2.58528543e+00 -1.66108087e-01 8.59597564e-01 -1.60047054e+00
    3.65265870e+00 -4.66420603e+00 2.44853520e+00 1.95967674e+00
    -4.53183651e+00 3.43829513e+00 1.77058414e-01 -1.60652590e+00
    2.57056785e+00 -5.29817438e+00 6.75589371e+00 -3.42598343e+00
    -1.79943860e+00 3.95643663e+00 -3.23136210e+00 -1.34769872e-01
    3.13032913e+00 -3.42835975e+00 6.12644005e+00 -8.09035301e+00
    4.18917179e+00 6.12761140e-01 -1.09543240e+00 4.32695091e-01
    2.16255927e+00 -3.50553346e+00 4.86510992e+00 -7.25433493e+00
    8.75908375e+00 -4.75670052e+00 5.52631080e-01 -1.19885147e+00
    1.57964265e+00 -3.30910158e+00 4.18004417e+00 -4.96073294e+00
    7.42351627e+00 -8.61233997e+00 4.90179491e+00 -6.21762514e-01
    1.23136532e+00 -1.70277286e+00 2.82510448e+00 -3.53376079e+00
    3.64566898e+00 -4.94222879e+00 5.44106388e+00 -3.18754625e+00
    -3.94935124e-02 1.30658716e-01 2.30793446e-01 -8.82267475e-01
    1.33125198e+00 -1.40049362e+00 1.49330521e+00 -1.32636690e+00
    8.00631821e-01</data></vocabulary>
</opencv_storage>
