<?xml version="1.0"?>
<opencv_storage>
<vocabulary type_id="opencv-matrix">
  <rows>81</rows>
  <cols>1</cols>
  <dt>f</dt>
  <data>
    -5.51022708e-01 1.17730510e+00 -1.26715994e+00 7.50521302e-01
    -1.97682619e-01 -6.82251692e-01 2.03104067e+00 -1.95071638e+00
    7.04746187e-01 1.43074703e+00 -3.06524944e+00 3.37220073e+00
    -2.36907291e+00 1.46867919e+00 5.93183935e-01 -4.05150652e+00
    4.22653627e+00 -1.59171164e+00 -1.93661606e+00 3.83831120e+00
    -3.87269068e+00 3.02316427e+00 -3.06904006e+00 9.69238222e-01
    3.03490067e+00 -4.05824661e+00 1.64214957e+00 2.21383309e+00
    -3.63714695e+00 2.46412730e+00 -1.53400707e+00 2.77116227e+00
    -1.79323375e+00 -1.29335177e+00 2.81772161e+00 -1.25442207e+00
    -1.73390782e+00 1.62969601e+00 1.38633990e+00 -2.91414165e+00
    2.29322743e+00 4.46326107e-01 -4.80480760e-01 -6.77096248e-01
    4.46310252e-01 9.69908953e-01 9.71445620e-01 -6.04127693e+00
    7.97601604e+00 -5.84176826e+00 1.95995843e+00 1.63712263e+00
    -1.54810083e+00 4.70826745e-01 -5.26207983e-01 -1.88478255e+00
    7.07445478e+00 -9.20563793e+00 7.63626337e+00 -3.35539436e+00
    -1.38773644e+00 1.94989979e+00 -7.19907820e-01 2.66871512e-01
    1.78537214e+00 -5.94544840e+00 8.02711582e+00 -7.51563120e+00
    4.07971478e+00 5.93872368e-02 -1.04161179e+00 4.61630642e-01
    -8.66910070e-02 -8.84973049e-01 2.79978633e+00 -3.81117535e+00
    3.65222239e+00 -2.09475255e+00 1.62142098e-01 4.05734599e-01
    -2.04999819e-01</data></vocabulary>
</opencv_storage>
