<?xml version="1.0"?>
<opencv_storage>
<vocabulary type_id="opencv-matrix">
  <rows>81</rows>
  <cols>1</cols>
  <dt>f</dt>
  <data>
    -4.13482606e-01 1.43374562e+00 4.57347423e-01 -4.59356308e+00
    6.20029736e+00 -3.88987994e+00 -2.40884852e+00 4.99301672e+00
    -1.95869470e+00 1.38947701e+00 -4.56712294e+00 2.36128974e+00
    5.47913313e+00 -9.31086063e+00 6.16529465e+00 5.38140869e+00
    -9.87115192e+00 4.02304363e+00 -1.07751477e+00 2.87415361e+00
    -1.12200058e+00 -2.00522304e+00 1.35992870e-01 1.49289203e+00
    -7.93711662e+00 8.78596020e+00 -3.60630035e+00 -2.54396409e-01
    -3.41725796e-01 -3.55827779e-01 9.45427895e-01 3.53922939e+00
    -3.20562005e+00 4.66848612e+00 -3.26744413e+00 1.29636323e+00
    1.10602498e+00 -1.03191710e+00 1.21958494e+00 -8.59420419e-01
    -3.83271265e+00 2.91894960e+00 -2.70006925e-01 -1.14501834e+00
    4.51603562e-01 -1.29537702e+00 2.62121487e+00 -4.12728930e+00
    3.65700793e+00 2.74734902e+00 -4.84714925e-01 -3.47997832e+00
    3.48624587e+00 -1.30051804e+00 5.43311119e-01 -2.07353783e+00
    4.38739204e+00 -5.66745520e+00 2.11465859e+00 -3.83098292e+00
    5.75804234e+00 -4.29516983e+00 1.43082762e+00 -1.40001774e-01
    7.71910131e-01 -1.91536903e+00 4.10919142e+00 -3.70589137e+00
    4.47798920e+00 -3.77404571e+00 2.13480210e+00 -5.12526512e-01
    1.66437641e-01 -2.02291667e-01 2.99232125e-01 -1.24656880e+00
    1.20947063e+00 -1.48190081e+00 1.09065199e+00 -5.53156972e-01
    8.43455568e-02</data></vocabulary>
</opencv_storage>
