<?xml version="1.0"?>
<opencv_storage>
<vocabulary type_id="opencv-matrix">
  <rows>81</rows>
  <cols>1</cols>
  <dt>f</dt>
  <data>
    4.79677379e-01 -9.88120079e-01 1.20465958e+00 -1.08737564e+00
    7.74998128e-01 -3.25047970e-01 -1.85232311e-01 4.86438155e-01
    -2.14075401e-01 -1.21572316e+00 2.01424527e+00 -1.24268842e+00
    1.19527698e+00 -1.96392596e+00 1.69306099e+00 -6.08068228e-01
    -6.70608878e-02 4.87398617e-02 1.70302570e+00 -2.98203683e+00
    1.78993356e+00 -1.99789667e+00 3.58814144e+00 -3.58604622e+00
    1.19438541e+00 -4.05222684e-01 4.88459826e-01 -2.18157935e+00
    3.46029878e+00 -1.52587724e+00 2.27772069e+00 -5.17478752e+00
    5.36472416e+00 -1.68997896e+00 4.06241685e-01 -1.23112941e+00
    2.49240947e+00 -2.91761422e+00 -6.05147123e-01 -4.65777606e-01
    5.11474180e+00 -4.64986181e+00 1.52813601e+00 -1.97393909e-01
    1.72525942e+00 -2.15510464e+00 2.11936140e+00 7.68593848e-01
    2.47602716e-01 -2.15058184e+00 2.77042699e+00 -9.79963779e-01
    -3.14855911e-02 -1.21363366e+00 1.92400134e+00 -2.84670353e+00
    2.46232796e+00 -2.18436766e+00 1.16744018e+00 -8.26664984e-01
    -3.16394985e-01 8.44183803e-01 5.86930960e-02 -1.39893937e+00
    3.01064968e+00 -4.41566038e+00 4.70883322e+00 -4.11083221e+00
    2.99443531e+00 -9.51137364e-01 2.42036447e-01 -2.49769866e-01
    6.05006099e-01 -1.91428173e+00 2.96138597e+00 -3.20877051e+00
    3.51709843e+00 -3.27109385e+00 2.06227112e+00 -1.36829245e+00
    6.24310136e-01</data></vocabulary>
</opencv_storage>
