<?xml version="1.0"?>
<opencv_storage>
<vocabulary type_id="opencv-matrix">
  <rows>81</rows>
  <cols>1</cols>
  <dt>f</dt>
  <data>
    2.10370719e-01 -5.33435464e-01 2.58153677e-01 1.57935143e-01
    -2.84674048e-01 4.36983436e-01 -1.73671693e-01 -2.19043046e-02
    2.91614365e-02 -3.19729120e-01 8.87261510e-01 -7.10756183e-01
    2.54296988e-01 5.55237606e-02 -4.00518805e-01 4.43532579e-02
    1.86387479e-01 -1.03103817e-01 1.24667972e-01 -4.08895940e-01
    -1.97908077e-02 5.13617873e-01 -9.91615295e-01 7.22008288e-01
    -1.92680076e-01 -1.30547523e-01 3.23259160e-02 1.74442261e-01
    -2.62326449e-01 5.66213310e-01 -7.28861213e-01 1.61937058e+00
    -1.24811029e+00 5.84793568e-01 -1.11471973e-01 1.09501228e-01
    -3.53534311e-01 6.63303733e-01 -8.58101547e-01 8.35917473e-01
    -2.38096535e-01 1.12510216e+00 -8.48310351e-01 5.02900124e-01
    -2.61988729e-01 3.63500655e-01 -6.39173925e-01 4.20925438e-01
    -2.26410612e-01 8.07811201e-01 -9.14393187e-01 9.57879603e-01
    -8.63901138e-01 3.90216708e-01 -2.16334522e-01 2.48832569e-01
    1.81370527e-01 -5.23761213e-01 -2.47932628e-01 6.96248114e-01
    -7.12452173e-01 5.32106698e-01 -2.07125902e-01 5.98255135e-02
    1.05577528e-01 -4.38605368e-01 6.89812601e-01 -3.16861778e-01
    -6.73614368e-02 1.86194777e-01 -1.92008391e-01 6.56397045e-02
    -1.50213763e-03 -1.02561221e-01 2.71205842e-01 -3.95962775e-01
    1.91858768e-01 3.26690450e-02 -8.38702917e-02 8.18234384e-02
    -2.65208576e-02</data></vocabulary>
</opencv_storage>
