<?xml version="1.0"?>
<opencv_storage>
<vocabulary type_id="opencv-matrix">
  <rows>81</rows>
  <cols>1</cols>
  <dt>f</dt>
  <data>
    -2.48633623e-01 2.09168226e-01 -5.37707150e-01 6.79889619e-02
    -4.82185841e-01 1.80279776e-01 2.03001499e+00 -2.16721201e+00
    3.85545909e-01 1.20695174e+00 -1.79285049e+00 1.98775780e+00
    2.70346403e-02 -4.25008446e-01 2.20902038e+00 -5.89339447e+00
    4.35379839e+00 -1.46364674e-01 -1.57642722e+00 1.87194085e+00
    -1.56425321e+00 -8.48743469e-02 2.72522837e-01 -3.32839060e+00
    6.65875387e+00 -3.36625791e+00 -9.47470307e-01 1.29945326e+00
    -9.87599671e-01 1.31531465e+00 -1.58343840e+00 1.89022958e+00
    2.18050623e+00 -5.59541798e+00 1.70047891e+00 1.80860126e+00
    -1.64419925e+00 1.53417206e+00 -2.13645124e+00 2.68058968e+00
    -1.52367806e+00 -1.48960471e+00 5.49962807e+00 -2.24064827e+00
    -1.26339805e+00 1.39433599e+00 -3.55027139e-01 3.87900919e-01
    -9.62948918e-01 8.43434870e-01 2.76533413e+00 -6.15073299e+00
    2.71677613e+00 6.65017903e-01 -2.87624002e-01 -1.60720158e+00
    1.20105731e+00 1.69000864e-01 -5.58983147e-01 -1.31886685e+00
    2.98676229e+00 -2.68026590e-01 -1.33616316e+00 -3.91209751e-01
    2.07570577e+00 -1.59029245e+00 4.54836935e-01 5.85889041e-01
    -1.24689102e+00 1.13247836e+00 -2.29066730e+00 1.91382432e+00
    2.70869255e-01 -1.00086498e+00 6.92629814e-01 -1.78997219e-01
    -2.99417049e-01 7.76138544e-01 -9.54603910e-01 1.41931534e+00
    -9.96210754e-01</data></vocabulary>
</opencv_storage>
