<?xml version="1.0"?>
<opencv_storage>
<vocabulary type_id="opencv-matrix">
  <rows>81</rows>
  <cols>1</cols>
  <dt>f</dt>
  <data>
    -6.28595650e-02 1.84367791e-01 -3.57182741e-01 5.49393773e-01
    -5.38467228e-01 3.86928111e-01 -8.22739601e-02 -3.00065000e-02
    -3.01083494e-02 2.96917349e-01 -7.47323334e-01 1.31487203e+00
    -1.36543024e+00 1.06615329e+00 -6.48172081e-01 -1.08326137e-01
    2.11631805e-01 4.00284901e-02 -5.01372874e-01 1.28807962e+00
    -2.25121689e+00 1.91347039e+00 -1.37933636e+00 6.58567905e-01
    4.67608184e-01 -4.75274712e-01 4.38117277e-04 3.28107297e-01
    -9.14428890e-01 1.57986736e+00 -9.22810256e-01 6.02604270e-01
    -3.49548787e-01 -5.55453539e-01 4.27116483e-01 2.53649000e-02
    -1.02553479e-01 3.83819699e-01 -7.19464600e-01 3.50597361e-03
    1.42464912e+00 -1.39413163e-01 3.67392629e-01 -2.06857666e-01
    -6.41806573e-02 -6.59149885e-02 2.20396981e-01 -3.26411664e-01
    5.33456922e-01 -1.40400544e-01 1.62768885e-01 -2.57217646e-01
    5.69688864e-02 5.10501228e-02 2.02929452e-01 -6.35554731e-01
    9.86810267e-01 -8.09514642e-01 -2.32565984e-01 3.57319891e-01
    -1.63405627e-01 1.71177268e-01 -7.04980940e-02 -1.72776520e-01
    6.27714097e-01 -1.08878255e+00 8.97551477e-01 -1.47545442e-01
    -2.32332915e-01 2.61725068e-01 -2.68285394e-01 6.45642504e-02
    7.32943118e-02 -3.55108500e-01 6.57235444e-01 -5.87277353e-01
    2.96173096e-01 -1.00562684e-02 -1.68872193e-01 1.63387060e-01
    -2.04292946e-02</data></vocabulary>
</opencv_storage>
