<?xml version="1.0"?>
<opencv_storage>
<vocabulary type_id="opencv-matrix">
  <rows>81</rows>
  <cols>1</cols>
  <dt>f</dt>
  <data>
    5.39312977e-03 2.56888032e-01 -6.84377849e-01 8.67224872e-01
    -8.22166026e-01 5.44827580e-01 -3.13619137e-01 1.12861454e-01
    -3.71293724e-02 -1.50418594e-01 -2.14340538e-01 1.06750095e+00
    -1.29922414e+00 9.14886355e-01 -2.94128418e-01 -3.56770962e-01
    4.74975169e-01 -3.84404138e-02 5.27029693e-01 -4.38120455e-01
    -4.96960640e-01 6.40199482e-01 1.18496850e-01 -9.36989129e-01
    1.62270474e+00 -1.43604338e+00 2.52683133e-01 -9.38694537e-01
    1.21558440e+00 -3.30379516e-01 1.89102953e-03 -1.97718486e-01
    4.13566083e-01 -9.20447469e-01 1.06027114e+00 -2.66043723e-01
    1.20646882e+00 -1.55314076e+00 3.07402432e-01 6.90559328e-01
    -6.60184562e-01 2.30188179e+00 -1.50621521e+00 4.06361192e-01
    -3.48487683e-02 -1.31192207e+00 2.16769481e+00 -1.71455669e+00
    3.30543846e-01 1.72269309e+00 -2.19492769e+00 1.48701966e+00
    -6.73467278e-01 1.54624596e-01 1.27611101e+00 -2.72105217e+00
    3.29315877e+00 -1.95539224e+00 -1.01697944e-01 6.69315696e-01
    -5.55998504e-01 3.33190292e-01 -1.44964039e-01 -8.02965641e-01
    1.89872384e+00 -2.62389731e+00 1.79836130e+00 -6.22350156e-01
    9.66401994e-02 -5.62997423e-02 1.64984465e-02 5.49827404e-02
    2.25514174e-01 -6.12964153e-01 9.03618455e-01 -6.28415883e-01
    3.06722403e-01 -1.66284963e-01 1.25922024e-01 -4.58408110e-02
    -1.10215442e-02</data></vocabulary>
</opencv_storage>
