<?xml version="1.0"?>
<opencv_storage>
<vocabulary type_id="opencv-matrix">
  <rows>81</rows>
  <cols>1</cols>
  <dt>f</dt>
  <data>
    4.12422836e-01 -1.32000637e+00 1.16286361e+00 -1.01357067e+00
    2.64989018e+00 -2.02968240e+00 -9.41714048e-01 1.15674806e+00
    6.96877465e-02 -3.62598062e-01 -3.30219837e-03 2.09621191e+00
    -5.33416843e+00 6.34128428e+00 -8.70137119e+00 1.20926485e+01
    -9.12527752e+00 2.68685889e+00 -1.32701766e+00 4.89872503e+00
    -9.83404922e+00 1.65539722e+01 -2.22167015e+01 2.61034946e+01
    -2.65308132e+01 1.85885410e+01 -6.30700684e+00 2.43911624e+00
    -5.87066746e+00 8.88743591e+00 -1.50557308e+01 2.23741226e+01
    -2.67073135e+01 2.52130451e+01 -1.56311378e+01 5.64998674e+00
    -2.05967140e+00 1.49649417e+00 1.56440449e+00 5.41213095e-01
    -6.87783384e+00 1.20412273e+01 -8.38353252e+00 2.11805487e+00
    -2.00951409e+00 1.84242368e+00 1.91754508e+00 -8.35032272e+00
    1.01120129e+01 -4.43262911e+00 -1.99676609e+00 5.02408803e-01
    2.11485338e+00 2.71501064e-01 -2.21942663e+00 -1.50416958e+00
    6.18246460e+00 -1.00822277e+01 7.98882008e+00 3.41490686e-01
    -1.02035427e+00 -4.63407981e-04 -5.59613824e-01 2.85209274e+00
    -8.61992359e-01 -1.30240631e+00 3.72728634e+00 -1.92973185e+00
    -5.13834524e+00 5.99238110e+00 -4.33382130e+00 1.58716381e+00
    -1.52917647e+00 1.20240414e+00 -1.21130002e+00 1.27430844e+00
    -1.96907282e+00 5.08421373e+00 -6.94159269e+00 5.49765062e+00
    -1.62419391e+00</data></vocabulary>
</opencv_storage>
