<?xml version="1.0"?>
<opencv_storage>
<vocabulary type_id="opencv-matrix">
  <rows>81</rows>
  <cols>1</cols>
  <dt>f</dt>
  <data>
    1.70874074e-01 -2.91440219e-01 9.58662778e-02 1.16846693e+00
    -1.31722927e+00 8.81477073e-02 2.21063375e-01 3.00255656e-01
    -1.11471690e-01 -9.48521867e-02 4.18412328e-01 -3.77344519e-01
    -3.00202727e+00 4.75155163e+00 -2.09974003e+00 5.47176659e-01
    -1.06952631e+00 3.71007711e-01 -2.58283049e-01 -1.64621770e+00
    2.97601271e+00 1.18889761e+00 -3.33023143e+00 5.11099279e-01
    -3.39166909e-01 9.40382242e-01 -1.55044541e-01 4.32470113e-01
    3.55009055e+00 -7.11080503e+00 3.24988127e+00 -1.28287756e+00
    3.85058999e+00 -2.99056840e+00 2.01260281e+00 -1.04916739e+00
    -1.43658593e-01 -3.42825007e+00 6.38051701e+00 -3.95719361e+00
    4.77718639e+00 -5.06171751e+00 2.79573560e+00 -1.88935816e+00
    1.00923789e+00 4.84452844e-02 1.42061317e+00 -1.86681771e+00
    8.69065076e-02 -9.08660769e-01 1.41608298e+00 1.62518597e+00
    -1.59255385e+00 1.89421028e-01 -3.81336212e-01 -4.26085442e-01
    2.69969136e-01 2.20549250e+00 -3.06883597e+00 3.48134613e+00
    -5.62533617e+00 4.30104685e+00 -1.07461786e+00 4.57868099e-01
    5.87948896e-02 3.10737729e-01 -3.30092955e+00 6.16827536e+00
    -7.44592810e+00 7.71027231e+00 -5.12211657e+00 1.37248480e+00
    -1.82613030e-01 1.17434829e-01 -5.41111112e-01 2.05842710e+00
    -3.56515312e+00 4.04589176e+00 -3.78663111e+00 2.39229250e+00
    -6.46968782e-01</data></vocabulary>
</opencv_storage>
