<?xml version="1.0"?>
<opencv_storage>
<vocabulary type_id="opencv-matrix">
  <rows>81</rows>
  <cols>1</cols>
  <dt>f</dt>
  <data>
    8.06210265e-02 9.40786958e-01 -1.98203027e+00 3.01803184e+00
    -2.82787037e+00 2.01290154e+00 -7.48309553e-01 -1.47970665e+00
    1.23088741e+00 5.33017755e-01 -3.97928905e+00 8.59531212e+00
    -1.34457273e+01 1.09224854e+01 -4.40769386e+00 1.62771189e+00
    8.58848095e-01 -1.22274530e+00 9.20969665e-01 1.27439773e+00
    -8.55897999e+00 1.59097948e+01 -1.23362007e+01 4.66854668e+00
    -5.76003647e+00 6.52959347e+00 -2.39432549e+00 -2.53814149e+00
    2.37310266e+00 6.30271769e+00 -1.52129040e+01 1.17204714e+01
    -5.27790833e+00 1.13451309e+01 -1.54892712e+01 6.82108402e+00
    4.21567011e+00 -6.78675699e+00 -1.27604508e+00 9.77835274e+00
    -3.58790994e+00 -1.06575203e+00 -1.12982569e+01 2.09965420e+01
    -1.01463490e+01 -6.00016499e+00 1.19199581e+01 -5.33380747e+00
    -2.80363870e+00 -2.22478318e+00 6.19020939e+00 1.11872616e+01
    -2.50569534e+01 1.25286598e+01 5.97778940e+00 -1.38178864e+01
    1.04001131e+01 -4.53877592e+00 8.56343937e+00 -1.16472578e+01
    -4.67402267e+00 1.98914852e+01 -1.05439072e+01 -4.69264174e+00
    1.19302387e+01 -1.18135672e+01 1.01322403e+01 -1.40036888e+01
    1.64827042e+01 -3.13473964e+00 -1.18911448e+01 7.13201380e+00
    2.38971210e+00 -6.09869814e+00 6.66039944e+00 -6.40772867e+00
    8.36820412e+00 -9.74948120e+00 3.05994534e+00 4.98510742e+00
    -3.22203755e+00</data></vocabulary>
</opencv_storage>
