<?xml version="1.0"?>
<opencv_storage>
<vocabulary type_id="opencv-matrix">
  <rows>81</rows>
  <cols>1</cols>
  <dt>f</dt>
  <data>
    -1.60738472e-02 5.71603607e-03 2.94115186e-01 -7.02413380e-01
    1.21760213e+00 -7.73389101e-01 -5.49218915e-02 1.32132784e-01
    8.88636988e-03 2.68840432e-01 -1.18332231e+00 1.66800964e+00
    2.86902785e-01 -3.01952744e+00 2.19709945e+00 -6.88915476e-02
    -3.00992340e-01 1.23219972e-03 -5.36714077e-01 2.18787646e+00
    -3.31765389e+00 -3.68872732e-01 5.09163094e+00 -3.53364778e+00
    -3.97280902e-01 8.99894476e-01 -1.05655260e-01 4.75584537e-01
    -2.07900071e+00 3.00820088e+00 1.42483521e+00 -6.48184156e+00
    3.69075179e+00 1.81172740e+00 -2.27182817e+00 5.23163617e-01
    -3.97667021e-01 1.83682907e+00 -2.67122936e+00 -1.45808363e+00
    7.54409790e+00 -2.75630236e+00 -4.09024763e+00 4.08199739e+00
    -1.07240438e+00 3.84281188e-01 -1.41451120e+00 1.97123551e+00
    4.28751290e-01 -3.31803298e+00 4.04136032e-02 5.95408916e+00
    -5.35873222e+00 1.43953538e+00 -2.56987780e-01 7.06905425e-01
    -8.70253384e-01 3.40727344e-03 7.25796342e-01 1.96586668e+00
    -6.23779535e+00 5.35024309e+00 -1.41631830e+00 7.24917948e-02
    -9.36033502e-02 -2.75878515e-02 4.01642859e-01 -7.32858956e-01
    -9.57044840e-01 3.43171597e+00 -3.07150269e+00 8.10162485e-01
    4.76316698e-02 -1.95862249e-01 3.20809036e-01 -4.87848192e-01
    7.37671852e-01 -3.45292449e-01 -3.48382115e-01 4.71653461e-01
    -1.30690217e-01</data></vocabulary>
</opencv_storage>
