<?xml version="1.0"?>
<opencv_storage>
<vocabulary type_id="opencv-matrix">
  <rows>81</rows>
  <cols>1</cols>
  <dt>f</dt>
  <data>
    3.29471558e-01 -3.25392425e-01 -4.66560945e-02 -5.50054088e-02
    -7.74184540e-02 3.22768509e-01 -8.46069977e-02 -3.46999355e-02
    -6.53275326e-02 -8.60832274e-01 2.15397120e+00 -3.53561568e+00
    4.75458145e+00 -4.62877560e+00 4.43966961e+00 -5.14142323e+00
    3.96227002e+00 -9.13330674e-01 1.39632559e+00 -4.31040192e+00
    8.16251755e+00 -1.05736017e+01 1.02399950e+01 -1.06602468e+01
    1.29770021e+01 -1.08071985e+01 3.09861183e+00 -1.41400397e+00
    3.28666830e+00 -5.65859556e+00 6.39219952e+00 -4.90489626e+00
    4.67326069e+00 -8.93425560e+00 9.64797306e+00 -3.44483495e+00
    1.05611324e+00 -1.23187506e+00 6.81823373e-01 9.06713843e-01
    -1.98616910e+00 5.10846090e+00 -9.61960077e-01 -3.46640062e+00
    2.31250691e+00 -8.79461408e-01 1.45513505e-01 1.52212918e+00
    -3.82143402e+00 6.46000767e+00 -7.74691439e+00 3.67749310e+00
    1.52271914e+00 -1.75747919e+00 4.63901460e-01 1.34178782e+00
    -3.55056834e+00 5.85409212e+00 -8.93640423e+00 8.55153084e+00
    -3.20326114e+00 -1.64665473e+00 1.18609977e+00 9.22451168e-02
    -1.95675826e+00 3.64561105e+00 -5.22217894e+00 7.51175404e+00
    -7.03259993e+00 2.65425920e+00 7.16846764e-01 -4.27343786e-01
    -7.65055045e-02 7.91357160e-01 -1.39890420e+00 2.29481530e+00
    -3.76172066e+00 3.78437328e+00 -2.03968859e+00 5.37445545e-01
    -8.28207508e-02</data></vocabulary>
</opencv_storage>
