<?xml version="1.0"?>
<opencv_storage>
<vocabulary type_id="opencv-matrix">
  <rows>81</rows>
  <cols>1</cols>
  <dt>f</dt>
  <data>
    -8.00145924e-01 2.18429494e+00 -4.28161001e+00 6.21764755e+00
    -5.28082228e+00 3.14246821e+00 -2.06692195e+00 5.07991850e-01
    4.31315601e-01 -5.14824390e-01 2.95725733e-01 4.04345989e+00
    -6.90304518e+00 3.67932010e+00 -5.48003793e-01 1.14040053e+00
    1.34470105e+00 -2.78991675e+00 2.57097483e+00 -4.01626539e+00
    -2.81740141e+00 5.97320366e+00 -5.67620218e-01 -1.87207329e+00
    -1.24409437e+00 -2.99855065e+00 5.25806856e+00 -2.61638474e+00
    3.81769967e+00 3.01636529e+00 -4.86148357e+00 -1.32525051e+00
    1.99604785e+00 2.08840942e+00 4.80584002e+00 -7.17448616e+00
    2.40303802e+00 -4.26299810e+00 3.13610315e-01 -1.36952186e+00
    7.39741135e+00 -3.27170849e+00 -1.52727211e+00 -7.27570057e+00
    8.83871555e+00 -7.28070855e-01 1.28990555e+00 -7.37962604e-01
    5.86740732e+00 -9.63429070e+00 4.64897251e+00 5.92610180e-01
    6.69837189e+00 -7.72870350e+00 -2.15742588e+00 5.08128214e+00
    -2.79130626e+00 -6.32385921e+00 1.00727882e+01 -5.51307058e+00
    5.40429056e-01 -4.59343052e+00 4.96117401e+00 2.44319153e+00
    -5.60611534e+00 2.50661969e+00 5.77438021e+00 -8.77660561e+00
    5.68667650e+00 -1.90555143e+00 3.34922862e+00 -2.94636369e+00
    -7.41502285e-01 1.63391769e+00 -4.99043882e-01 -2.11302328e+00
    3.07654905e+00 -2.18483043e+00 9.48488593e-01 -1.33967578e+00
    1.06812942e+00</data></vocabulary>
</opencv_storage>
