<?xml version="1.0"?>
<opencv_storage>
<vocabulary type_id="opencv-matrix">
  <rows>81</rows>
  <cols>1</cols>
  <dt>f</dt>
  <data>
    -1.08789167e+01 2.74078598e+01 -1.42900314e+01 -5.87640429e+00
    -1.37861538e+01 1.58100405e+01 1.29904652e+01 -1.76801128e+01
    -1.25686005e-01 2.30368805e+01 -4.69463005e+01 -1.12973166e+00
    3.12641220e+01 5.47001190e+01 -9.56286163e+01 5.92263298e+01
    -2.21059456e+01 1.63792305e+01 -1.05776396e+01 2.97888622e+01
    3.25747070e+01 -7.91044464e+01 -4.59103966e+00 6.99433212e+01
    -2.82801590e+01 -1.72142029e+01 -5.98101425e+00 -2.46860733e+01
    6.92922831e+00 -2.58803692e+01 5.80545349e+01 -8.67888451e+00
    -3.93913727e+01 -4.92422791e+01 1.02495850e+02 -2.99580803e+01
    5.67224159e+01 -6.00966911e+01 4.81240768e+01 -6.87323608e+01
    2.92548733e+01 3.58528175e+01 -4.30621109e+01 9.82039452e+00
    1.49219584e+00 -3.91022568e+01 2.57498550e+01 1.35808516e+01
    2.45035667e+01 -3.61802979e+01 2.46305256e+01 3.98950424e+01
    -6.06676903e+01 2.43856869e+01 6.82124090e+00 5.73602200e+00
    -2.20766125e+01 -1.61786041e+01 2.80977993e+01 -6.59615707e+01
    5.25517540e+01 -1.10752001e+01 -5.54118681e+00 1.91551456e+01
    -3.52490425e+01 2.44628239e+01 -8.66939306e-01 2.06470127e+01
    2.40210457e+01 -4.97015533e+01 2.38196011e+01 6.58537483e+00
    -1.68417606e+01 3.62071037e+01 -3.67383423e+01 2.88724136e+01
    -3.90376930e+01 2.24436874e+01 -1.40259094e+01 9.95695114e+00
    -9.80954552e+00</data></vocabulary>
</opencv_storage>
