<?xml version="1.0"?>
<opencv_storage>
<vocabulary type_id="opencv-matrix">
  <rows>81</rows>
  <cols>1</cols>
  <dt>f</dt>
  <data>
    -1.05956042e+00 1.20201516e+00 -2.13786030e+00 4.03121996e+00
    -4.79953957e+00 4.40980625e+00 -2.24461603e+00 1.51716113e-01
    4.20601696e-01 2.42161322e+00 -2.21041179e+00 4.30034494e+00
    -9.78801537e+00 1.20618553e+01 -1.10889406e+01 5.98276711e+00
    -5.48911273e-01 -1.15529931e+00 -4.60468102e+00 7.85868454e+00
    -1.43901215e+01 2.59173565e+01 -2.83682213e+01 2.23391228e+01
    -1.17051105e+01 1.76688886e+00 1.15647793e+00 8.06718731e+00
    -1.81566486e+01 2.99992638e+01 -4.69534187e+01 4.86212616e+01
    -3.48514099e+01 1.79874554e+01 -4.02824688e+00 -5.24288058e-01
    -6.45688963e+00 1.45789156e+01 -2.54762249e+01 4.17502594e+01
    -4.10356331e+01 2.64405746e+01 -1.13137770e+01 9.52147543e-01
    1.60143936e+00 1.36443591e+00 -1.17408407e+00 6.44797993e+00
    -1.91078262e+01 2.07230530e+01 -9.77571774e+00 3.48516107e-01
    3.13338661e+00 -2.50715327e+00 4.28727083e-02 -1.73044884e+00
    -3.24066925e+00 1.47053423e+01 -1.73882294e+01 1.09284000e+01
    -2.49855232e+00 -1.25339985e+00 1.35104716e+00 1.19838834e+00
    -3.07702947e+00 8.93849182e+00 -1.69977436e+01 1.89475861e+01
    -1.59738779e+01 8.11723804e+00 -2.27526283e+00 1.93618119e-01
    -6.21343732e-01 1.95627189e+00 -4.82759428e+00 7.98804951e+00
    -8.80307293e+00 8.10287762e+00 -4.61096668e+00 1.46665573e+00
    -2.12297142e-01</data></vocabulary>
</opencv_storage>
