<?xml version="1.0"?>
<opencv_storage>
<vocabulary type_id="opencv-matrix">
  <rows>81</rows>
  <cols>1</cols>
  <dt>f</dt>
  <data>
    7.35849887e-02 6.74365088e-02 -4.76678431e-01 1.58655882e+00
    -3.12461305e+00 3.90872359e+00 -3.91257930e+00 2.77062488e+00
    -8.91822517e-01 -2.59259999e-01 -5.60849488e-01 2.84071612e+00
    -6.18582869e+00 9.63509464e+00 -1.11186743e+01 1.04261799e+01
    -7.02755833e+00 2.28905487e+00 5.13501704e-01 6.11952603e-01
    -4.55494690e+00 9.65179825e+00 -1.44636993e+01 1.60232506e+01
    -1.41940651e+01 9.20394516e+00 -3.05551887e+00 -1.24509883e+00
    2.44583154e+00 -1.20841789e+00 -2.46698642e+00 7.32196522e+00
    -9.92019176e+00 9.00837421e+00 -5.89259720e+00 2.15623116e+00
    2.21957278e+00 -6.61183834e+00 9.67594433e+00 -8.26534271e+00
    4.32557011e+00 4.68049884e-01 -4.89990085e-01 1.92491442e-01
    -5.19794583e-01 -2.13533711e+00 6.93281937e+00 -1.11881971e+01
    9.80094242e+00 -4.32235670e+00 1.72262681e+00 -2.80534959e+00
    2.41085839e+00 -2.59573221e-01 1.33035421e+00 -4.79847193e+00
    8.14772034e+00 -6.55028439e+00 2.19903064e+00 -1.09518194e+00
    3.27586555e+00 -2.91775703e+00 3.69094253e-01 -5.73629797e-01
    2.28742146e+00 -4.15520239e+00 2.91130614e+00 -4.06902701e-01
    5.45742474e-02 -1.99434495e+00 1.76149976e+00 -5.48022985e-02
    8.37107524e-02 -2.66580611e-01 4.58557308e-01 -1.91548429e-02
    -5.02991319e-01 5.09887099e-01 9.28477421e-02 -1.33388147e-01
    -1.37359545e-01</data></vocabulary>
</opencv_storage>
