<?xml version="1.0"?>
<opencv_storage>
<vocabulary type_id="opencv-matrix">
  <rows>81</rows>
  <cols>1</cols>
  <dt>f</dt>
  <data>
    -1.73666847e+00 -1.73835725e-01 3.93989062e+00 -1.52756536e+00
    -1.48420238e+00 -8.52654266e+00 3.12982426e+01 -3.15263958e+01
    1.17801485e+01 1.05616608e+01 5.08561945e+00 -3.75289993e+01
    3.81443787e+01 -1.66769886e+01 2.62630711e+01 -7.26865692e+01
    7.03719940e+01 -2.76652622e+01 -3.18695545e+01 1.84117336e+01
    3.23795891e+01 -3.19967251e+01 -6.34037542e+00 -7.05487013e+00
    7.95537109e+01 -8.75572968e+01 4.28935204e+01 4.34715919e+01
    -1.39689255e+00 -6.79161911e+01 4.99541550e+01 8.61403084e+00
    -1.04850569e+01 -5.87113838e+01 8.43168106e+01 -5.82923241e+01
    -3.59847145e+01 -3.64161377e+01 9.94113083e+01 -6.59006424e+01
    4.26142067e-02 1.76095352e+01 4.67301331e+01 -8.30970840e+01
    6.79120102e+01 2.42189598e+01 3.69929314e+01 -5.90933266e+01
    3.35322495e+01 2.12271767e+01 -3.71526489e+01 -1.36026783e+01
    4.84050903e+01 -5.25479584e+01 -9.15704632e+00 -1.69606647e+01
    -2.24790897e+01 2.59865532e+01 -3.59650307e+01 3.67156487e+01
    -7.73502445e+00 -1.73241978e+01 3.29223900e+01 5.48105717e+00
    -2.09254532e+01 8.08439941e+01 -7.04714584e+01 4.18088264e+01
    -2.60741405e+01 -2.42041969e+00 1.64805145e+01 -1.98929996e+01
    -5.49848413e+00 1.53600845e+01 -3.38793907e+01 3.11688862e+01
    -1.39303465e+01 1.24438560e+00 1.79957638e+01 -1.95660610e+01
    9.01037121e+00</data></vocabulary>
</opencv_storage>
