<?xml version="1.0"?>
<opencv_storage>
<vocabulary type_id="opencv-matrix">
  <rows>81</rows>
  <cols>1</cols>
  <dt>f</dt>
  <data>
    -4.67308074e-01 2.15038223e+01 -6.68419418e+01 7.50613098e+01
    3.31683311e+01 -8.16507568e+01 3.02022476e+01 -8.54399796e+01
    8.59504776e+01 -1.16393118e+01 -5.48164558e+01 2.13297745e+02
    -2.68225494e+02 -2.20395107e+01 1.21572128e+02 1.04994995e+02
    8.83272781e+01 -2.05205902e+02 -6.22636604e+01 1.15016655e+02
    -1.18328262e+02 2.44570251e+02 2.06275883e+01 -2.88749634e+02
    1.54291000e+01 -1.73052002e+02 2.86292542e+02 2.61041473e+02
    -3.86198212e+02 1.01218834e+02 -2.87039673e+02 1.26904839e+02
    5.07959442e+02 -3.16491669e+02 2.85472321e+02 -3.19449799e+02
    -1.48725174e+02 3.66446228e+02 -1.24753822e+02 2.20432373e+02
    -1.21417320e+02 -4.27547119e+02 2.26889053e+02 -2.38494308e+02
    2.71002808e+02 -2.10492157e+02 -1.78030136e+02 2.65527924e+02
    -5.62575340e+01 -1.00489014e+02 2.44288788e+02 -3.57210732e+01
    2.70852631e+02 -2.31566696e+02 2.52859207e+02 1.87757889e+02
    -4.15618134e+02 9.18396988e+01 1.19670387e+02 -1.30548218e+02
    1.93490028e+01 -2.76283112e+02 1.76360718e+02 -3.98915100e+01
    -3.25135040e+02 5.97954041e+02 -4.22330933e+02 2.10311066e+02
    -8.71809006e+01 1.68324280e+01 1.01069099e+02 -5.62031212e+01
    -3.54892349e+01 2.20592148e+02 -3.80151276e+02 2.94203735e+02
    -1.53723373e+02 6.49790192e+01 5.33398533e+00 -1.81713982e+01
    -1.67655367e-02</data></vocabulary>
</opencv_storage>
