<?xml version="1.0"?>
<opencv_storage>
<vocabulary type_id="opencv-matrix">
  <rows>81</rows>
  <cols>1</cols>
  <dt>f</dt>
  <data>
    1.37303054e+00 -3.75582290e+00 5.45405388e+00 -5.16032982e+00
    4.53121328e+00 -4.32412529e+00 2.93531942e+00 -1.66605234e+00
    6.68429792e-01 -3.18161702e+00 7.98406363e+00 -1.04473343e+01
    4.82063389e+00 2.89631081e+00 -7.09525204e+00 1.17035131e+01
    -9.45468140e+00 2.38356709e+00 3.72315860e+00 -8.55400085e+00
    9.81193542e+00 4.07116413e+00 -2.23615074e+01 3.18493633e+01
    -3.86488914e+01 2.85794010e+01 -7.71036577e+00 -6.34063387e+00
    1.70808411e+01 -2.52219772e+01 1.33997984e+01 6.08038807e+00
    -1.82915573e+01 2.94096718e+01 -2.27938271e+01 5.48575592e+00
    9.78379536e+00 -2.87172375e+01 4.61173477e+01 -4.23468399e+01
    2.95912170e+01 -1.51337852e+01 -2.05052161e+00 4.49731588e+00
    6.49460971e-01 -9.93441772e+00 2.75122528e+01 -4.25936890e+01
    3.88145142e+01 -2.53057175e+01 1.42443495e+01 -1.11061499e-01
    -1.68179166e+00 -1.89599168e+00 8.27790356e+00 -2.01226540e+01
    2.83296375e+01 -2.10538692e+01 5.61780739e+00 1.64253616e+00
    -7.34021330e+00 4.34272242e+00 1.08025181e+00 -4.88809538e+00
    1.21687765e+01 -1.78376026e+01 1.33120384e+01 -3.82295966e+00
    1.23752780e-01 2.28220153e+00 -8.41428101e-01 -1.28196633e+00
    1.16567588e+00 -3.49581337e+00 5.96190119e+00 -5.52129030e+00
    3.85984778e+00 -2.96474957e+00 2.02474570e+00 -1.68080211e+00
    9.92994487e-01</data></vocabulary>
</opencv_storage>
