<?xml version="1.0"?>
<opencv_storage>
<vocabulary type_id="opencv-matrix">
  <rows>81</rows>
  <cols>1</cols>
  <dt>f</dt>
  <data>
    -2.78343439e+00 1.14562674e+01 -1.61373825e+01 1.35352764e+01
    -1.36213694e+01 1.33844481e+01 -7.39262938e-01 -1.01740456e+01
    5.27491713e+00 1.78491187e+00 -1.56827526e+01 1.77431183e+01
    -1.65124226e+00 4.47633266e+00 -1.34001751e+01 -1.11259308e+01
    3.11758785e+01 -1.38295736e+01 1.25559437e+00 1.22860079e+01
    -1.17878799e+01 -1.07186861e+01 6.16876125e+00 1.23749247e+01
    9.66272449e+00 -2.65362644e+01 7.62623453e+00 -2.89801288e+00
    -1.06056404e+01 1.26989155e+01 5.93027306e+00 -1.80574715e+00
    -2.19249020e+01 9.27946186e+00 -2.71314651e-01 9.59371185e+00
    5.61521482e+00 1.78486288e+00 -4.11290979e+00 -9.82015228e+00
    7.63026810e+00 1.80889988e+01 -1.06700134e+01 5.31044912e+00
    -1.26494007e+01 -6.74974394e+00 5.77526712e+00 -5.32052457e-01
    5.27195787e+00 -3.40308309e+00 -1.47646780e+01 4.26642895e+00
    5.96838856e+00 3.77671409e+00 4.30399418e+00 -4.13999462e+00
    -3.71108294e+00 6.66731691e+00 -7.19835711e+00 1.60677414e+01
    -4.25182295e+00 -8.19513226e+00 7.40767777e-01 -1.13640535e+00
    1.57117188e-01 6.32687283e+00 -1.13760996e+01 1.06028652e+01
    -1.03566713e+01 2.82467723e+00 4.62136745e+00 -1.61344588e+00
    5.43530881e-01 -7.86145866e-01 -1.74144220e+00 4.30212641e+00
    -3.43439865e+00 1.27574944e+00 8.89130235e-01 -2.61331606e+00
    1.42807412e+00</data></vocabulary>
</opencv_storage>
