<?xml version="1.0"?>
<opencv_storage>
<vocabulary type_id="opencv-matrix">
  <rows>81</rows>
  <cols>1</cols>
  <dt>f</dt>
  <data>
    4.18385148e-01 -1.24713767e+00 2.70474720e+00 -2.44152164e+00
    1.14531767e+00 -1.58670080e+00 4.44708681e+00 -4.67562866e+00
    1.43259192e+00 -4.49487120e-01 9.76628304e-01 -2.99760723e+00
    1.69662642e+00 3.20593381e+00 -3.47451806e+00 -2.79730797e+00
    4.59954786e+00 -1.78760636e+00 2.53431708e-01 -4.80971307e-01
    2.37418914e+00 -1.00766623e+00 -5.18202257e+00 6.85117197e+00
    -2.34358668e+00 3.12723309e-01 6.83218598e-01 3.34761500e-01
    -8.19108367e-01 7.03304231e-01 -5.75216651e-01 3.21826696e+00
    -4.05401325e+00 -1.22373603e-01 6.97341800e-01 7.34246969e-02
    9.03540477e-02 1.14347473e-01 -2.20511842e+00 1.99927375e-01
    3.95197678e+00 -3.63518572e+00 7.53797770e+00 -5.09176636e+00
    9.39632654e-02 2.69313961e-01 -1.43519485e+00 4.20204401e+00
    -2.20273113e+00 -2.77999711e+00 5.77708578e+00 -8.88702869e+00
    4.59569836e+00 6.69366837e-01 -1.32495201e+00 3.64166260e+00
    -6.08627129e+00 5.12823725e+00 -1.87007105e+00 -6.06051385e-01
    2.29468703e+00 1.10138535e+00 -2.64686203e+00 1.18483484e+00
    -2.01485848e+00 1.88255489e+00 5.27584970e-01 -3.99881268e+00
    4.10823679e+00 -2.12979221e+00 -1.50975466e+00 1.98872077e+00
    -3.77147794e-01 -9.44312364e-02 1.12468946e+00 -2.79348230e+00
    5.05841541e+00 -4.63008928e+00 2.23268485e+00 -1.59768850e-01
    -3.79268497e-01</data></vocabulary>
</opencv_storage>
