<?xml version="1.0"?>
<opencv_storage>
<vocabulary type_id="opencv-matrix">
  <rows>81</rows>
  <cols>1</cols>
  <dt>f</dt>
  <data>
    -5.00351868e+01 8.85861664e+01 -5.86064911e+01 1.03681374e+01
    6.20376921e+00 -9.85855026e+01 2.38606400e+02 -1.88135147e+02
    3.83892555e+01 9.82414322e+01 -1.24017715e+02 5.06821404e+01
    -1.80262966e+01 8.84191589e+01 2.26155720e+01 -2.43775925e+02
    1.46490814e+02 1.74496784e+01 -8.61973038e+01 1.02208435e+02
    -3.19066753e+01 6.78733540e+00 -1.34882446e+02 1.10707121e+01
    2.58594604e+02 -1.37729782e+02 -4.44752045e+01 1.19584904e+01
    -3.39272308e+01 -3.00254478e+01 1.68816849e+02 -5.30143394e+01
    5.10547905e+01 -1.27130692e+02 -2.30843315e+01 1.02605423e+02
    -1.87587757e+01 3.04297180e+01 4.35163651e+01 -1.50131409e+02
    -1.86062851e+02 3.12109070e+02 -1.74011108e+02 2.11678864e+02
    -1.49084976e+02 1.45372803e+02 -5.63688316e+01 -1.30280975e+02
    2.65598175e+02 5.81941605e+01 -1.05247940e+02 -1.53965637e+02
    5.09255791e+01 2.03171463e+01 -2.28550934e+02 1.27863785e+02
    3.76790161e+01 -2.32994675e+02 4.68051300e+01 3.57414322e+01
    3.72355690e+01 9.69774704e+01 -1.68139000e+01 1.33683960e+02
    -8.34095306e+01 -1.88216534e+01 1.02669449e+02 8.21846924e+01
    -1.08128105e+02 -1.26047258e+01 -4.27229004e+01 4.49974835e-01
    -1.94724770e+01 -1.21600533e+01 7.98011856e+01 -7.97824860e+01
    -3.22574081e+01 9.85395660e+01 -1.24361275e+02 1.07069382e+02
    -2.34890652e+01</data></vocabulary>
</opencv_storage>
