<?xml version="1.0"?>
<opencv_storage>
<vocabulary type_id="opencv-matrix">
  <rows>81</rows>
  <cols>1</cols>
  <dt>f</dt>
  <data>
    5.91409147e-01 -1.98367918e+00 -5.19880056e-01 6.68001080e+00
    -4.90800095e+00 -4.28394461e+00 6.61169863e+00 -9.44827199e-01
    -1.02637076e+00 -2.67669940e+00 8.38520336e+00 -3.19543171e+00
    -1.22540054e+01 8.32978249e+00 1.46231966e+01 -1.93407612e+01
    2.19313192e+00 3.25114918e+00 5.97314310e+00 -1.81830368e+01
    9.85104465e+00 1.61176376e+01 -1.37873058e+01 -1.86245461e+01
    2.48032322e+01 -5.84986098e-02 -5.75490761e+00 -1.09958496e+01
    3.26739159e+01 -2.23929024e+01 -1.37037325e+01 1.51448812e+01
    2.14658337e+01 -2.60273323e+01 -4.54253864e+00 8.75250149e+00
    1.41169310e+01 -3.95000114e+01 3.05109062e+01 6.63635063e+00
    -1.27581110e+01 -1.31741085e+01 1.24429712e+01 1.53708420e+01
    -1.35828848e+01 -1.46761408e+01 3.87498550e+01 -3.34649887e+01
    3.95404410e+00 9.89598370e+00 -3.84280610e+00 1.23698292e+01
    -2.92988815e+01 1.79397125e+01 1.13643923e+01 -2.91332912e+01
    2.52919445e+01 -4.68682051e+00 -8.01012802e+00 1.09664173e+01
    -2.02775021e+01 2.80357876e+01 -1.49446917e+01 -5.86597776e+00
    1.34271011e+01 -1.12591124e+01 3.31620359e+00 2.26295233e+00
    -5.39572954e+00 1.24045782e+01 -1.75065212e+01 9.18896103e+00
    1.96693563e+00 -3.87873554e+00 3.03489232e+00 -1.49662924e+00
    2.74681859e-02 1.94410348e+00 -5.27157450e+00 7.21490955e+00
    -3.64954090e+00</data></vocabulary>
</opencv_storage>
