<?xml version="1.0"?>
<opencv_storage>
<vocabulary type_id="opencv-matrix">
  <rows>81</rows>
  <cols>1</cols>
  <dt>f</dt>
  <data>
    4.68858212e-01 1.99871051e+00 -4.37948704e+00 7.58612204e+00
    -1.09784985e+01 7.88232899e+00 -1.06909502e+00 -3.21370244e+00
    1.68796778e+00 -3.28783894e+00 1.11247480e+00 -2.82777339e-01
    3.31836164e-01 2.42384553e+00 1.68784451e+00 -1.28039761e+01
    1.97234478e+01 -9.42967224e+00 4.52610111e+00 -1.60214627e+00
    9.64683473e-01 -8.40202808e+00 1.31050243e+01 -1.61506824e+01
    2.51122246e+01 -3.34412155e+01 1.67376842e+01 -4.26854879e-01
    -1.26453094e+01 2.51136112e+01 -2.06927948e+01 1.28250160e+01
    -1.25949697e+01 6.27536106e+00 1.32060127e+01 -1.12314034e+01
    -1.91155982e+00 2.11865158e+01 -4.28001823e+01 4.38470383e+01
    -3.64040298e+01 4.55175476e+01 -4.77466583e+01 1.81195011e+01
    9.23432469e-01 -2.59973478e+00 -9.00914192e+00 2.69590511e+01
    -2.95376492e+01 2.63860531e+01 -4.17147408e+01 5.50267830e+01
    -2.89861889e+01 3.65340972e+00 8.38891506e+00 -8.66869450e+00
    -9.97389913e-01 1.97642934e+00 2.62770623e-01 1.70315838e+01
    -3.65132370e+01 2.12950630e+01 -2.62076473e+00 -7.90493679e+00
    1.36711159e+01 -1.25713158e+01 1.46947012e+01 -1.74176121e+01
    6.09441280e+00 8.38657379e+00 -4.27360010e+00 -1.02973235e+00
    2.80995154e+00 -6.14943838e+00 7.98573589e+00 -9.91602230e+00
    1.11318827e+01 -8.00515461e+00 3.67814851e+00 -2.88972521e+00
    1.50648880e+00</data></vocabulary>
</opencv_storage>
