<?xml version="1.0"?>
<opencv_storage>
<vocabulary type_id="opencv-matrix">
  <rows>81</rows>
  <cols>1</cols>
  <dt>f</dt>
  <data>
    -8.69650673e-03 4.96661849e-02 -1.11209512e-01 -7.82302693e-02
    4.59609181e-01 -4.29696798e-01 4.67431486e-01 -3.14515233e-01
    1.09393239e-01 5.29109053e-02 -2.12213978e-01 4.53533918e-01
    -2.60258883e-01 -3.85122746e-01 3.94287050e-01 -6.17120683e-01
    4.54765707e-01 -1.69928685e-01 -2.20544487e-02 3.31868231e-01
    -7.34593630e-01 5.11711240e-01 6.84485659e-02 -2.21674949e-01
    5.98213315e-01 -5.61694741e-01 2.43963271e-01 -3.35620008e-02
    -2.02739179e-01 4.20917183e-01 3.65081280e-02 -7.66143501e-01
    7.78433383e-01 -9.20874953e-01 7.94124186e-01 -2.66680926e-01
    -2.22840738e-02 4.16155815e-01 -8.93924832e-01 2.07896054e-01
    1.52161193e+00 6.31139502e-02 2.88102925e-01 -6.10706210e-01
    1.26155019e-01 7.10084438e-02 -3.57702315e-01 7.11546302e-01
    -4.73946244e-01 7.23405480e-01 -9.04840589e-01 2.67166942e-02
    4.37063903e-01 -8.38650912e-02 -1.04969740e-01 9.36323032e-02
    -1.82394907e-01 4.87127244e-01 -1.19137263e+00 9.38120961e-01
    2.49484643e-01 -6.61272645e-01 2.19197616e-01 1.25793695e-01
    -1.03577621e-01 3.35728824e-02 -1.90487981e-01 4.88010406e-01
    -3.46521676e-01 -5.03263354e-01 6.89944267e-01 -2.22979650e-01
    -5.77184819e-02 2.43966468e-02 1.13246366e-01 -1.33626536e-01
    8.90792459e-02 -9.25277844e-02 2.85404950e-01 -2.74600178e-01
    7.40765855e-02</data></vocabulary>
</opencv_storage>
