<?xml version="1.0"?>
<opencv_storage>
<vocabulary type_id="opencv-matrix">
  <rows>81</rows>
  <cols>1</cols>
  <dt>f</dt>
  <data>
    -5.47476351e-01 1.21452188e+00 -1.89262569e+00 2.43822241e+00
    -1.84682071e+00 -1.74965054e-01 4.51072454e-01 8.54829326e-02
    -1.29329953e-02 1.01443207e+00 -2.07648826e+00 3.86939096e+00
    -5.90433502e+00 4.68090057e+00 2.30060905e-01 -1.11766577e+00
    -2.78299320e-02 3.65965971e-05 1.84125200e-01 -1.62384260e+00
    -8.89866114e-01 5.72113132e+00 -5.40257788e+00 -1.43867597e-01
    1.24752593e+00 -4.60937340e-03 -1.34856716e-01 -2.41846681e+00
    7.79377365e+00 -5.72200584e+00 -1.22168386e+00 2.77928734e+00
    9.31528389e-01 -1.22664773e+00 -3.63204002e-01 6.48385823e-01
    2.63802052e+00 -7.80274057e+00 5.74129009e+00 1.24402058e+00
    -1.18946874e+00 -7.67927110e-01 4.75738466e-01 9.85195279e-01
    -1.14664280e+00 -1.75183570e+00 5.26389551e+00 -3.57158875e+00
    -2.21434331e+00 2.19208503e+00 1.12394178e+00 -8.05411398e-01
    -7.01366365e-01 1.10909331e+00 1.16609693e+00 -3.83405471e+00
    3.39645410e+00 -5.71632147e-01 1.81768417e+00 -4.70773888e+00
    3.91346526e+00 -1.15598345e+00 -3.61081690e-01 -2.76608616e-01
    1.45825016e+00 -2.26308465e+00 2.31195092e+00 -4.26796007e+00
    6.23206425e+00 -5.30539560e+00 2.49634075e+00 -5.64224303e-01
    4.93232207e-03 -3.35336030e-01 7.01401591e-01 -7.80178249e-01
    1.58375239e+00 -2.32594061e+00 2.16427398e+00 -1.30940306e+00
    4.49099600e-01</data></vocabulary>
</opencv_storage>
