<?xml version="1.0"?>
<opencv_storage>
<vocabulary type_id="opencv-matrix">
  <rows>81</rows>
  <cols>1</cols>
  <dt>f</dt>
  <data>
    -4.53246897e-03 8.01510885e-02 9.85434294e-01 -2.33424830e+00
    1.78655803e-01 3.45023704e+00 -4.92931747e+00 3.89667964e+00
    -1.45101082e+00 -3.89402002e-01 6.53956532e-01 -7.60693789e-01
    2.54279584e-01 2.14505839e+00 -3.34183908e+00 5.89712572e+00
    -7.12876463e+00 2.83400106e+00 4.21621829e-01 -6.78311586e-01
    1.34538448e+00 -1.05960333e+00 9.52351928e-01 -3.81675601e+00
    -2.24860430e+00 7.91058350e+00 -2.99588060e+00 -8.77649963e-01
    1.57642031e+00 -1.08204460e+00 -2.11436343e+00 5.52089810e-01
    5.60528851e+00 8.53311718e-01 -6.12546539e+00 1.47913373e+00
    1.05726671e+00 -2.01370096e+00 8.13239217e-01 4.29650974e+00
    -1.10796058e+00 -4.35842419e+00 -1.31934512e+00 4.56915236e+00
    -2.24582285e-01 -9.48211968e-01 1.85197306e+00 -1.60272849e+00
    -1.46017063e+00 8.62151161e-02 4.14833689e+00 -3.09801131e-01
    -8.20935130e-01 -1.50861311e+00 -2.81542152e-01 7.84671247e-01
    3.84409279e-01 -9.58667874e-01 1.73219109e+00 -3.44185901e+00
    1.98358035e+00 -3.06537485e+00 3.07917380e+00 9.20745790e-01
    -2.36728215e+00 1.90717781e+00 -9.53238964e-01 4.55504566e-01
    3.70178856e-02 -2.60510504e-01 2.33056235e+00 -2.21509361e+00
    -4.77634877e-01 1.22762132e+00 -1.37577319e+00 1.37859166e+00
    -1.67395377e+00 1.99342871e+00 -1.48003387e+00 4.08092514e-02
    4.13925231e-01</data></vocabulary>
</opencv_storage>
