<?xml version="1.0"?>
<opencv_storage>
<vocabulary type_id="opencv-matrix">
  <rows>81</rows>
  <cols>1</cols>
  <dt>f</dt>
  <data>
    -2.61814332e+00 5.94503498e+00 -6.83194637e+00 7.20502520e+00
    -7.54146433e+00 9.07113075e+00 -1.01237249e+01 7.06387615e+00
    -2.88988543e+00 6.18521309e+00 -1.17785158e+01 9.04063034e+00
    -2.89206100e+00 -3.94368672e+00 4.03327513e+00 1.14211667e+00
    -2.97779083e+00 3.27465439e+00 -8.38915062e+00 1.46323071e+01
    -8.19919014e+00 -3.91506934e+00 1.67232227e+01 -2.13600960e+01
    1.33792963e+01 -3.64399910e+00 -3.16386008e+00 1.00522709e+01
    -1.56669846e+01 1.07484407e+01 -1.02636890e+01 9.00364017e+00
    -3.92268157e+00 5.82777357e+00 -7.09144545e+00 6.37494087e+00
    -1.00828676e+01 1.30334425e+01 -7.33593559e+00 1.28911438e+01
    -1.40491142e+01 1.11253443e+01 -1.12042551e+01 6.47918606e+00
    -4.20897961e+00 4.34764576e+00 1.96638739e+00 -1.04046698e+01
    2.31532383e+00 4.58054423e-01 2.92319798e+00 1.35605645e+00
    7.13259876e-02 1.09141481e+00 1.56224415e-01 -7.25617552e+00
    7.23449373e+00 5.08907175e+00 -9.17745590e+00 8.44696164e-01
    5.05034566e-01 -1.45220876e+00 -1.17125523e+00 -1.31419325e+00
    3.47554207e+00 2.56391525e+00 -1.01691256e+01 9.43243313e+00
    -5.36775351e-01 -8.40370715e-01 1.46703243e+00 5.33782542e-01
    1.48290277e+00 -3.64383817e+00 2.75113750e+00 -1.20949757e+00
    2.67403817e+00 -4.50942659e+00 3.04523230e-01 1.02219689e+00
    -5.20443141e-01</data></vocabulary>
</opencv_storage>
