<?xml version="1.0"?>
<opencv_storage>
<vocabulary type_id="opencv-matrix">
  <rows>81</rows>
  <cols>1</cols>
  <dt>f</dt>
  <data>
    5.88430047e-01 -2.05876184e+00 3.39341760e+00 -2.84322047e+00
    1.98634779e+00 -1.52978337e+00 7.71669507e-01 -4.99796748e-01
    3.01107138e-01 -1.88628435e+00 2.52638030e+00 -1.35679960e+00
    1.22741485e+00 -1.64373565e+00 1.20393765e+00 -5.86710036e-01
    8.76723349e-01 -6.71187401e-01 3.67899990e+00 -4.09769011e+00
    1.25461906e-01 8.48244011e-01 5.03027141e-02 -4.63229358e-01
    -1.08424827e-01 -2.40474656e-01 5.40161490e-01 -4.33141470e+00
    4.17706060e+00 1.84396100e+00 -2.91737580e+00 4.28107977e-01
    3.40301394e-01 5.30939400e-01 1.91914380e-01 -6.39385581e-01
    4.27257109e+00 -3.09871769e+00 -4.90757370e+00 5.17359877e+00
    9.67077255e-01 -1.05201595e-01 -2.19659758e+00 8.27394843e-01
    2.76152611e-01 -3.89638042e+00 3.14500356e+00 3.36985183e+00
    -3.35141540e+00 -5.54363549e-01 3.68583873e-02 2.75351834e+00
    -1.23267150e+00 -3.68016139e-02 2.79477525e+00 -2.61042595e+00
    -8.50492477e-01 4.91084427e-01 1.85294259e+00 -1.01032007e+00
    -1.46523261e+00 3.73269707e-01 3.14034283e-01 -1.32954514e+00
    1.59977925e+00 -5.58445632e-01 1.15737879e+00 -2.72903323e+00
    1.59161747e+00 2.91558594e-01 2.10773304e-01 -4.88744467e-01
    2.37224847e-01 -1.00433610e-01 -3.73211414e-01 -2.22401172e-02
    7.45655358e-01 -2.60769844e-01 -2.61262655e-01 1.47467572e-02
    1.87626272e-01</data></vocabulary>
</opencv_storage>
