<?xml version="1.0"?>
<opencv_storage>
<vocabulary type_id="opencv-matrix">
  <rows>81</rows>
  <cols>1</cols>
  <dt>f</dt>
  <data>
    -3.99019837e-01 1.87554836e+00 -3.57309389e+00 6.69710207e+00
    -9.26314259e+00 1.12332745e+01 -1.20799074e+01 8.33825397e+00
    -2.81794143e+00 7.47223079e-01 -4.21422720e+00 8.77414227e+00
    -1.70171604e+01 2.32664242e+01 -2.75916805e+01 2.95033436e+01
    -2.03861942e+01 6.93303680e+00 2.55134010e+00 -5.34831619e+00
    4.71803427e+00 7.65187836e+00 -1.85505867e+01 2.58159008e+01
    -3.17295742e+01 2.26253338e+01 -8.23344135e+00 -8.32348156e+00
    2.51532288e+01 -3.64529762e+01 2.13376923e+01 -5.58766365e+00
    -5.83524895e+00 2.19472923e+01 -1.89538040e+01 8.21304703e+00
    3.74459338e+00 -2.08619652e+01 3.66856308e+01 -2.50045166e+01
    1.45917578e+01 -2.27062726e+00 -1.71478748e+01 1.62468853e+01
    -7.50075150e+00 1.02921028e+01 -6.61448717e+00 -5.88598824e+00
    7.37353683e-01 2.28655648e+00 -8.57182884e+00 2.05690117e+01
    -1.56146002e+01 6.21055841e+00 -1.32341270e+01 1.75848885e+01
    -1.20612211e+01 1.66346283e+01 -1.83710022e+01 2.17817669e+01
    -2.74232388e+01 1.89565163e+01 -6.41615868e+00 5.82610464e+00
    -1.20959988e+01 1.50606804e+01 -2.17959671e+01 2.72719021e+01
    -3.07636547e+01 3.36024284e+01 -2.40474968e+01 7.47361279e+00
    -1.24779892e+00 4.65901613e+00 -7.86366606e+00 1.15637627e+01
    -1.51734400e+01 1.74997921e+01 -1.92747726e+01 1.42684069e+01
    -4.31802702e+00</data></vocabulary>
</opencv_storage>
