<?xml version="1.0"?>
<opencv_storage>
<vocabulary type_id="opencv-matrix">
  <rows>81</rows>
  <cols>1</cols>
  <dt>f</dt>
  <data>
    1.95322907e+00 -5.34164047e+00 1.01463900e+01 -1.48999300e+01
    1.26774464e+01 -3.39019179e+00 -1.62825334e+00 1.44509554e+00
    -8.20072114e-01 -3.16969490e+00 7.77159786e+00 -1.00505505e+01
    7.79763079e+00 -6.23111606e-01 -1.23923435e+01 1.57577238e+01
    -6.76030350e+00 1.65853596e+00 1.50161171e+00 -2.34201694e+00
    -1.60944247e+00 1.08022003e+01 -1.58966532e+01 2.19139271e+01
    -2.08984241e+01 6.13433981e+00 7.72192627e-02 -4.25702477e+00
    9.75191402e+00 -8.21765327e+00 1.13749623e+00 2.93828201e+00
    -1.19039574e+01 1.36307545e+01 -1.21330285e+00 -2.38658381e+00
    7.03394175e+00 -1.72519512e+01 1.72895298e+01 -1.03643026e+01
    5.02801704e+00 1.07399492e+01 -1.28705816e+01 4.17449117e-01
    2.43567252e+00 -3.81738400e+00 8.23107624e+00 -6.35002661e+00
    6.21950150e-01 2.94712615e+00 -1.21702414e+01 1.13417759e+01
    -2.06546076e-02 -2.46642685e+00 6.44557655e-01 3.39668244e-01
    -1.58979034e+00 1.54564941e+00 1.53130913e+00 -4.08015490e-01
    4.99596357e-01 -3.47499752e+00 3.09262872e+00 -8.85136962e-01
    1.00187004e+00 -1.51075804e+00 3.77586508e+00 -7.62960911e+00
    7.92939186e+00 -6.21275330e+00 4.02882004e+00 -2.11329222e+00
    1.13547587e+00 -2.67355132e+00 3.24800014e+00 -3.60365462e+00
    4.83667040e+00 -5.43272018e+00 4.04973602e+00 -1.59743667e+00
    4.05161768e-01</data></vocabulary>
</opencv_storage>
