<?xml version="1.0"?>
<opencv_storage>
<vocabulary type_id="opencv-matrix">
  <rows>81</rows>
  <cols>1</cols>
  <dt>f</dt>
  <data>
    -2.25608751e-01 3.42701375e-01 -2.23137662e-01 -8.50788578e-02
    8.19589734e-01 -6.28209293e-01 6.23098016e-01 -2.16879129e-01
    -2.65126109e-01 5.64320266e-01 -1.33214629e+00 2.52414751e+00
    -2.50538564e+00 7.96945989e-01 -1.72062075e+00 1.44427192e+00
    -1.09999597e+00 8.83331656e-01 -7.46553481e-01 2.12243915e+00
    -4.79314470e+00 5.58260107e+00 -3.82187867e+00 5.31275415e+00
    -4.33097553e+00 2.53342652e+00 -1.25385404e+00 5.28213620e-01
    -8.94105196e-01 3.38070130e+00 -3.54947400e+00 7.90710866e-01
    -2.71966028e+00 2.74907398e+00 -2.28007627e+00 1.47367883e+00
    -3.27277452e-01 -1.01161349e+00 -7.40816057e-01 1.42251045e-01
    4.01885509e+00 2.85798281e-01 -2.07178712e+00 3.67247391e+00
    -2.65904498e+00 -2.62416042e-02 1.78639710e+00 -9.09258127e-01
    6.91454113e-01 -1.77587628e+00 -1.91158020e+00 4.73565149e+00
    -7.28633642e+00 4.45981646e+00 5.04693270e-01 -2.65341449e+00
    3.43583822e+00 -3.69644475e+00 4.50113535e+00 -1.01526785e+00
    -3.20548749e+00 7.19193268e+00 -4.66679287e+00 -3.54640394e-01
    1.75097251e+00 -2.99078679e+00 3.99979544e+00 -5.29878712e+00
    3.38413310e+00 -3.58984143e-01 -3.33890986e+00 2.77605700e+00
    1.82451546e-01 -1.94628850e-01 -1.45744666e-01 -5.01762182e-02
    9.77464318e-01 -8.60618412e-01 1.77031115e-01 8.83424520e-01
    -7.93038011e-01</data></vocabulary>
</opencv_storage>
