<?xml version="1.0"?>
<opencv_storage>
<vocabulary type_id="opencv-matrix">
  <rows>81</rows>
  <cols>1</cols>
  <dt>f</dt>
  <data>
    -1.91560358e-01 8.21710706e-01 -1.52578056e+00 1.07143641e+00
    9.32128251e-01 6.08565152e-01 -4.37427855e+00 4.88882160e+00
    -1.87120092e+00 1.62365067e+00 -2.66725874e+00 1.88304257e+00
    -1.87909633e-01 -1.69535315e+00 -4.69071436e+00 1.45707207e+01
    -1.47832851e+01 5.33001614e+00 -2.43057585e+00 1.90176976e+00
    1.11431384e+00 -3.97214723e+00 4.10980701e+00 6.85011101e+00
    -2.04018288e+01 2.00897102e+01 -6.88642788e+00 1.70782483e+00
    -4.62258399e-01 -3.01874995e+00 8.68975449e+00 -1.09782305e+01
    1.68526351e-01 1.25799875e+01 -1.34649286e+01 4.30135107e+00
    -7.04931855e-01 8.09258878e-01 -7.78531671e-01 -5.56664944e+00
    1.27790232e+01 -4.34142494e+00 -5.21854591e+00 6.19478989e+00
    -1.65772331e+00 -6.21005833e-01 -8.75886828e-02 3.17125869e+00
    2.55072093e+00 -1.13340816e+01 7.61654615e+00 7.21185934e-03
    -1.59630072e+00 -4.56219837e-02 1.07379782e+00 8.74742091e-01
    -6.13785076e+00 9.01389062e-01 9.61850548e+00 -9.17400837e+00
    3.68359160e+00 -1.75896072e+00 1.31919563e+00 -5.60731232e-01
    -2.33175588e+00 8.47528362e+00 -6.48049784e+00 -2.94405431e-01
    9.28576291e-01 9.00473118e-01 -7.80227363e-01 -5.03507853e-02
    1.59491614e-01 1.36701190e+00 -4.49471378e+00 4.72012711e+00
    -3.16238284e+00 2.97016191e+00 -2.84038377e+00 1.86303258e+00
    -6.06030643e-01</data></vocabulary>
</opencv_storage>
