<?xml version="1.0"?>
<opencv_storage>
<vocabulary type_id="opencv-matrix">
  <rows>81</rows>
  <cols>1</cols>
  <dt>f</dt>
  <data>
    -7.48720229e-01 3.27979398e+00 -6.48174429e+00 5.82415390e+00
    -2.98501945e+00 3.70694733e+00 -5.68200541e+00 3.88887095e+00
    -7.53421128e-01 1.43652010e+00 -7.75702477e+00 1.72700977e+01
    -1.63103333e+01 7.95827579e+00 -8.78505325e+00 1.33173113e+01
    -8.89702892e+00 1.55638134e+00 -5.58427930e-01 5.83981133e+00
    -1.68834476e+01 1.68959007e+01 -7.65850067e+00 5.99149847e+00
    -5.83975649e+00 -4.58468169e-01 2.77714992e+00 -1.53407204e+00
    8.85551631e-01 8.02956295e+00 -1.07612925e+01 6.02439642e+00
    -2.26212835e+00 -6.12427950e+00 1.46230383e+01 -8.79581642e+00
    3.20694494e+00 -5.52281666e+00 -2.68903518e+00 5.56265020e+00
    -8.31132174e-01 -2.14569116e+00 1.33227129e+01 -2.23309250e+01
    1.17497139e+01 -3.61067319e+00 6.48508978e+00 1.57391906e+00
    -3.78422642e+00 -4.42150295e-01 7.33872747e+00 -2.02387123e+01
    2.63823242e+01 -1.22443428e+01 3.11484385e+00 -4.78170252e+00
    -2.92714524e+00 4.21628141e+00 1.69424891e+00 -8.64803028e+00
    1.84130077e+01 -2.14785767e+01 9.43029976e+00 -2.38588405e+00
    2.94412780e+00 2.46098089e+00 -1.11773896e+00 -7.97910023e+00
    1.22965479e+01 -1.30918903e+01 1.14000940e+01 -4.60128927e+00
    1.20659244e+00 -1.19884109e+00 -1.13184476e+00 -3.85085255e-01
    5.93487692e+00 -7.76683092e+00 5.93545341e+00 -3.83424234e+00
    1.46968126e+00</data></vocabulary>
</opencv_storage>
