<?xml version="1.0"?>
<opencv_storage>
<vocabulary type_id="opencv-matrix">
  <rows>81</rows>
  <cols>1</cols>
  <dt>f</dt>
  <data>
    6.56776571e+00 -1.84235001e+01 3.20010490e+01 -4.81526337e+01
    5.85248947e+01 -6.32963905e+01 5.01244469e+01 -2.27288666e+01
    5.02194500e+00 -1.52406349e+01 4.26915550e+01 -7.17948837e+01
    1.04955833e+02 -1.25439217e+02 1.33850311e+02 -1.06481522e+02
    4.96071968e+01 -1.12151136e+01 1.37470360e+01 -3.55310173e+01
    5.54174309e+01 -7.64156036e+01 8.71754913e+01 -8.90945663e+01
    7.08182068e+01 -3.38440781e+01 6.48525476e+00 -1.13099833e+01
    2.45216351e+01 -3.23957710e+01 3.74920044e+01 -3.55616341e+01
    2.77698975e+01 -1.88687859e+01 6.71549320e+00 2.89379382e+00
    1.22354383e+01 -2.57241516e+01 2.67840939e+01 -1.86754513e+01
    8.79642391e+00 4.73308134e+00 -1.09661922e+01 1.43987446e+01
    -1.17007570e+01 -1.24050312e+01 2.58672066e+01 -1.98682365e+01
    -1.25824273e+00 1.92232361e+01 -3.10979080e+01 3.37093430e+01
    -3.20364990e+01 1.85827522e+01 7.43636990e+00 -1.33170509e+01
    4.89883900e+00 1.47805004e+01 -2.72748890e+01 2.99009075e+01
    -2.91437054e+01 2.95434570e+01 -1.70799198e+01 -2.30980575e-01
    -3.47767878e+00 1.11297951e+01 -2.26405602e+01 2.50744381e+01
    -1.80063667e+01 1.51694880e+01 -1.87255096e+01 1.16190023e+01
    -9.54298973e-01 4.07829571e+00 -7.56627417e+00 1.15489674e+01
    -1.08530197e+01 6.00554562e+00 -4.64293575e+00 7.08184624e+00
    -4.52788305e+00</data></vocabulary>
</opencv_storage>
