<?xml version="1.0"?>
<opencv_storage>
<vocabulary type_id="opencv-matrix">
  <rows>81</rows>
  <cols>1</cols>
  <dt>f</dt>
  <data>
    2.74386525e+00 -7.56288576e+00 1.30577011e+01 -1.87752056e+01
    1.93974781e+01 -1.64695969e+01 1.45976372e+01 -1.23975878e+01
    5.76828480e+00 -3.77364802e+00 1.21040287e+01 -2.50327148e+01
    3.75599174e+01 -3.90732079e+01 3.46840248e+01 -3.75307579e+01
    4.10902214e+01 -2.16775570e+01 2.31952310e+00 -1.12888079e+01
    2.91810665e+01 -4.51048813e+01 4.55442772e+01 -4.00101471e+01
    5.12068405e+01 -6.65121078e+01 3.72394905e+01 1.01178703e+01
    -1.75446987e+01 5.96975040e+00 8.21986961e+00 -8.24120522e+00
    4.42675400e+00 -3.14715900e+01 6.98786087e+01 -4.39162292e+01
    -2.84299183e+01 6.20626984e+01 -6.24112320e+01 5.10832024e+01
    -4.82730904e+01 4.84048996e+01 -1.84197962e+00 -6.46309738e+01
    4.76247292e+01 2.95594387e+01 -6.50604172e+01 6.18641891e+01
    -4.35436249e+01 4.02056961e+01 -4.18563232e+01 -1.92550278e+00
    6.80756760e+01 -5.05058937e+01 -2.00062141e+01 4.22070389e+01
    -2.75034294e+01 -1.51912093e+00 6.93068123e+00 5.64604819e-01
    2.73286743e+01 -7.52255859e+01 5.15423584e+01 1.07785444e+01
    -2.16326008e+01 7.40891123e+00 1.64556904e+01 -2.07838097e+01
    1.27126198e+01 -2.68022785e+01 5.45345688e+01 -3.61871490e+01
    -2.98378325e+00 5.70753670e+00 -6.62627041e-01 -7.31893492e+00
    8.41751003e+00 -5.10072899e+00 8.64272213e+00 -1.63863354e+01
    1.07586575e+01</data></vocabulary>
</opencv_storage>
