<?xml version="1.0"?>
<opencv_storage>
<vocabulary type_id="opencv-matrix">
  <rows>81</rows>
  <cols>1</cols>
  <dt>f</dt>
  <data>
    4.76937629e-02 -2.58843333e-01 5.39053023e-01 -4.72217947e-01
    3.34994674e-01 -5.66515774e-02 -6.82556629e-02 7.74226636e-02
    -5.64291254e-02 -1.04689471e-01 3.58904123e-01 -7.75648892e-01
    7.19333649e-01 -3.13124537e-01 1.20390849e-02 8.10790882e-02
    -2.20968071e-02 3.69533263e-02 1.80773243e-01 -2.96150714e-01
    4.96091813e-01 -3.24425876e-01 -5.69852054e-01 3.35656554e-01
    -7.83010200e-02 -1.86417118e-01 1.13048606e-01 -2.10832864e-01
    7.51389384e-01 -1.62106037e+00 1.93118262e+00 -8.35932016e-01
    7.48751819e-01 -1.03441966e+00 9.81446803e-01 -3.75191569e-01
    1.84178680e-01 -9.84504580e-01 2.07551646e+00 -2.51375198e+00
    2.82277727e+00 -1.37864625e+00 1.57553232e+00 -1.37891960e+00
    5.13855577e-01 -1.58623114e-01 6.88654721e-01 -1.35888791e+00
    6.79976404e-01 7.89823592e-01 -4.48797494e-01 -5.38491309e-01
    7.19822109e-01 -2.97622621e-01 5.57074249e-02 -2.59863622e-02
    8.11242461e-02 1.16424024e+00 -3.04305410e+00 2.38248420e+00
    -6.09733701e-01 -5.36614172e-02 4.57589701e-02 4.18516211e-02
    -2.29482248e-01 3.17039371e-01 -1.06382585e+00 1.99073470e+00
    -1.55803835e+00 4.05207783e-01 -4.37580165e-05 -2.32643019e-02
    -1.31348288e-02 1.42660085e-02 1.50144743e-02 9.14636031e-02
    -2.29215503e-01 1.77201435e-01 3.30392197e-02 -9.18509662e-02
    4.92070764e-02</data></vocabulary>
</opencv_storage>
