<?xml version="1.0"?>
<opencv_storage>
<vocabulary type_id="opencv-matrix">
  <rows>81</rows>
  <cols>1</cols>
  <dt>f</dt>
  <data>
    1.43587559e-01 -4.28791463e-01 4.92445618e-01 -4.34590071e-01
    2.98481733e-01 -5.87984957e-02 -6.89810589e-02 8.77809301e-02
    -2.43319198e-02 -4.08244997e-01 1.13295877e+00 -9.93871689e-01
    3.94667655e-01 -2.10055381e-01 -6.47422224e-02 4.72055644e-01
    -4.99336392e-01 1.45901516e-01 7.91566432e-01 -1.95361865e+00
    1.43006778e+00 -1.59360304e-01 1.09287098e-01 -1.73300415e-01
    -5.67777514e-01 5.68688333e-01 -7.65825063e-02 -9.58002687e-01
    2.22018385e+00 -1.30583322e+00 -2.45957732e-01 -4.39586133e-01
    9.84823883e-01 -2.37406731e-01 3.03332657e-01 -4.24642682e-01
    6.88782752e-01 -1.54654181e+00 1.04649877e-03 1.69320011e+00
    9.96290147e-01 -1.21291482e+00 9.47005153e-01 -1.25146198e+00
    8.90555203e-01 -2.70468861e-01 6.20048404e-01 6.42205775e-01
    -1.77738488e+00 4.07831639e-01 1.06500769e+00 -9.98360932e-01
    1.28280807e+00 -8.34286392e-01 8.65877643e-02 -2.44300365e-01
    -4.15642172e-01 1.06540966e+00 -9.59770009e-02 -1.13439238e+00
    1.04983711e+00 -1.17632246e+00 6.87501311e-01 -4.85964157e-02
    1.61506936e-01 4.79795076e-02 -3.87775540e-01 -3.31737757e-01
    9.81582105e-01 -8.60745966e-01 7.84124672e-01 -4.02847558e-01
    -3.16471606e-02 5.64604290e-02 -6.37763962e-02 1.15514837e-01
    1.38191611e-01 -3.22266877e-01 2.42732286e-01 -1.37219250e-01
    5.03668264e-02</data></vocabulary>
</opencv_storage>
