<?xml version="1.0"?>
<opencv_storage>
<vocabulary type_id="opencv-matrix">
  <rows>81</rows>
  <cols>1</cols>
  <dt>f</dt>
  <data>
    1.53368235e-01 -2.40050480e-01 6.48240298e-02 2.17652977e-01
    -4.03777987e-01 5.16746044e-01 -4.27611649e-01 2.69765466e-01
    -9.52928215e-02 -8.56194019e-01 1.33623421e+00 -6.11769438e-01
    -1.22615099e+00 2.79365134e+00 -2.42492294e+00 7.68284023e-01
    -1.74214505e-02 -4.91263568e-02 1.68204141e+00 -2.57828212e+00
    1.07393014e+00 2.82371521e+00 -6.31892109e+00 4.86837912e+00
    -7.54566669e-01 -8.54682267e-01 4.59526181e-01 -2.02934384e+00
    3.15530252e+00 -1.29811633e+00 -4.06543255e+00 8.97927284e+00
    -5.99137926e+00 -8.06301653e-01 2.73945665e+00 -1.11760151e+00
    2.14750791e+00 -3.50860000e+00 1.60310340e+00 4.52470875e+00
    -9.52604866e+00 6.57528591e+00 2.66548347e+00 -4.78207970e+00
    1.83578634e+00 -2.04216242e+00 4.10361624e+00 -3.59976864e+00
    -1.64156425e+00 7.57384586e+00 -3.27573776e+00 -5.47662354e+00
    6.43280029e+00 -2.35379624e+00 1.77997577e+00 -4.45348310e+00
    5.46618223e+00 -2.17775249e+00 -1.96352267e+00 -1.79718781e+00
    8.26723289e+00 -7.66798925e+00 2.67923689e+00 -1.09472871e+00
    2.97038388e+00 -3.99208665e+00 2.23370743e+00 3.28841358e-02
    2.14109254e+00 -5.91748905e+00 5.21651983e+00 -1.76224875e+00
    2.99965352e-01 -8.29021454e-01 1.11484921e+00 -4.87033218e-01
    -2.90690601e-01 -2.53696948e-01 1.32160830e+00 -1.23237085e+00
    4.05047387e-01</data></vocabulary>
</opencv_storage>
