<?xml version="1.0"?>
<opencv_storage>
<vocabulary type_id="opencv-matrix">
  <rows>81</rows>
  <cols>1</cols>
  <dt>f</dt>
  <data>
    2.89590776e-01 -8.69208038e-01 1.22915697e+00 -1.47736692e+00
    1.36173308e+00 -1.01399696e+00 6.01976097e-01 -1.85775787e-01
    3.27397808e-02 -3.68657410e-01 1.52812171e+00 -2.15623760e+00
    2.61438251e+00 -2.80337000e+00 2.36820531e+00 -9.66826439e-01
    -3.07036787e-01 3.08850914e-01 1.57516077e-01 -1.36445689e+00
    2.01106095e+00 -2.69394398e+00 3.08380198e+00 -2.79860306e+00
    8.29975784e-01 9.00061309e-01 -6.27846122e-01 7.86342978e-01
    -9.32158411e-01 4.95490044e-01 5.43423235e-01 -1.35456836e+00
    1.04907966e+00 9.13899660e-01 -2.25975537e+00 1.20312512e+00
    -1.80546534e+00 3.39150405e+00 -3.30362344e+00 2.06108212e+00
    3.19490820e-01 1.23862493e+00 -3.01829457e+00 3.62998557e+00
    -1.73724675e+00 1.45662820e+00 -2.73441792e+00 2.33529830e+00
    -9.60751295e-01 1.87149450e-01 -8.47565949e-01 2.59514475e+00
    -3.21195340e+00 1.48519433e+00 -6.24499500e-01 1.16540182e+00
    -6.81980312e-01 -4.27300811e-01 5.71911812e-01 3.20821166e-01
    -1.79273057e+00 2.41658688e+00 -1.13599169e+00 1.49614319e-01
    -2.46661082e-01 -6.83757886e-02 6.13409638e-01 -6.56180322e-01
    -1.26909956e-01 1.08172309e+00 -1.56766009e+00 7.83349097e-01
    3.20697576e-02 -9.35373157e-02 1.10757224e-01 -1.49470180e-01
    2.19721884e-01 -2.24886574e-02 -3.28355134e-01 5.40948033e-01
    -2.93999285e-01</data></vocabulary>
</opencv_storage>
