<?xml version="1.0"?>
<opencv_storage>
<vocabulary type_id="opencv-matrix">
  <rows>81</rows>
  <cols>1</cols>
  <dt>f</dt>
  <data>
    -5.23661040e-02 6.39186427e-02 -7.59042352e-02 5.38377911e-02
    4.14680224e-03 5.67564964e-02 -1.14820883e-01 1.59075484e-01
    -9.18187499e-02 -2.84278113e-02 2.21343800e-01 -1.61941081e-01
    1.18759580e-01 -4.50562865e-01 4.69137311e-01 -2.22874656e-02
    -4.24217403e-01 2.49437496e-01 2.03527495e-01 -7.32733846e-01
    6.43541932e-01 -6.63514555e-01 1.12457252e+00 -1.26847303e+00
    3.36197913e-01 5.72599828e-01 -3.24419379e-01 -3.01450610e-01
    1.02114141e+00 -9.40425515e-01 1.16870761e+00 -1.73373759e+00
    1.70476866e+00 -5.16579568e-01 -5.91552556e-01 3.47926795e-01
    5.17782211e-01 -1.51660526e+00 1.05605257e+00 -8.93767416e-01
    2.91303015e+00 -1.97283375e+00 7.06480086e-01 3.66619170e-01
    -2.25949541e-01 -7.10021257e-01 1.92345464e+00 -1.64237261e+00
    1.34138155e+00 -1.97871876e+00 2.37486792e+00 -1.17598248e+00
    8.65954757e-02 -3.29288915e-02 6.21636569e-01 -1.70260000e+00
    1.55903685e+00 -1.29684496e+00 1.69184411e+00 -2.11851907e+00
    1.30420721e+00 -4.72017467e-01 2.27869883e-01 -2.05163956e-01
    7.06997871e-01 -5.69217145e-01 4.12149429e-01 -8.70381653e-01
    1.14134669e+00 -7.52255440e-01 3.25453192e-01 -1.55315802e-01
    3.40114278e-03 -7.84136280e-02 -3.26872058e-02 1.05662651e-01
    9.39799696e-02 -1.98843718e-01 1.19506247e-01 -7.43894204e-02
    5.22736050e-02</data></vocabulary>
</opencv_storage>
