<?xml version="1.0"?>
<opencv_storage>
<vocabulary type_id="opencv-matrix">
  <rows>81</rows>
  <cols>1</cols>
  <dt>f</dt>
  <data>
    -2.98666745e-01 7.04655349e-01 -9.20253873e-01 1.06005728e+00
    -7.97680974e-01 5.04569650e-01 -2.96340227e-01 1.05608039e-01
    -1.92009900e-02 1.65627420e-01 -2.67252952e-01 3.74372035e-01
    -7.07003832e-01 7.89783537e-01 -6.18928015e-01 2.64333487e-01
    1.82453737e-01 -2.42823556e-01 3.41020793e-01 -9.90499198e-01
    1.03364217e+00 -7.03628421e-01 5.03716916e-02 7.34185725e-02
    1.99942246e-01 -6.76739216e-01 5.91785848e-01 -8.27592909e-01
    2.08770204e+00 -1.73665822e+00 7.25999594e-01 4.22095269e-01
    -9.84968007e-01 5.04273474e-01 2.88910717e-01 -5.05227685e-01
    1.05748737e+00 -2.66266274e+00 1.34302604e+00 1.35071993e+00
    -1.27330077e+00 2.48700452e+00 -1.69290614e+00 3.38773131e-01
    2.82988161e-01 -8.06387544e-01 2.10925460e+00 -6.86245263e-01
    -2.28190422e+00 2.88830709e+00 -2.02056432e+00 1.21344852e+00
    -1.68017030e-01 -2.93458164e-01 4.98856515e-01 -1.13528764e+00
    -3.01713012e-02 2.16150904e+00 -2.28460503e+00 9.05131400e-01
    6.22118451e-03 -4.48629767e-01 4.38175440e-01 -3.50053757e-01
    6.82821274e-01 -8.03872794e-02 -1.00860858e+00 7.82108307e-01
    1.32886216e-01 -6.49877131e-01 5.15131772e-01 -3.11603397e-01
    1.54108763e-01 -3.34277719e-01 2.58626431e-01 -3.80503461e-02
    1.39555216e-01 -3.23391587e-01 3.60317439e-01 -1.74226373e-01
    7.09665716e-02</data></vocabulary>
</opencv_storage>
