<?xml version="1.0"?>
<opencv_storage>
<vocabulary type_id="opencv-matrix">
  <rows>81</rows>
  <cols>1</cols>
  <dt>f</dt>
  <data>
    3.73727605e-02 -2.38064658e-02 -9.42175537e-02 1.26576334e-01
    3.00924093e-01 -1.59624472e-01 8.60985648e-03 -2.45587274e-01
    1.30693451e-01 -1.44118248e-02 -7.37338290e-02 3.67838383e-01
    -4.02007073e-01 -2.34242722e-01 -1.00682810e-01 6.18389368e-01
    -1.69245884e-01 8.18961300e-03 1.33387335e-02 1.10573038e-01
    -5.42309761e-01 7.73521721e-01 -1.03942430e+00 1.74674916e+00
    -2.13511157e+00 1.05225611e+00 -3.24426234e-01 -1.34869114e-01
    2.83130169e-01 -1.20155990e-01 -1.67758048e-01 8.88677418e-01
    -2.01641774e+00 2.89013505e+00 -1.82085502e+00 7.16271043e-01
    2.21011624e-01 -9.29648578e-01 1.49353206e+00 -1.77079427e+00
    1.92393661e+00 1.28462744e+00 -2.89827490e+00 1.95446217e+00
    -8.52134883e-01 -3.12317580e-01 1.45058310e+00 -2.75082684e+00
    3.11619592e+00 -1.86271691e+00 4.84110042e-02 1.38025236e+00
    -9.76843417e-01 5.02166867e-01 2.84276694e-01 -1.12066865e+00
    2.10736418e+00 -2.22007465e+00 1.52033997e+00 -4.84009564e-01
    -6.35465562e-01 5.63979387e-01 -3.25341374e-01 -7.38701448e-02
    2.30041221e-01 -5.33734083e-01 4.26940352e-01 -5.93353296e-03
    -7.57846355e-01 1.27261794e+00 -9.23261881e-01 3.96988213e-01
    2.63100620e-02 4.50731739e-02 -1.76336303e-01 3.52626979e-01
    -4.59826887e-01 5.84723175e-01 -6.07040405e-01 3.87261689e-01
    -1.51096597e-01</data></vocabulary>
</opencv_storage>
