<?xml version="1.0"?>
<opencv_storage>
<vocabulary type_id="opencv-matrix">
  <rows>81</rows>
  <cols>1</cols>
  <dt>f</dt>
  <data>
    -7.47064531e-01 -3.23463845e+00 3.30098391e+00 -4.97214127e+00
    5.83766413e+00 -1.23724127e+01 4.14677715e+00 4.99398661e+00
    -4.70528841e+00 8.43571281e+00 -2.14937881e-01 8.10073948e+00
    -8.09705734e+00 1.17748756e+01 6.47527647e+00 5.58550358e+00
    -1.08910542e+01 6.36015797e+00 -6.03010321e+00 -4.71041346e+00
    4.71285963e+00 -8.18722630e+00 5.00492871e-01 -7.39236212e+00
    -6.14293146e+00 5.81963778e+00 -2.67994332e+00 -1.47716343e+00
    -6.18170309e+00 -5.87119532e+00 2.45721197e+00 -1.76745689e+00
    7.12594175e+00 -2.04739165e+00 -2.01879478e+00 2.16755843e+00
    3.21061015e+00 3.13334727e+00 -3.00070792e-01 1.35162649e+01
    -5.61762238e+00 -3.69302094e-01 7.90909863e+00 -4.42858648e+00
    9.99594331e-02 -4.09556246e+00 2.20462322e+01 -5.58577299e+00
    1.11060989e+00 -6.91841221e+00 -4.24873161e+00 -8.26740837e+00
    1.16489925e+01 -3.10251999e+00 3.42585832e-01 -1.67279282e+01
    -3.17610025e+00 -4.35545206e+00 1.09695787e+01 2.19182539e+00
    5.62356472e+00 -1.29165256e+00 -4.97637701e+00 5.66793728e+00
    -8.58321476e+00 1.83586712e+01 2.64399767e-01 -1.28589840e+01
    4.49423265e+00 -3.08784008e+00 -1.43133898e+01 1.33548727e+01
    -1.10467207e+00 2.49171758e+00 -5.70143509e+00 -1.81995690e+00
    6.38089561e+00 -1.46203697e+00 -2.78084576e-01 9.25991154e+00
    -6.43417025e+00</data></vocabulary>
</opencv_storage>
