<?xml version="1.0"?>
<opencv_storage>
<vocabulary type_id="opencv-matrix">
  <rows>81</rows>
  <cols>1</cols>
  <dt>f</dt>
  <data>
    -4.98468208e+00 1.81874123e+01 -3.26935234e+01 4.08254356e+01
    -4.15499802e+01 3.61893196e+01 -2.64191132e+01 1.54762001e+01
    -4.78472805e+00 1.31290627e+01 -3.77594566e+01 5.88350563e+01
    -6.47372971e+01 5.51325340e+01 -4.11225166e+01 2.39635830e+01
    -1.18068085e+01 4.13556337e+00 -1.52392216e+01 3.21114693e+01
    -3.57736702e+01 1.92023563e+01 1.41808987e+01 -3.34248085e+01
    4.07379646e+01 -2.92998123e+01 7.21767521e+00 1.33647070e+01
    -2.52034378e+01 2.40609093e+01 -4.52725840e+00 -3.11057529e+01
    4.46613693e+01 -4.10362701e+01 2.40626163e+01 -4.72284460e+00
    -1.39632874e+01 3.76100960e+01 -6.07755585e+01 6.32772789e+01
    -4.02753296e+01 3.61601067e+01 -4.30847435e+01 3.83694839e+01
    -1.46380501e+01 7.87827873e+00 -1.96697426e+01 3.34691124e+01
    -4.09681435e+01 3.46621590e+01 -4.55459900e+01 6.43089218e+01
    -5.72024803e+01 1.97601032e+01 5.25426960e+00 -3.21464195e+01
    6.53312454e+01 -7.49520111e+01 6.89632645e+01 -3.35568542e+01
    -1.13547649e+01 2.68898869e+01 -8.61722565e+00 -1.01121798e+01
    4.57321167e+01 -8.83343887e+01 1.04325394e+02 -9.90086212e+01
    6.51373138e+01 -2.01156845e+01 -3.13438916e+00 3.29691440e-01
    4.05003357e+00 -1.65665836e+01 3.17528381e+01 -3.87793541e+01
    3.84623070e+01 -2.73211250e+01 1.11872559e+01 -2.02188396e+00
    9.19867635e-01</data></vocabulary>
</opencv_storage>
