<?xml version="1.0"?>
<opencv_storage>
<vocabulary type_id="opencv-matrix">
  <rows>81</rows>
  <cols>1</cols>
  <dt>f</dt>
  <data>
    6.00527190e-02 1.32246268e+00 -2.67464495e+00 3.68277788e+00
    -5.04260540e+00 5.47374630e+00 -4.92421865e+00 3.48887157e+00
    -1.20929503e+00 1.02459753e+00 -6.39308786e+00 1.04029694e+01
    -1.57825661e+01 2.36860027e+01 -2.99824886e+01 3.39215012e+01
    -2.67401581e+01 9.39976120e+00 -2.84985852e+00 1.15672827e+01
    -1.55538998e+01 2.26598625e+01 -3.43801003e+01 4.58466759e+01
    -5.51745872e+01 4.39968452e+01 -1.54695244e+01 4.85749865e+00
    -1.40003862e+01 1.28016491e+01 -1.02883625e+01 1.01049404e+01
    -1.96870499e+01 3.40460548e+01 -2.99887867e+01 1.15591221e+01
    -7.68129778e+00 2.02032261e+01 -1.95099297e+01 7.87618780e+00
    7.72289133e+00 -2.06256986e+00 -1.20169258e+01 1.33986044e+01
    -7.11182833e+00 1.24885073e+01 -3.67030792e+01 5.20918427e+01
    -4.61941910e+01 2.94207020e+01 -2.45234680e+01 2.56896114e+01
    -1.94440193e+01 8.77136230e+00 -1.68563843e+01 5.46849251e+01
    -9.33695908e+01 1.02446342e+02 -9.04188843e+01 7.37504730e+01
    -5.31718140e+01 3.33248863e+01 -1.26493025e+01 1.27644043e+01
    -4.21758728e+01 7.37273941e+01 -8.43024750e+01 7.80633698e+01
    -6.27334213e+01 4.24233742e+01 -2.59705448e+01 9.69791889e+00
    -3.50268340e+00 1.27608900e+01 -2.27192535e+01 2.69442883e+01
    -2.63571301e+01 2.12945938e+01 -1.49165649e+01 9.32269096e+00
    -3.22772765e+00</data></vocabulary>
</opencv_storage>
