<?xml version="1.0"?>
<opencv_storage>
<vocabulary type_id="opencv-matrix">
  <rows>81</rows>
  <cols>1</cols>
  <dt>f</dt>
  <data>
    -2.04179958e-01 9.33170676e-01 -1.73301542e+00 3.33296865e-01
    2.05955958e+00 -3.40883422e+00 3.64990067e+00 -2.58642220e+00
    7.46893704e-01 5.06301701e-01 -5.15204525e+00 1.24343920e+01
    -1.56020508e+01 1.62858410e+01 -1.25895033e+01 6.85666180e+00
    -3.11961651e+00 7.67800212e-01 -2.99003482e-01 8.99944782e+00
    -2.37779388e+01 3.47134705e+01 -4.27991753e+01 3.78676872e+01
    -2.51513023e+01 1.35139656e+01 -3.41610360e+00 -3.21380043e+00
    1.00782788e+00 7.79356432e+00 -1.97754574e+01 3.39217949e+01
    -3.46492500e+01 2.60300827e+01 -1.49726477e+01 3.65866113e+00
    8.39391899e+00 -1.79793129e+01 2.12622375e+01 -1.11110706e+01
    -7.10572815e+00 1.77023716e+01 -1.84057026e+01 1.21460037e+01
    -2.90691328e+00 -1.09521914e+01 2.71936722e+01 -3.75014572e+01
    2.92110691e+01 -8.90813065e+00 -4.39444971e+00 1.08757515e+01
    -8.86958122e+00 2.23202395e+00 1.13988371e+01 -3.04147797e+01
    4.43160820e+01 -3.90261993e+01 2.17264194e+01 -7.79101610e+00
    -2.04402757e+00 4.15513802e+00 -1.23053694e+00 -8.12270164e+00
    2.33669968e+01 -3.60148773e+01 3.48217735e+01 -2.50101070e+01
    1.48229427e+01 -5.89196825e+00 1.42865789e+00 -2.91656286e-01
    2.54446101e+00 -8.03242111e+00 1.31391821e+01 -1.36853151e+01
    1.13123770e+01 -7.92919302e+00 4.40566683e+00 -2.03522849e+00
    5.68551302e-01</data></vocabulary>
</opencv_storage>
