<?xml version="1.0"?>
<opencv_storage>
<vocabulary type_id="opencv-matrix">
  <rows>81</rows>
  <cols>1</cols>
  <dt>f</dt>
  <data>
    -1.05651379e-01 -2.72054672e+00 7.68379164e+00 -4.41944075e+00
    -9.47359383e-01 5.21439016e-01 1.78474605e+00 -1.52338338e+00
    1.12923229e+00 1.73412013e+00 4.64894819e+00 -1.47004299e+01
    6.70471287e+00 1.85037613e+00 3.50744820e+00 -8.79483128e+00
    3.52581286e+00 -2.04683471e+00 -3.33615994e+00 -5.54687357e+00
    1.71743336e+01 -6.70491362e+00 -5.09414971e-02 -1.01585369e+01
    1.29322958e+01 -1.95812508e-01 -7.90161118e-02 3.13655043e+00
    5.89588833e+00 -1.84286575e+01 5.75787592e+00 3.86175585e+00
    8.19115353e+00 -1.04070501e+01 -3.77945185e+00 2.68294048e+00
    -3.76389050e+00 -2.94657421e+00 1.54582930e+01 -5.08793175e-01
    -1.21535540e+01 -5.20541072e-01 5.30485773e+00 6.97210598e+00
    -4.66019917e+00 2.52103591e+00 2.34299278e+00 -1.01341581e+01
    -4.78060532e+00 1.63295441e+01 -2.34286070e+00 -4.20444059e+00
    -6.82280397e+00 5.44432163e+00 1.04251170e+00 -3.29227281e+00
    3.56443739e+00 7.75613499e+00 -1.10447321e+01 1.13851917e+00
    -2.74128765e-01 9.66179466e+00 -6.58877134e+00 -1.74291813e+00
    1.68163836e+00 1.54776895e+00 -7.25734520e+00 3.62224531e+00
    2.47338653e+00 1.89416572e-01 -6.47960949e+00 4.29328823e+00
    5.78347862e-01 -3.37094039e-01 -1.54797494e+00 3.11873627e+00
    -1.00280011e+00 -1.09715343e+00 5.18975973e-01 1.26117146e+00
    -1.09387565e+00</data></vocabulary>
</opencv_storage>
