<?xml version="1.0"?>
<opencv_storage>
<vocabulary type_id="opencv-matrix">
  <rows>81</rows>
  <cols>1</cols>
  <dt>f</dt>
  <data>
    -5.77373244e-02 1.26929313e-01 -7.04992516e-03 -1.03695422e-01
    -1.24132186e-01 4.70591933e-01 -5.61569273e-01 5.23938060e-01
    -2.30884731e-01 1.83652744e-01 -3.80129516e-01 9.63712037e-02
    4.74461049e-01 -8.63621831e-02 -1.01159811e+00 1.65286899e+00
    -1.80141449e+00 8.37154806e-01 -2.19833031e-01 4.07714635e-01
    1.76958114e-01 -1.54714596e+00 8.81194592e-01 1.11837530e+00
    -2.46205926e+00 2.89823484e+00 -1.39960754e+00 7.64126927e-02
    5.45727499e-02 -1.07072949e+00 3.06188869e+00 -2.12140083e+00
    -9.93485749e-01 2.93878555e+00 -3.40293169e+00 1.63456476e+00
    9.63225290e-02 -6.17587924e-01 1.42764556e+00 -2.97360945e+00
    3.33040738e+00 1.16588342e+00 -3.53659391e+00 3.78315282e+00
    -1.75442898e+00 -2.69065261e-01 1.02264154e+00 -1.83419561e+00
    2.89400601e+00 -1.80606735e+00 -1.13322985e+00 3.09554052e+00
    -3.04243803e+00 1.28197885e+00 4.30917591e-01 -1.30084395e+00
    2.14143491e+00 -2.99314022e+00 1.51999342e+00 1.14214361e+00
    -2.33979154e+00 1.88507390e+00 -6.51051402e-01 -2.50900477e-01
    7.72881627e-01 -1.34035015e+00 1.90129626e+00 -9.46095467e-01
    -9.40210938e-01 1.60107231e+00 -1.20246959e+00 4.05130416e-01
    5.65116890e-02 -1.63408086e-01 3.23706567e-01 -5.07313848e-01
    2.13710830e-01 3.72461528e-01 -5.40920675e-01 3.77202034e-01
    -1.30144283e-01</data></vocabulary>
</opencv_storage>
