<?xml version="1.0"?>
<opencv_storage>
<vocabulary type_id="opencv-matrix">
  <rows>81</rows>
  <cols>1</cols>
  <dt>f</dt>
  <data>
    3.69419289e+00 -7.72478104e+00 7.94793081e+00 -3.65656519e+00
    2.12388110e+00 1.71934385e-02 -3.63864452e-01 2.78223813e-01
    -2.40224338e+00 -2.77665710e+00 1.58135772e-01 4.44870472e+00
    -6.74115753e+00 6.20179701e+00 -6.37486601e+00 2.86991119e+00
    5.67350268e-01 3.73362422e+00 -1.06571233e+00 1.00416737e+01
    -1.94288292e+01 2.05420647e+01 -1.95781345e+01 2.36711025e+01
    -1.60909557e+01 -2.27206278e+00 1.62953281e+00 -6.43102288e-01
    -1.83750319e+00 2.52824140e+00 4.30074930e+00 -7.44554377e+00
    -9.73285198e+00 1.11481056e+01 8.98262310e+00 -7.68689108e+00
    2.82473969e+00 -9.60693169e+00 1.65935459e+01 -1.77907963e+01
    2.52462826e+01 -4.69236660e+00 -1.18957062e+01 1.36925399e+00
    -9.09973621e-01 4.33433580e+00 -5.41638279e+00 -9.78557682e+00
    1.27615709e+01 -2.26078491e+01 8.34873199e+00 1.66328564e+01
    -1.22948990e+01 1.08984413e+01 -8.22315407e+00 1.93849106e+01
    -6.25177622e+00 -2.11031675e-01 6.38575077e+00 8.58309746e+00
    -2.11878338e+01 7.76961374e+00 -9.48204803e+00 -3.28948641e+00
    1.06947479e+01 -1.54051132e+01 6.21206379e+00 2.73099518e+00
    -1.76277733e+01 1.25185356e+01 4.49538898e+00 2.88883972e+00
    3.10952878e+00 -9.67441368e+00 1.13470545e+01 -8.11920166e+00
    -7.00130701e-01 1.23474197e+01 -8.27390957e+00 -2.37892890e+00
    2.80803651e-01</data></vocabulary>
</opencv_storage>
