<?xml version="1.0"?>
<opencv_storage>
<vocabulary type_id="opencv-matrix">
  <rows>81</rows>
  <cols>1</cols>
  <dt>f</dt>
  <data>
    -2.12821811e-01 2.81174392e-01 -6.16154931e-02 -4.10186887e-01
    6.14533067e-01 -3.47001493e-01 7.93731809e-02 3.50410491e-02
    5.99882193e-02 4.76186782e-01 -6.95875168e-01 2.76014417e-01
    6.24049604e-01 -1.11786020e+00 7.14995861e-01 -2.14141622e-01
    8.90906155e-02 -1.80322334e-01 -6.30569279e-01 1.12543678e+00
    -5.83563864e-01 -4.86037076e-01 9.69112217e-01 -6.80811584e-01
    -1.09594136e-01 -4.67905663e-02 1.74816564e-01 7.57330120e-01
    -1.51758850e+00 9.29096997e-01 2.57917076e-01 -9.10884738e-01
    8.11678529e-01 2.57029414e-01 1.58200413e-02 -1.56501174e-01
    -6.85463905e-01 1.34925652e+00 -1.04380274e+00 -5.07532299e-01
    2.85379219e+00 -1.45135593e+00 3.20875198e-01 -6.04796588e-01
    4.14930373e-01 4.47934330e-01 -6.63168967e-01 2.02310234e-01
    1.25888503e+00 -2.39681196e+00 2.24578023e+00 -1.24587190e+00
    1.14684796e+00 -5.73153496e-01 -2.39111215e-01 3.91581565e-01
    -1.62803978e-01 -9.42318320e-01 1.99996364e+00 -1.97014451e+00
    1.39029181e+00 -1.31332541e+00 5.85311234e-01 8.47384706e-03
    -1.86067130e-02 -1.15124464e-01 8.59985888e-01 -1.80463707e+00
    1.61321616e+00 -1.23518372e+00 1.10200751e+00 -4.59342986e-01
    6.10200018e-02 -1.51324376e-01 2.60339886e-01 -5.40667892e-01
    8.96702051e-01 -7.27091432e-01 5.21001220e-01 -4.35211450e-01
    1.69365078e-01</data></vocabulary>
</opencv_storage>
