<?xml version="1.0"?>
<opencv_storage>
<vocabulary type_id="opencv-matrix">
  <rows>81</rows>
  <cols>1</cols>
  <dt>f</dt>
  <data>
    2.89944470e-01 -1.89605010e+00 4.38235378e+00 -4.52902842e+00
    2.91016519e-01 -2.92592645e-01 3.48474789e+00 -2.71022177e+00
    5.11214674e-01 -8.38411376e-02 1.47720170e+00 -4.39480972e+00
    3.61990738e+00 4.83500099e+00 -2.94284463e+00 -5.75132799e+00
    4.72330999e+00 -4.59332049e-01 -9.78179336e-01 2.32675099e+00
    -1.91222942e+00 2.50557184e+00 -9.08894730e+00 5.95464897e+00
    2.35707927e+00 -1.47119296e+00 -1.19656408e+00 1.68077183e+00
    -3.43757439e+00 2.53569317e+00 -4.17927533e-01 3.22831655e+00
    -1.39705729e+00 -1.24969065e+00 -1.79839897e+00 2.81916142e+00
    -1.71995747e+00 2.10327911e+00 4.57741916e-01 -4.19019175e+00
    4.38788033e+00 -2.84192562e+00 1.22521579e+00 2.90121055e+00
    -3.05556464e+00 1.72950315e+00 -1.59401977e+00 -1.22825384e+00
    3.69814563e+00 -1.90704501e+00 2.30203882e-01 1.97917438e+00
    -4.66389894e+00 3.08494592e+00 -1.05104280e+00 5.53440452e-01
    1.99094272e+00 -3.36543632e+00 1.13036036e+00 1.08167958e+00
    -3.05797386e+00 4.51409721e+00 -2.57036543e+00 5.71979992e-02
    1.41715896e+00 -4.41165781e+00 5.92327499e+00 -4.45563316e+00
    1.62023759e+00 1.08791029e+00 -2.50351620e+00 1.52364242e+00
    1.46603182e-01 -1.08679390e+00 2.62119317e+00 -3.30437851e+00
    2.67397642e+00 -1.21800160e+00 -3.38790625e-01 1.04188299e+00
    -6.29431605e-01</data></vocabulary>
</opencv_storage>
