<?xml version="1.0"?>
<opencv_storage>
<vocabulary type_id="opencv-matrix">
  <rows>81</rows>
  <cols>1</cols>
  <dt>f</dt>
  <data>
    1.45184922e+00 -3.48550415e+00 5.60487843e+00 9.38096583e-01
    -1.30551548e+01 1.53156786e+01 -1.14756956e+01 8.25770092e+00
    -3.19823456e+00 -3.25709867e+00 9.00081825e+00 -1.71603622e+01
    1.37414522e+01 -4.09065068e-01 -7.45763540e+00 1.20767660e+01
    -1.37676840e+01 6.37333679e+00 5.20362329e+00 -1.32687044e+01
    2.16056480e+01 -1.94957943e+01 6.51334620e+00 8.09439868e-02
    -2.05513549e+00 7.45296478e+00 -5.41505575e+00 -7.34463310e+00
    1.83177776e+01 -2.66542072e+01 2.70889111e+01 -1.68617916e+01
    1.17058630e+01 -1.22644529e+01 3.31397390e+00 2.43418765e+00
    7.19432020e+00 -1.69528923e+01 2.25525131e+01 -2.48621082e+01
    2.11995392e+01 -1.90472965e+01 2.34529343e+01 -1.33150520e+01
    1.05521619e+00 -6.68545580e+00 1.33179321e+01 -1.35818529e+01
    1.48362074e+01 -1.41740170e+01 1.91286297e+01 -2.91004887e+01
    1.98809910e+01 -3.98649859e+00 5.63635111e+00 -8.17243576e+00
    3.13363004e+00 -1.75216377e+00 2.39367056e+00 -9.24788761e+00
    2.00852718e+01 -1.51574402e+01 3.78445387e+00 -4.21691704e+00
    2.98761797e+00 5.90028238e+00 -1.00251865e+01 9.28138924e+00
    -3.14944911e+00 -5.26927996e+00 5.54208612e+00 -1.78818190e+00
    1.92654729e+00 -6.06645107e-01 -4.69174433e+00 7.06575966e+00
    -6.37810087e+00 3.35863853e+00 4.64974076e-01 -1.44577038e+00
    5.77181578e-01</data></vocabulary>
</opencv_storage>
