<?xml version="1.0"?>
<opencv_storage>
<vocabulary type_id="opencv-matrix">
  <rows>81</rows>
  <cols>1</cols>
  <dt>f</dt>
  <data>
    -9.51918900e-01 2.81914520e+00 -4.57534552e+00 5.39047861e+00
    -4.84607220e+00 3.26948905e+00 -9.45060372e-01 -2.91722804e-01
    3.08715701e-01 1.37348235e+00 -4.07944727e+00 5.52011728e+00
    -5.64881611e+00 4.59998178e+00 -1.83853388e+00 -8.46625388e-01
    5.03420472e-01 8.10917839e-02 -7.25301623e-01 2.09402061e+00
    -8.14526558e-01 -3.50664735e-01 -5.93859375e-01 -5.53027332e-01
    1.74069202e+00 2.77967900e-01 -1.03861010e+00 -5.17385483e-01
    6.71991527e-01 -3.77153468e+00 5.83117151e+00 -4.37247753e+00
    3.60801601e+00 -1.85446215e+00 -1.04874122e+00 1.37859488e+00
    2.48006749e+00 -4.87085485e+00 1.04300337e+01 -1.42997122e+01
    1.47987032e+01 -1.13823366e+01 4.70220757e+00 2.57747263e-01
    -6.91825867e-01 -2.84353876e+00 5.90984011e+00 -1.18901787e+01
    1.57151232e+01 -1.59749603e+01 1.47385292e+01 -7.42407131e+00
    2.88081741e+00 -1.48961687e+00 1.99621332e+00 -4.09620380e+00
    9.07399559e+00 -1.24795094e+01 1.46460409e+01 -1.54135027e+01
    9.90390396e+00 -6.04662037e+00 3.01080346e+00 -1.45524466e+00
    2.77322698e+00 -6.46219301e+00 9.13778877e+00 -1.06959705e+01
    1.06024094e+01 -6.83457804e+00 3.66192842e+00 -1.50264657e+00
    6.47569537e-01 -1.13681316e+00 1.87307072e+00 -2.23781466e+00
    2.50914145e+00 -2.34460902e+00 1.30896306e+00 -2.20741004e-01
    -6.55021071e-02</data></vocabulary>
</opencv_storage>
