<?xml version="1.0"?>
<opencv_storage>
<vocabulary type_id="opencv-matrix">
  <rows>81</rows>
  <cols>1</cols>
  <dt>f</dt>
  <data>
    1.06888938e+00 -3.12556481e+00 5.25587225e+00 -6.17012691e+00
    3.52278876e+00 4.76550728e-01 -5.98760426e-01 -1.14495289e+00
    8.49773884e-01 -1.87352562e+00 5.86175823e+00 -1.02414150e+01
    1.18546362e+01 -5.80604982e+00 -2.79138303e+00 2.21909618e+00
    2.55215311e+00 -2.02881742e+00 4.22718227e-01 -2.64723849e+00
    5.62104130e+00 -5.68536949e+00 -1.52337599e+00 9.37107658e+00
    -5.36606264e+00 -3.54742670e+00 3.20349669e+00 1.16176689e+00
    -1.03921998e+00 -5.39967239e-01 -5.04099131e-01 7.91445065e+00
    -1.42118874e+01 7.23771811e+00 4.85107660e+00 -4.38253021e+00
    -1.32362831e+00 1.50870419e+00 4.21134233e-02 4.11446393e-01
    -5.40335989e+00 1.22235870e+01 -5.96984243e+00 -5.11500692e+00
    4.30154562e+00 1.10730243e+00 -1.20611966e+00 -8.57497633e-01
    1.41955090e+00 3.62218785e+00 -9.09957790e+00 4.64057541e+00
    3.94339252e+00 -3.26267052e+00 -6.03431582e-01 4.31297868e-01
    1.88692605e+00 -3.28876901e+00 -6.46716356e-01 5.66594696e+00
    -3.40000033e+00 -2.10054302e+00 1.84014726e+00 -1.79973617e-01
    1.04279602e+00 -3.42600060e+00 5.32204676e+00 -2.88851380e+00
    -1.29238105e+00 1.43968308e+00 5.19907415e-01 -5.37588894e-01
    2.61212319e-01 -8.95026386e-01 2.21286702e+00 -3.32396221e+00
    2.24146843e+00 -1.89034447e-01 -2.97664493e-01 -9.75582376e-02
    1.03207871e-01</data></vocabulary>
</opencv_storage>
