<?xml version="1.0"?>
<opencv_storage>
<vocabulary type_id="opencv-matrix">
  <rows>81</rows>
  <cols>1</cols>
  <dt>f</dt>
  <data>
    -1.50749251e-01 5.19272029e-01 -1.35956800e+00 2.30083561e+00
    -8.35130751e-01 -8.87203217e-01 -2.28992611e-01 1.33611119e+00
    -2.99417049e-01 5.11921823e-01 -2.10055280e+00 4.81090736e+00
    -6.08680153e+00 9.94205296e-01 3.03627634e+00 4.04973358e-01
    -3.24904227e+00 8.26779723e-01 -1.34328675e+00 2.64535165e+00
    -3.84797573e+00 5.82984734e+00 -1.46593142e+00 -3.98522925e+00
    1.63950276e+00 1.36553538e+00 -4.33023900e-01 2.60640812e+00
    -2.57719326e+00 -4.77536738e-01 -1.96807945e+00 9.23009098e-01
    3.95169473e+00 -3.22434521e+00 1.07797337e+00 -1.54844388e-01
    -3.28078389e+00 2.74524140e+00 2.03920007e+00 1.88179627e-01
    -1.29783905e+00 -4.21197712e-01 1.92459607e+00 -1.38298774e+00
    3.15422565e-01 3.68132019e+00 -3.10701752e+00 -2.17023396e+00
    -9.32978392e-01 6.83399963e+00 -4.87306595e+00 2.60525584e-01
    6.65741146e-01 -1.15617171e-01 -2.78745174e+00 1.46679056e+00
    4.03648233e+00 -1.11863232e+00 -5.18195295e+00 3.14311647e+00
    1.96638823e+00 -2.16872311e+00 4.13331985e-01 1.09560549e+00
    1.18879235e+00 -5.94851303e+00 3.81749439e+00 1.09270656e+00
    4.13422078e-01 -4.25415325e+00 3.42800617e+00 -7.58796096e-01
    -2.51341283e-01 -1.31265152e+00 3.77434611e+00 -2.24560499e+00
    -9.67047453e-01 3.58574599e-01 1.98076785e+00 -1.74506855e+00
    3.88402849e-01</data></vocabulary>
</opencv_storage>
