<?xml version="1.0"?>
<opencv_storage>
<vocabulary type_id="opencv-matrix">
  <rows>81</rows>
  <cols>1</cols>
  <dt>f</dt>
  <data>
    -4.04481620e-01 9.33750153e-01 -1.13530779e+00 1.20761585e+00
    -9.29905117e-01 3.37910950e-01 2.63803661e-01 -6.56117618e-01
    3.88405591e-01 5.91505051e-01 -1.30262184e+00 2.87741971e+00
    -4.79334450e+00 4.29566717e+00 -2.41522050e+00 -2.32180700e-01
    2.78009176e+00 -1.90409541e+00 -1.26147777e-01 2.30834670e-02
    -2.58695745e+00 6.46570063e+00 -6.39333344e+00 3.84620261e+00
    6.82609200e-01 -5.64978981e+00 3.85154772e+00 -1.03070509e+00
    3.05831885e+00 -5.18853366e-01 -4.71373320e+00 5.45262623e+00
    -3.61534739e+00 -1.37996578e+00 7.53751040e+00 -5.03475428e+00
    1.96075165e+00 -5.72073555e+00 3.41277504e+00 2.66288567e+00
    -2.78419423e+00 2.63867879e+00 2.31084251e+00 -8.80854893e+00
    5.69743919e+00 -1.82171595e+00 5.66910362e+00 -4.37405825e+00
    -4.02117163e-01 1.00444639e+00 9.93591785e-01 -5.16567135e+00
    9.95476818e+00 -5.95105743e+00 1.15669394e+00 -4.05061197e+00
    3.45383692e+00 -3.06258917e-01 8.33059132e-01 -3.85074639e+00
    7.07095146e+00 -9.68945026e+00 5.41872835e+00 -4.99756187e-01
    1.95958269e+00 -1.42309237e+00 -6.25797927e-01 -9.20158904e-03
    2.22781444e+00 -4.34658003e+00 5.75026798e+00 -3.17303014e+00
    1.13324165e-01 -4.07314628e-01 1.60607576e-01 4.54070002e-01
    -3.01404715e-01 -2.98277766e-01 9.52163219e-01 -1.40861893e+00
    7.91128099e-01</data></vocabulary>
</opencv_storage>
