<?xml version="1.0"?>
<opencv_storage>
<vocabulary type_id="opencv-matrix">
  <rows>81</rows>
  <cols>1</cols>
  <dt>f</dt>
  <data>
    -1.03435703e-01 3.22628707e-01 -4.23115671e-01 2.40259618e-01
    2.46226043e-01 -5.22913575e-01 6.69867456e-01 -5.10937154e-01
    1.82797223e-01 4.24040675e-01 -8.97817791e-01 1.59153533e+00
    -2.05144978e+00 1.97851515e+00 -1.12595177e+00 -1.86137054e-02
    6.08475208e-01 -4.60731417e-01 -8.41304719e-01 1.30443966e+00
    -3.26225305e+00 5.50920582e+00 -6.63002729e+00 4.59930563e+00
    -1.76735926e+00 -4.96307760e-01 8.61799419e-01 7.09142268e-01
    -9.80936646e-01 3.00884199e+00 -4.86189413e+00 5.74421930e+00
    -3.96032095e+00 1.20203137e+00 1.34565997e+00 -1.48102760e+00
    3.56673379e-03 2.44634673e-01 -2.66287088e+00 3.70218825e+00
    -6.42586112e-01 -5.98219573e-01 2.01408458e+00 -3.29025030e+00
    2.36075306e+00 6.35755956e-01 -1.72964358e+00 4.50417757e+00
    -5.63922405e+00 3.16145182e+00 -5.40845156e-01 -1.53413796e+00
    3.05703783e+00 -2.38825011e+00 -2.09661174e+00 4.59642601e+00
    -7.48581791e+00 8.51588535e+00 -6.17142296e+00 3.56045794e+00
    -3.68615299e-01 -1.85636163e+00 2.01762629e+00 1.86594570e+00
    -4.05219078e+00 5.81445169e+00 -6.12731886e+00 3.96348333e+00
    -2.29085279e+00 1.73048437e-01 1.27408171e+00 -1.54163003e+00
    -4.78125572e-01 1.07123137e+00 -1.50557363e+00 1.43313944e+00
    -3.97867888e-01 -2.55577326e-01 6.68474555e-01 -8.19065273e-01
    6.84570730e-01</data></vocabulary>
</opencv_storage>
