<?xml version="1.0"?>
<opencv_storage>
<vocabulary type_id="opencv-matrix">
  <rows>81</rows>
  <cols>1</cols>
  <dt>f</dt>
  <data>
    7.40190029e-01 -1.74170518e+00 2.11751914e+00 -1.90470803e+00
    -1.05460025e-01 1.71171582e+00 -7.71169305e-01 -8.23533118e-01
    4.48285252e-01 -1.09497809e+00 7.96871722e-01 1.02104759e+00
    -1.99488080e+00 5.69406652e+00 -7.23717308e+00 3.27453518e+00
    5.44027328e-01 -4.05722886e-01 5.03260911e-01 -2.67511159e-02
    -1.90386498e+00 1.51829612e+00 -3.90063810e+00 6.41071033e+00
    -3.71272159e+00 -8.49791348e-01 1.09225333e+00 -4.74348180e-02
    9.17013824e-01 -1.11158454e+00 5.90084887e+00 -7.66874218e+00
    3.20483971e+00 -2.56277943e+00 5.24418497e+00 -2.87504983e+00
    1.50046915e-01 -1.02960074e+00 4.83796075e-02 -3.97145605e+00
    8.50295734e+00 -3.20998240e+00 2.21307969e+00 -5.26289940e+00
    3.07496238e+00 2.21875116e-01 -1.14462471e+00 4.66399813e+00
    -3.87698030e+00 1.52371335e+00 -4.39210272e+00 3.56913066e+00
    1.71327329e+00 -1.89638233e+00 -1.37599081e-01 1.05103165e-01
    -1.97748280e+00 2.93037105e+00 -3.03882504e+00 5.83625984e+00
    -5.21106195e+00 8.50627899e-01 5.82341909e-01 -4.19929087e-01
    3.34889841e+00 -5.93468332e+00 5.36854935e+00 -3.57600236e+00
    -2.77226299e-01 1.88844788e+00 -6.74685776e-01 -3.32806319e-01
    3.24131012e-01 -2.43629360e+00 4.59157324e+00 -4.67299414e+00
    3.88540149e+00 -1.88164175e+00 6.46093845e-01 -5.14826357e-01
    4.30459201e-01</data></vocabulary>
</opencv_storage>
