<?xml version="1.0"?>
<opencv_storage>
<vocabulary type_id="opencv-matrix">
  <rows>81</rows>
  <cols>1</cols>
  <dt>f</dt>
  <data>
    6.40869588e-02 -2.66090035e-01 3.24182808e-01 -4.31975693e-01
    4.46791738e-01 -5.31819046e-01 6.69040978e-01 -6.11712396e-01
    1.86294526e-01 -1.20874256e-01 5.29955268e-01 -5.62975645e-01
    6.68113649e-01 -6.40556097e-01 8.79507005e-01 -1.21870935e+00
    1.10339224e+00 -2.94374853e-01 2.11363032e-01 -6.91357553e-01
    3.39500487e-01 1.38601780e-01 -8.81033361e-01 5.50560117e-01
    2.36716092e-01 -5.60317218e-01 2.73184199e-02 -3.97333920e-01
    1.07035053e+00 -4.79927450e-01 -5.01091957e-01 1.66489625e+00
    -1.31456935e+00 5.07017970e-01 -6.93322718e-02 2.79581875e-01
    3.70223254e-01 -9.68487382e-01 1.95371121e-01 9.53257322e-01
    -7.85984099e-01 1.64545333e+00 -1.03499138e+00 5.19976020e-01
    -4.17393208e-01 -2.52105147e-01 6.31154537e-01 -8.44356343e-02
    -8.77942801e-01 1.85148621e+00 -1.73570073e+00 1.16913593e+00
    -6.96882427e-01 4.28700209e-01 1.16134688e-01 -2.19198644e-01
    -2.28914633e-01 9.78533804e-01 -1.58145106e+00 1.45935237e+00
    -1.05293918e+00 6.97730482e-01 -4.37545061e-01 1.05858758e-01
    -2.70406812e-01 3.62453938e-01 -6.25694394e-01 7.95018971e-01
    -8.43873560e-01 6.98202074e-01 -6.04694366e-01 4.03466940e-01
    -5.11810891e-02 1.32422432e-01 -1.20449692e-01 1.59444705e-01
    -1.62298888e-01 1.69460446e-01 -1.54483780e-01 1.77404538e-01
    -1.36060700e-01</data></vocabulary>
</opencv_storage>
