<?xml version="1.0"?>
<opencv_storage>
<vocabulary type_id="opencv-matrix">
  <rows>81</rows>
  <cols>1</cols>
  <dt>f</dt>
  <data>
    -7.87606463e-02 1.17648348e-01 -2.15384707e-01 2.77030319e-01
    -3.45830560e-01 4.79455709e-01 -3.92384320e-01 1.56159028e-01
    -1.55453766e-02 1.19815707e-01 -8.14136341e-02 1.33126095e-01
    -4.17300105e-01 7.08792150e-01 -7.75119781e-01 4.78051126e-01
    -9.44391266e-02 1.50198927e-02 -1.08353436e-01 -1.69300567e-02
    2.19688147e-01 1.10820673e-01 -8.02460790e-01 7.38113225e-01
    -5.63994288e-01 -8.69616568e-02 1.03150979e-01 1.05317123e-01
    7.24310502e-02 -5.30532539e-01 2.85727441e-01 5.94685674e-01
    -3.60148191e-01 2.42777824e-01 4.78938162e-01 -2.91726410e-01
    -5.51547892e-02 8.18897635e-02 7.48035964e-03 7.39081278e-02
    4.17542458e-01 5.24443030e-01 -2.41735533e-01 -6.60839021e-01
    3.92592996e-01 -4.60297652e-02 -1.87431604e-01 4.03368741e-01
    -7.52660334e-01 1.66032827e+00 -1.28386497e+00 6.05267406e-01
    3.98992449e-01 -2.89166361e-01 8.49084556e-02 1.19658448e-01
    -3.84127468e-01 7.38090634e-01 -1.63136137e+00 1.50414133e+00
    -8.65915000e-01 -1.63416937e-01 1.62820488e-01 -1.33182362e-01
    1.42024606e-01 -7.36341849e-02 -5.46282083e-02 5.60791433e-01
    -7.90804565e-01 5.22349775e-01 1.35641903e-01 -1.10127278e-01
    8.81875008e-02 -1.48497880e-01 1.57046735e-01 -1.26528710e-01
    -8.35324302e-02 2.22617015e-01 -1.56397790e-01 -9.26234499e-02
    6.74995035e-02</data></vocabulary>
</opencv_storage>
