<?xml version="1.0"?>
<opencv_storage>
<vocabulary type_id="opencv-matrix">
  <rows>81</rows>
  <cols>1</cols>
  <dt>f</dt>
  <data>
    1.32765606e-01 -9.63049941e-03 -3.69400054e-01 -1.50076821e-01
    1.15603840e+00 -1.88772118e+00 2.32238150e+00 -1.86035764e+00
    5.33888936e-01 -3.46751869e-01 -9.01290327e-02 1.26971221e+00
    -1.00817494e-01 -2.25893784e+00 4.18739080e+00 -5.52208233e+00
    4.38834000e+00 -1.23830175e+00 6.43179476e-01 1.06444955e+00
    -4.80439138e+00 5.07834435e+00 -3.42315793e+00 3.50404620e-01
    2.57157922e+00 -2.83536100e+00 7.44583547e-01 -1.00827932e+00
    -2.03755546e+00 8.43212128e+00 -1.06726990e+01 1.03755989e+01
    -6.66323519e+00 2.56982970e+00 -4.05557483e-01 2.46877179e-01
    1.40674818e+00 9.49539185e-01 -6.90764046e+00 9.26088238e+00
    -8.32141113e+00 6.85410690e+00 -3.64710927e+00 1.34778655e+00
    -5.33516049e-01 -1.82566035e+00 1.33822715e+00 2.31373429e+00
    -4.39357615e+00 5.16265297e+00 -3.97597289e+00 2.37882876e+00
    -1.03511703e+00 4.67354715e-01 1.75827777e+00 -2.71670032e+00
    1.68895149e+00 -7.59231269e-01 2.49722704e-01 -2.97398388e-01
    1.92950562e-01 -1.93442300e-01 -1.47278070e-01 -1.35658610e+00
    3.35559583e+00 -4.86948442e+00 5.48422194e+00 -5.55284882e+00
    4.51776695e+00 -3.02119565e+00 1.74947047e+00 -3.37054938e-01
    6.48948669e-01 -1.89485490e+00 3.05562830e+00 -3.63647842e+00
    3.85700989e+00 -3.24577165e+00 2.24482274e+00 -1.31618059e+00
    3.18577260e-01</data></vocabulary>
</opencv_storage>
