<?xml version="1.0"?>
<opencv_storage>
<vocabulary type_id="opencv-matrix">
  <rows>81</rows>
  <cols>1</cols>
  <dt>f</dt>
  <data>
    -1.22614571e+02 7.92526611e+02 -1.19757800e+03 2.03355334e+03
    -3.05137817e+03 -1.99968994e+02 1.11046838e+03 -3.39166168e+02
    1.30201062e+03 -1.71266663e+03 8.67151001e+02 -1.58650232e+03
    5.23251587e+02 1.49259180e+03 2.33405640e+03 -2.90846924e+03
    4.79758728e+02 -1.17880688e+03 4.06733716e+03 -1.05657898e+03
    3.15720605e+03 -3.00279468e+03 1.51873340e+03 -5.89793640e+02
    3.26988556e+02 7.81716736e+02 -1.29060571e+03 -4.71036572e+03
    2.05075165e+02 -2.36781909e+03 2.17587036e+03 -1.51530762e+03
    7.28115417e+02 -3.95642204e+01 -3.23215523e+01 1.43418384e+03
    3.51516089e+03 2.10788599e+03 -8.35030396e+02 1.27829236e+03
    -1.66254761e+03 -3.80824921e+02 -6.19660034e+02 -1.51809070e+03
    5.07702393e+02 -1.68758264e+03 -2.79295361e+03 2.13597290e+03
    -1.68738867e+03 2.90008154e+03 -1.61391235e+02 1.08030286e+03
    1.14636914e+03 -1.28077051e+03 -9.19664307e+02 2.19226440e+03
    -1.15608679e+03 -2.77637793e+03 6.81181259e+01 -7.49687317e+02
    -5.57844788e+02 8.46177979e+02 7.81483398e+02 1.88689331e+03
    -2.16038208e+03 1.34184827e+03 3.20912256e+03 -7.18120911e+02
    3.09000122e+02 8.22314270e+02 -1.56999902e+03 -3.48495636e+02
    -6.81138428e+02 9.36643250e+02 -7.68281860e+02 -7.61022339e+02
    -5.17859879e+01 2.33738861e+02 -5.86771545e+02 6.57213562e+02
    7.14699631e+01</data></vocabulary>
</opencv_storage>
