<?xml version="1.0"?>
<opencv_storage>
<vocabulary type_id="opencv-matrix">
  <rows>81</rows>
  <cols>1</cols>
  <dt>f</dt>
  <data>
    -2.68748546e+00 -1.01867652e+00 2.23255420e+00 -1.10335665e+01
    6.29415512e+00 -1.49944186e+00 2.81777096e+00 2.91821814e+00
    6.99734628e-01 1.52864233e-01 1.22237320e+01 2.98856521e+00
    -4.54228497e+00 2.70439339e+00 -8.88059330e+00 -4.73657280e-01
    8.85975182e-01 -5.43469334e+00 -6.85588598e-01 -6.91192532e+00
    -7.28550577e+00 1.36259871e+01 -4.82974672e+00 9.09666920e+00
    7.18893003e+00 1.02468073e+00 -4.39563560e+00 -8.33110988e-01
    -3.01114112e-01 -6.67149723e-01 1.38502932e+00 -1.62511015e+00
    -3.50039482e+00 -4.30385685e+00 -5.90195036e+00 2.96186042e+00
    -1.01324244e+01 5.20629072e+00 4.95647764e+00 1.41245162e+00
    -6.04006147e+00 5.05090952e+00 -3.45557308e+00 -2.56866717e+00
    4.70167923e+00 9.80432510e+00 2.42813802e+00 -1.51061440e+00
    -6.50469160e+00 5.31208658e+00 8.93951893e+00 -4.79057598e+00
    5.38425970e+00 2.01109838e+00 -2.54567528e+00 -1.92882597e+00
    -9.63632107e+00 2.39636898e+00 -6.83949614e+00 4.71061373e+00
    9.80391979e+00 -7.52098799e+00 1.10985363e+00 4.94367301e-01
    3.90949464e+00 3.45204902e+00 8.93469691e-01 -4.30262280e+00
    -5.57410097e+00 -3.32277012e+00 -1.75072622e+00 -5.64182997e+00
    4.93242311e+00 -6.47816181e+00 -1.16395950e+00 8.44744921e-01
    -2.77272046e-01 1.50547152e+01 -8.75903726e-01 8.60762119e-01
    -2.19355512e+00</data></vocabulary>
</opencv_storage>
