<?xml version="1.0"?>
<opencv_storage>
<vocabulary type_id="opencv-matrix">
  <rows>81</rows>
  <cols>1</cols>
  <dt>f</dt>
  <data>
    -2.71531910e-01 7.40734458e-01 -9.97932315e-01 1.33320343e+00
    -1.99109364e+00 9.85819697e-01 1.04057610e+00 -1.24680674e+00
    3.26885343e-01 4.60287154e-01 -2.00045490e+00 3.32777429e+00
    -3.76033807e+00 4.44571733e+00 -1.87681818e+00 -3.11788321e+00
    3.54802370e+00 -7.89063632e-01 3.21459860e-01 5.69946051e-01
    -1.08476913e+00 -1.09697580e-01 9.92304236e-02 -2.29610848e+00
    7.67799759e+00 -7.13275194e+00 1.61946630e+00 -1.73912859e+00
    2.95433259e+00 -4.75767946e+00 8.07613277e+00 -8.02337646e+00
    8.72044468e+00 -1.34192333e+01 1.12872496e+01 -2.83832741e+00
    1.72255337e+00 -3.24371600e+00 5.34554338e+00 -9.94243717e+00
    1.20591059e+01 -1.04138498e+01 1.27521257e+01 -1.03448200e+01
    2.70317698e+00 -6.38484657e-01 3.47551793e-01 -5.25403976e-01
    4.23828220e+00 -5.95112419e+00 5.36287403e+00 -5.10630703e+00
    3.87876177e+00 -9.78121102e-01 2.92512894e-01 1.33633125e+00
    -3.12874031e+00 1.76267672e+00 -8.58041406e-01 1.08436489e+00
    -1.33209884e+00 8.62214208e-01 -3.46709222e-01 -4.12772745e-01
    -9.96458650e-01 2.98492241e+00 -3.75997901e+00 4.20826530e+00
    -4.32347155e+00 3.62339425e+00 -2.31910849e+00 8.64386499e-01
    2.03577727e-01 5.74553490e-01 -1.81097221e+00 2.75684500e+00
    -3.29738212e+00 3.22203684e+00 -2.62237358e+00 1.72374308e+00
    -6.36785865e-01</data></vocabulary>
</opencv_storage>
