<?xml version="1.0"?>
<opencv_storage>
<vocabulary type_id="opencv-matrix">
  <rows>81</rows>
  <cols>1</cols>
  <dt>f</dt>
  <data>
    -1.15270868e-01 1.16764653e+00 -2.87031531e+00 4.16451216e+00
    -5.18300819e+00 5.15369511e+00 -4.34072018e+00 2.70063901e+00
    -6.81146801e-01 8.51205349e-01 -3.49887943e+00 6.86311531e+00
    -9.52803802e+00 1.19689846e+01 -1.20201283e+01 1.09528131e+01
    -6.77315283e+00 1.20781171e+00 -9.79394734e-01 3.03813267e+00
    -5.33039665e+00 7.98294735e+00 -1.16315289e+01 1.30735302e+01
    -1.46965561e+01 9.28340054e+00 -1.10357320e+00 -5.89331798e-02
    1.02378583e+00 -2.84371543e+00 2.70641828e+00 -1.73320159e-01
    -3.38322330e+00 9.90787506e+00 -7.12270546e+00 8.56881559e-01
    9.07902539e-01 -4.12805748e+00 9.47037792e+00 -1.13675356e+01
    1.07385511e+01 -3.67191887e+00 -6.53563261e+00 5.47180033e+00
    -1.14251745e+00 -8.05312037e-01 3.90803051e+00 -1.00790472e+01
    1.03707838e+01 -6.63046265e+00 -4.63359088e-01 1.10905304e+01
    -8.74606895e+00 2.40497184e+00 3.46891582e-01 -2.87108588e+00
    8.84277725e+00 -7.72695398e+00 2.30814338e+00 5.15612555e+00
    -1.39585266e+01 1.03281279e+01 -2.89982009e+00 1.16864868e-01
    1.75998974e+00 -6.57987452e+00 6.34392786e+00 -2.62627387e+00
    -2.31164145e+00 7.27360153e+00 -5.11168337e+00 1.19822991e+00
    -1.40641868e-01 -7.39232123e-01 2.87718916e+00 -3.31324005e+00
    2.04173088e+00 -1.52425438e-01 -1.26959014e+00 7.94150889e-01
    -4.74198349e-02</data></vocabulary>
</opencv_storage>
