<?xml version="1.0"?>
<opencv_storage>
<vocabulary type_id="opencv-matrix">
  <rows>81</rows>
  <cols>1</cols>
  <dt>f</dt>
  <data>
    -7.53263426e+00 1.26304255e+01 5.17727041e+00 -3.71383667e+00
    -1.34952843e+00 -9.92485428e+00 3.41565752e+00 1.00382080e+01
    -1.13060322e+01 1.56573143e+01 -1.74852543e+01 -3.29547768e+01
    1.88972569e+01 9.51033211e+00 -3.50701094e-01 -2.50486732e-01
    4.91328049e+00 1.12088470e+01 -2.20154247e+01 3.05849190e+01
    9.26860905e+00 -1.04253187e+01 -7.51851559e+00 -9.99530911e-01
    4.33599091e+00 -1.82776661e+01 1.53410900e+00 1.22145271e+00
    9.23528481e+00 2.69342637e+00 9.23278904e+00 -8.38533497e+00
    1.08354187e+01 -1.14026703e-01 -1.36428156e+01 4.35020590e+00
    8.07024765e+00 -3.23035507e+01 3.67769289e+00 7.87220955e+00
    8.37857151e+00 -4.20622635e+00 -5.45716572e+00 3.77486000e+01
    -2.46647434e+01 2.46008728e-02 2.02453957e+01 -1.79179173e+01
    -1.10153370e+01 -2.29695873e+01 1.70792747e+00 -1.17119150e+01
    1.14062147e+01 1.15719471e+01 -6.61221933e+00 4.47010231e+00
    2.74519944e+00 2.64052963e+01 6.79483223e+00 7.40526581e+00
    1.21514874e+01 -2.06566658e+01 -4.10212040e+00 5.67876101e+00
    -1.34044237e+01 1.11743650e+01 -2.46610470e+01 3.50391936e+00
    2.76181908e+01 -4.59476471e+01 -7.09229469e+00 1.79777374e+01
    5.42458868e+00 -1.60974426e+01 2.07072144e+01 -1.40643158e+01
    9.06576347e+00 -2.04453697e+01 1.90686378e+01 2.92058144e+01
    -2.43460445e+01</data></vocabulary>
</opencv_storage>
