<?xml version="1.0"?>
<opencv_storage>
<vocabulary type_id="opencv-matrix">
  <rows>81</rows>
  <cols>1</cols>
  <dt>f</dt>
  <data>
    3.14051437e+00 -7.54706526e+00 1.92947030e+00 1.21497097e+01
    -1.80053406e+01 8.03956795e+00 6.74160624e+00 -9.87424088e+00
    3.95339775e+00 -1.74792969e+00 -8.25893939e-01 3.29697251e-01
    8.66989422e+00 9.74338341e+00 -1.92061844e+01 2.34328246e+00
    3.71579504e+00 -2.97668624e+00 3.18276024e+00 1.14541626e+00
    -5.81866074e+00 1.02651131e+00 7.03848171e+00 -1.50858774e+01
    2.26482320e+00 3.02070832e+00 2.03592205e+00 -3.74645162e+00
    4.81776476e+00 -3.99285054e+00 3.11026382e+00 4.23539639e-01
    1.87899458e+00 9.65156078e+00 -1.06090679e+01 -7.80865788e-01
    2.93066311e+00 -1.11911707e+01 1.08428087e+01 6.46767521e+00
    -3.24438000e+00 -1.30065489e+01 3.44059753e+00 -1.02815127e+00
    5.34684229e+00 3.95713043e+00 -4.28862476e+00 -1.33784711e+00
    2.64196539e+00 3.55044931e-01 1.68036616e+00 2.60885906e+00
    -1.74665451e+00 -3.45652151e+00 -4.83194971e+00 5.57871485e+00
    -2.58589315e+00 5.32501030e+00 1.90623844e+00 -9.22281551e+00
    -5.72812438e-01 3.66750169e+00 9.06508744e-01 3.14182138e+00
    -4.23625755e+00 4.90821838e+00 -1.12490759e+01 6.80416450e-02
    5.69147730e+00 1.49355688e+01 -1.86433010e+01 4.89262867e+00
    -1.72288346e+00 4.54369831e+00 8.50906014e-01 -1.35986662e+01
    1.93313484e+01 -1.20878792e+01 -1.97889137e+00 6.57160330e+00
    -1.69678581e+00</data></vocabulary>
</opencv_storage>
