<?xml version="1.0"?>
<opencv_storage>
<vocabulary type_id="opencv-matrix">
  <rows>81</rows>
  <cols>1</cols>
  <dt>f</dt>
  <data>
    1.05253696e-01 3.23928818e-02 -3.15685153e-01 3.13407540e-01
    -3.26379508e-01 7.30818689e-01 -8.62399518e-01 5.70788383e-01
    -1.73762098e-01 -2.41026193e-01 -2.68012941e-01 1.33397317e+00
    -1.55182946e+00 1.46356475e+00 -2.07010221e+00 2.26193690e+00
    -1.52567112e+00 4.68849987e-01 3.86758238e-01 2.68264830e-01
    -2.04188776e+00 2.37016249e+00 -2.12264419e+00 2.22232008e+00
    -2.53765392e+00 1.60463524e+00 -4.24188942e-01 -4.20043170e-01
    -1.04937859e-01 1.68290651e+00 -1.43323433e+00 1.02094495e+00
    -1.11331880e+00 1.87270129e+00 -1.05560911e+00 1.88102841e-01
    3.08882445e-01 1.10380895e-01 -1.59767246e+00 9.61972415e-01
    1.53101194e+00 -5.07813096e-01 -8.07702899e-01 4.04821098e-01
    6.08303770e-02 -1.06900178e-01 -2.06574529e-01 1.42794156e+00
    -1.21993637e+00 -1.44828999e-04 6.96504593e-01 1.55298963e-01
    -1.93369563e-03 -2.40235031e-01 -4.78124134e-02 4.35520113e-01
    -1.43374455e+00 1.67574370e+00 -1.52647150e+00 1.11395741e+00
    -1.03873622e+00 3.30811739e-01 1.59576237e-01 2.07303260e-02
    -3.91270041e-01 1.18691874e+00 -1.68800676e+00 1.95689631e+00
    -1.83588099e+00 1.49666977e+00 -7.78750896e-01 6.75020963e-02
    2.91007664e-02 1.14415631e-01 -4.59558606e-01 7.58098066e-01
    -1.02236879e+00 1.05843818e+00 -8.95908415e-01 5.30380547e-01
    -9.38817859e-02</data></vocabulary>
</opencv_storage>
