<?xml version="1.0"?>
<opencv_storage>
<vocabulary type_id="opencv-matrix">
  <rows>81</rows>
  <cols>1</cols>
  <dt>f</dt>
  <data>
    5.11605963e-02 -1.31689280e-01 1.30557150e-01 -1.63122751e-02
    -2.92484928e-03 -3.84788737e-02 -1.84780825e-02 1.81295630e-02
    -1.84310842e-02 6.56593665e-02 1.06340200e-02 -1.08518183e-01
    -4.08388376e-02 -5.72315380e-02 2.99319029e-01 -9.64057539e-03
    -6.93261996e-02 1.76984631e-02 -2.49256581e-01 2.15004370e-01
    2.78793415e-03 2.38227963e-01 -2.01234654e-01 -4.15117681e-01
    1.81025788e-02 -7.09132478e-02 1.32672906e-01 2.70460427e-01
    -1.96592569e-01 -1.35870740e-01 -3.68926227e-02 1.40724583e-02
    3.60315025e-01 1.78336978e-01 1.11570634e-01 -1.82854384e-01
    -2.24508509e-01 5.95209375e-02 3.32663983e-01 -4.40650314e-01
    1.26515806e+00 4.53760177e-01 -9.43317652e-01 8.25157911e-02
    1.28399178e-01 9.06074867e-02 1.07550092e-01 -6.31842732e-01
    9.72384036e-01 -1.84004024e-01 -6.33365333e-01 8.80641043e-01
    -3.72960009e-02 -1.58802330e-01 2.73692887e-02 -1.27716497e-01
    3.65365654e-01 -4.79627848e-01 -2.03616008e-01 6.30406618e-01
    -7.05695629e-01 7.42237493e-02 9.01364759e-02 2.37943828e-02
    -7.82468170e-02 -6.74270615e-02 1.57318100e-01 1.62692815e-01
    -5.56350946e-01 6.06750190e-01 -2.18319103e-01 5.11865057e-02
    -3.93618010e-02 1.05083548e-01 -6.13596439e-02 4.88575641e-03
    -4.48710248e-02 1.89214587e-01 -2.30821431e-01 1.13455765e-01
    -4.15435806e-02</data></vocabulary>
</opencv_storage>
