<?xml version="1.0"?>
<opencv_storage>
<vocabulary type_id="opencv-matrix">
  <rows>81</rows>
  <cols>1</cols>
  <dt>f</dt>
  <data>
    3.34356517e-01 6.70648038e-01 -2.19955373e+00 2.21588254e+00
    -1.08041966e+00 5.08236527e-01 7.01071739e-01 -5.16893208e-01
    1.86554700e-01 -1.19665658e+00 -1.76709816e-01 4.48750305e+00
    -4.78468990e+00 1.45134902e+00 -2.50629210e+00 4.35547018e+00
    -3.48425961e+00 6.14121556e-01 2.01087523e+00 -1.18098009e+00
    -5.30179739e+00 6.27466202e+00 -2.25844955e+00 4.55700874e+00
    -9.45972729e+00 6.97459316e+00 -1.31268632e+00 -1.96465862e+00
    1.71145618e+00 3.03742790e+00 -3.89948636e-01 -6.36229324e+00
    4.34127760e+00 1.56035912e+00 -2.22515655e+00 7.22427309e-01
    4.15562361e-01 7.29750633e-01 -3.71617174e+00 -8.61615181e-01
    8.76029968e+00 -6.96365929e+00 4.02882910e+00 -1.72617614e+00
    -5.89030266e-01 4.89756554e-01 -2.45216608e+00 4.57768583e+00
    -1.19051576e+00 -3.14148259e+00 4.69825125e+00 -5.08063078e+00
    2.20602965e+00 7.66032875e-01 -3.34195435e-01 1.27594662e+00
    -1.35534656e+00 -9.32126522e-01 2.15083075e+00 -3.24608541e+00
    4.38850737e+00 -1.68589425e+00 -4.76526886e-01 4.04777646e-01
    -1.41750181e+00 1.62973547e+00 -3.84675026e-01 2.66333729e-01
    5.58694959e-01 -2.07103872e+00 8.82035017e-01 7.50186816e-02
    -1.32107973e-01 2.29612648e-01 -2.06218697e-02 -2.86076277e-01
    2.91997164e-01 -1.01738799e+00 1.62173975e+00 -8.59163582e-01
    1.78664267e-01</data></vocabulary>
</opencv_storage>
