<?xml version="1.0"?>
<opencv_storage>
<vocabulary type_id="opencv-matrix">
  <rows>81</rows>
  <cols>1</cols>
  <dt>f</dt>
  <data>
    5.49009293e-02 -1.39546645e+00 3.51848292e+00 -3.88114882e+00
    2.96717405e+00 -1.36833084e+00 -1.06497884e-01 4.22615886e-01
    -1.51786193e-01 2.45317400e-01 3.27811337e+00 -9.58482170e+00
    1.16655331e+01 -9.57221699e+00 5.04348516e+00 -8.46377313e-01
    -4.70523417e-01 2.37325504e-01 -8.35661948e-01 -4.31694221e+00
    1.43503628e+01 -1.78503990e+01 1.37812424e+01 -6.51240587e+00
    2.63484627e-01 1.33237791e+00 -5.15632331e-01 1.34095240e+00
    3.43325925e+00 -1.37968998e+01 1.79204597e+01 -1.32435884e+01
    4.69701242e+00 1.75052702e+00 -2.69602227e+00 9.96700823e-01
    -1.87445736e+00 -1.06594074e+00 9.30889797e+00 -1.34210110e+01
    1.07570248e+01 -1.09857833e+00 -4.99861383e+00 4.72501802e+00
    -1.66184568e+00 1.98396873e+00 -5.70651412e-01 -5.29342937e+00
    8.02985382e+00 -4.47299623e+00 -2.52877808e+00 7.66292000e+00
    -6.42436123e+00 2.11038327e+00 -1.55745649e+00 6.43568635e-01
    3.60228014e+00 -5.13951874e+00 1.80362415e+00 3.80894804e+00
    -7.94939232e+00 6.44111729e+00 -2.06183124e+00 1.01868379e+00
    -6.66665494e-01 -1.73456311e+00 2.54839873e+00 -6.82683110e-01
    -2.80321050e+00 5.32608795e+00 -4.30249882e+00 1.39401591e+00
    -3.47541302e-01 4.25128430e-01 6.16090856e-02 -1.86406747e-01
    -3.17699790e-01 1.20899451e+00 -1.80277431e+00 1.41767848e+00
    -4.69501585e-01</data></vocabulary>
</opencv_storage>
