<?xml version="1.0"?>
<opencv_storage>
<vocabulary type_id="opencv-matrix">
  <rows>81</rows>
  <cols>1</cols>
  <dt>f</dt>
  <data>
    2.35107565e+00 -2.33623314e+00 -1.84708273e+00 -9.49959099e-01
    1.60343094e+01 -1.77893448e+01 6.57368326e+00 -3.41412783e+00
    1.75389791e+00 -5.22624207e+00 3.86718273e+00 9.34107494e+00
    -6.84135723e+00 -2.21395531e+01 2.36801624e+01 2.20501685e+00
    -5.23167896e+00 -6.09897114e-02 6.53633881e+00 -2.47838593e+00
    -2.04598331e+01 2.22025890e+01 4.83376265e+00 -6.31087637e+00
    -1.25233679e+01 9.52470398e+00 -2.01424551e+00 -8.27283859e+00
    4.72160339e+00 2.01120815e+01 -2.09289627e+01 -6.11500359e+00
    6.32969475e+00 9.67718792e+00 -6.85192585e+00 2.55307031e+00
    8.55774117e+00 -8.72719288e+00 -9.16063023e+00 8.09494305e+00
    1.67195492e+01 -1.43029432e+01 -7.14871526e-01 2.51560378e+00
    -2.51133633e+00 -6.97229815e+00 7.39031029e+00 6.96733618e+00
    -7.12156487e+00 -1.18116808e+01 1.23091555e+01 -2.03879356e+00
    -1.89937329e+00 3.09795618e+00 4.04020500e+00 -2.46856809e+00
    -9.81849480e+00 1.10117121e+01 2.50860357e+00 -4.53529787e+00
    1.62608977e-02 2.31306458e+00 -2.89213777e+00 -1.49432671e+00
    6.74021780e-01 4.24673223e+00 -3.49750495e+00 -4.49388361e+00
    5.09016371e+00 -1.25945675e+00 -1.35587728e+00 1.98041952e+00
    6.98706448e-01 -8.19333196e-01 -1.35739833e-01 -1.03706884e+00
    4.44035053e+00 -4.36285639e+00 1.96255469e+00 -7.82433748e-02
    -6.26483500e-01</data></vocabulary>
</opencv_storage>
