<?xml version="1.0"?>
<opencv_storage>
<vocabulary type_id="opencv-matrix">
  <rows>81</rows>
  <cols>1</cols>
  <dt>f</dt>
  <data>
    -2.82020301e-01 6.60069764e-01 -9.00071621e-01 1.13244486e+00
    -1.32023907e+00 1.12102377e+00 -5.73904753e-01 1.73282325e-01
    1.53229386e-02 6.27305150e-01 -1.59860504e+00 2.43282461e+00
    -2.95260501e+00 3.32590985e+00 -2.74427319e+00 1.43306386e+00
    -4.70697552e-01 -3.02924775e-02 -5.72123170e-01 1.40151882e+00
    -2.05235362e+00 2.28265595e+00 -2.76253915e+00 1.81542075e+00
    -6.19955480e-01 -1.03288226e-01 1.89730465e-01 2.37135381e-01
    -2.71377593e-01 -9.15864408e-02 5.26081145e-01 1.75882027e-01
    4.50645417e-01 -1.07479227e+00 1.19760334e+00 -5.08935034e-01
    -9.71051231e-02 -2.31797963e-01 8.95043790e-01 -1.90387702e+00
    3.11347342e+00 -2.39808273e+00 2.47547317e+00 -2.18627405e+00
    9.22039866e-01 3.38227600e-02 4.75125492e-01 -1.22531593e+00
    2.17978430e+00 -2.56059194e+00 3.34266877e+00 -3.64801812e+00
    2.93792295e+00 -1.19747770e+00 2.24726703e-02 -5.75893760e-01
    1.40594947e+00 -2.24935889e+00 2.32351971e+00 -2.64468575e+00
    3.03361869e+00 -2.51633978e+00 1.01508224e+00 -6.31682202e-02
    6.14747882e-01 -1.55654824e+00 2.42330933e+00 -2.59559131e+00
    2.32912922e+00 -2.32556581e+00 1.84526420e+00 -7.03738511e-01
    6.98463246e-02 -4.12642986e-01 9.66520071e-01 -1.42482686e+00
    1.53315365e+00 -1.35295677e+00 1.25859511e+00 -9.42401826e-01
    3.27519417e-01</data></vocabulary>
</opencv_storage>
