<?xml version="1.0"?>
<opencv_storage>
<vocabulary type_id="opencv-matrix">
  <rows>81</rows>
  <cols>1</cols>
  <dt>f</dt>
  <data>
    -1.51514575e-01 3.16846699e-01 -3.16549122e-01 2.15265870e-01
    -2.59869158e-01 2.92904884e-01 -1.59906462e-01 -9.29946229e-02
    1.22810930e-01 3.35701406e-01 -5.62470734e-01 2.87136167e-01
    -3.19840759e-02 2.93464065e-01 -5.35680413e-01 4.39438015e-01
    1.18451387e-01 -2.41119549e-01 -4.55580592e-01 4.39104915e-01
    5.12947321e-01 -9.21155334e-01 2.64907926e-01 2.94436663e-01
    -9.95650947e-01 1.95852041e-01 2.03542367e-01 5.35693944e-01
    -2.35134572e-01 -1.36685717e+00 2.12938046e+00 -1.53861797e+00
    6.48348391e-01 1.07689703e+00 -3.09705943e-01 -2.23735735e-01
    -5.56503356e-01 5.47137558e-01 4.63637680e-01 -1.72887492e+00
    3.09191322e+00 -1.04823792e+00 -6.39411032e-01 8.14747810e-03
    2.63769448e-01 6.51810110e-01 -1.15789688e+00 9.00493383e-01
    2.45012522e-01 -7.36643255e-01 4.66127187e-01 3.47730339e-01
    8.84776562e-02 -1.84041947e-01 -6.47958338e-01 1.38034570e+00
    -1.63859904e+00 9.13466334e-01 -2.73886770e-01 1.26305103e-01
    -3.87531400e-01 3.09748296e-03 7.21545294e-02 3.95124614e-01
    -9.37045276e-01 1.26674080e+00 -8.73360932e-01 2.81128198e-01
    -2.20187381e-01 2.56923467e-01 -1.91318046e-04 -1.67973675e-02
    -1.20529681e-01 3.11786056e-01 -4.71313357e-01 3.02739710e-01
    3.65000055e-03 -6.91990973e-03 -7.65241981e-02 6.02104934e-04
    8.79835710e-03</data></vocabulary>
</opencv_storage>
