<?xml version="1.0"?>
<opencv_storage>
<vocabulary type_id="opencv-matrix">
  <rows>81</rows>
  <cols>1</cols>
  <dt>f</dt>
  <data>
    3.25615311e+01 -5.44498672e+01 -5.12027321e+01 3.56612625e+01
    6.73646698e+01 -8.46424408e+01 2.49869522e+02 -2.65846863e+02
    8.50332794e+01 -8.22443466e+01 1.00148270e+02 1.16696419e+02
    -1.00470291e+02 -4.54516945e+01 -4.26206398e+01 -1.22461761e+02
    1.70923660e+02 -1.56658058e+01 5.12512894e+01 -3.69437218e+01
    -7.30224075e+01 -3.83984756e+01 2.18135853e+01 2.20914902e+02
    2.23545723e+01 -7.57099686e+01 -5.38263016e+01 4.15126610e+01
    -6.59645004e+01 -2.15211658e+01 2.37105179e+02 -1.10002632e+02
    -2.18743866e+02 -4.40215950e+01 3.72291107e+01 6.70173874e+01
    -1.10617264e+02 1.60406342e+02 8.52158203e+01 -4.05131653e+02
    2.91353851e+02 -4.47110405e+01 2.66640259e+02 -1.15189857e+02
    -6.10036507e+01 1.09178986e+02 -2.19986633e+02 -1.70556488e+01
    3.54167969e+02 -1.73647659e+02 5.53105736e+01 -3.20538452e+02
    8.13783798e+01 1.13991753e+02 -1.57390869e+02 3.98738647e+02
    -2.53545670e+02 -5.67778254e+00 -2.69893158e+02 3.88567535e+02
    -1.64882874e+02 2.74372528e+02 -2.11026398e+02 1.31661987e+02
    -3.97481049e+02 2.71700867e+02 6.34172745e+01 -2.22432308e+01
    1.87446518e+01 -1.76085541e+02 8.94620132e+01 1.33990021e+01
    -7.57748175e+00 8.93879852e+01 -1.38664560e+01 -1.91723038e+02
    2.45387360e+02 -1.99448563e+02 9.75150681e+01 -1.83761749e+01
    3.85187697e+00</data></vocabulary>
</opencv_storage>
