<?xml version="1.0"?>
<opencv_storage>
<vocabulary type_id="opencv-matrix">
  <rows>81</rows>
  <cols>1</cols>
  <dt>f</dt>
  <data>
    -4.07166220e-02 2.47806937e-01 -6.31412506e-01 9.39330757e-01
    -1.02963948e+00 6.59268141e-01 -2.53047138e-01 5.04546054e-02
    4.69036140e-02 -3.12649570e-02 -1.40296236e-01 6.17328346e-01
    -1.01622105e+00 1.06207740e+00 -2.34096482e-01 -6.81439221e-01
    8.32259059e-01 -3.74497026e-01 2.07697213e-01 -2.53060848e-01
    3.24889347e-02 3.28083068e-01 -3.66159052e-01 -7.67741561e-01
    1.80507231e+00 -2.03172946e+00 8.40745509e-01 -3.48324895e-01
    3.01270396e-01 -7.43277967e-02 -7.39258155e-02 -1.25785246e-01
    8.57144594e-01 -1.64669561e+00 2.00289559e+00 -8.07581604e-01
    3.64772499e-01 8.83337706e-02 -7.03578353e-01 7.28160441e-01
    2.23006934e-01 1.10129726e+00 5.21079600e-02 -1.01595998e+00
    4.53299493e-01 -1.86749116e-01 -5.33966422e-01 1.27957189e+00
    -1.39465117e+00 1.94970334e+00 -1.98553133e+00 6.72830284e-01
    1.96532473e-01 -1.67172164e-01 -3.07911430e-02 7.59741664e-01
    -1.54707086e+00 1.92790532e+00 -2.50174284e+00 2.25504613e+00
    -1.26183271e+00 5.47364056e-01 -9.48229283e-02 6.47317916e-02
    -4.64022189e-01 9.10068452e-01 -1.35452998e+00 1.74488711e+00
    -1.72801960e+00 1.20744073e+00 -7.36707628e-01 2.14532226e-01
    5.10336133e-03 3.01562380e-02 -1.21298641e-01 3.23524833e-01
    -4.42690521e-01 4.32580501e-01 -2.78985888e-01 1.78642318e-01
    -6.31958172e-02</data></vocabulary>
</opencv_storage>
