<?xml version="1.0"?>
<opencv_storage>
<vocabulary type_id="opencv-matrix">
  <rows>81</rows>
  <cols>1</cols>
  <dt>f</dt>
  <data>
    -8.27843726e-01 2.81617999e+00 -3.68253136e+00 5.22179127e+00
    -2.41466260e+00 3.66533518e-01 -6.26285911e-01 7.07102299e-01
    3.40135604e-01 -1.09909415e+00 1.25605083e+00 -1.37621641e+00
    -3.36199403e+00 1.52100766e+00 1.92024767e+00 -3.02655292e+00
    4.38013935e+00 -5.92330551e+00 1.57557440e+00 -1.09946990e+00
    5.64926982e-01 2.09468246e+00 3.32037687e+00 -2.79403877e+00
    -2.31710386e+00 2.05104494e+00 2.72873235e+00 -2.38524127e+00
    4.02088881e+00 -9.28566635e-01 -2.64388323e+00 -1.39888060e+00
    5.46301082e-02 1.15784979e+00 3.98513770e+00 -5.19611025e+00
    3.25940061e+00 6.71410143e-01 -1.52566421e+00 -5.42894006e-01
    2.93227887e+00 4.83608627e+00 -5.95748544e-01 -1.36412990e+00
    -2.28309274e+00 -1.51472068e+00 -6.21552563e+00 1.85567319e+00
    2.71182251e+00 -1.45039976e+00 9.59477663e-01 -2.57793212e+00
    -5.72126266e-03 -4.17405903e-01 8.97997618e-01 2.72230077e+00
    1.07577205e+00 -2.20320511e+00 -4.37135212e-02 -2.22025752e+00
    4.41969605e-03 1.84714961e+00 5.12109470e+00 -1.93515182e+00
    2.55581111e-01 3.66549873e+00 -7.03046501e-01 1.59736633e-01
    -2.47544336e+00 -2.53169084e+00 -1.09293424e-01 2.05424929e+00
    5.66333294e-01 -2.48104353e-02 -4.47097111e+00 1.97166896e+00
    -2.64383984e+00 5.95007277e+00 -1.50019383e+00 -2.41929317e+00
    2.74879724e-01</data></vocabulary>
</opencv_storage>
