<?xml version="1.0"?>
<opencv_storage>
<vocabulary type_id="opencv-matrix">
  <rows>81</rows>
  <cols>1</cols>
  <dt>f</dt>
  <data>
    4.06862885e-01 -5.52504897e-01 2.13910174e+00 -4.38051605e+00
    3.13677239e+00 -2.12587461e-01 -1.14830506e+00 9.81816232e-01
    -2.81699508e-01 -6.84956431e-01 2.94683397e-01 -2.66181767e-01
    2.19902515e+00 -1.59069872e+00 -1.56864846e+00 3.53300500e+00
    -2.98220658e+00 8.37360442e-01 6.88467503e-01 -6.54796213e-02
    -1.50832742e-01 -2.72390437e+00 1.14808905e+00 3.95412278e+00
    -6.11530972e+00 4.79303789e+00 -1.38751662e+00 -1.03061783e+00
    1.76694977e+00 -3.19383240e+00 6.85160542e+00 -4.50009727e+00
    -1.76879632e+00 4.14850283e+00 -2.89618254e+00 5.94416857e-01
    7.56632447e-01 -2.56165767e+00 5.01824427e+00 -7.90064621e+00
    6.28010798e+00 3.34811360e-01 -1.61081898e+00 -3.56432021e-01
    7.89571345e-01 6.81860894e-02 6.02577269e-01 -1.74174225e+00
    3.04376125e+00 -8.37765694e-01 -2.26475263e+00 1.93947077e+00
    6.31839931e-01 -9.73599136e-01 -6.97881043e-01 1.54875672e+00
    -2.17258906e+00 2.84134459e+00 -4.60338211e+00 5.31596947e+00
    -2.85583878e+00 -5.57995796e-01 1.19238269e+00 1.75709486e-01
    -3.36869389e-01 1.02637315e+00 -2.08605218e+00 2.58332777e+00
    -2.42269826e+00 9.00871098e-01 7.42859662e-01 -9.56686854e-01
    2.19302326e-01 -4.91877824e-01 2.27074921e-01 6.29038960e-02
    3.26774478e-01 -7.28762090e-01 8.47910106e-01 -6.58155501e-01
    3.66593540e-01</data></vocabulary>
</opencv_storage>
