<?xml version="1.0"?>
<opencv_storage>
<vocabulary type_id="opencv-matrix">
  <rows>81</rows>
  <cols>1</cols>
  <dt>f</dt>
  <data>
    -9.81278345e-02 1.44812524e-01 -5.46624541e-01 7.41966367e-01
    -1.64322078e+00 2.32906729e-01 1.16101635e+00 5.07319510e-01
    -3.38666260e-01 2.01890292e-03 -5.90045094e-01 7.78528869e-01
    -8.87874961e-01 8.86334717e-01 7.85892546e-01 -2.50254393e+00
    1.74974024e-01 1.70614928e-01 3.41422439e-01 1.01373684e+00
    3.30304772e-01 -5.68697155e-01 2.21353102e+00 -2.58865923e-01
    1.92442760e-01 -9.30566311e-01 1.83085978e-01 3.19467962e-01
    -2.07698631e+00 -8.57094646e-01 -1.82257384e-01 -2.34330606e+00
    -1.86138406e-01 1.36379457e+00 -6.84981123e-02 3.99622142e-01
    -1.44322979e+00 2.76847029e+00 1.77103102e+00 1.87279689e+00
    2.60591841e+00 -2.19997072e+00 3.86021197e-01 7.35014319e-01
    -1.03397834e+00 1.56253338e+00 -2.13889599e+00 -1.92402422e+00
    -1.46724808e+00 -3.73053461e-01 1.77944517e+00 8.06058273e-02
    -1.34354782e+00 8.77849221e-01 -7.44674444e-01 5.74060321e-01
    3.39895070e-01 5.15936434e-01 -1.22459674e+00 7.97310114e-01
    -1.29076338e+00 6.30857527e-01 7.02205718e-01 1.63936079e-01
    4.07591760e-01 -2.50983953e-01 8.68158042e-01 8.47588181e-02
    -1.29063621e-01 2.29384303e-01 4.53474045e-01 -1.37429857e+00
    1.09340049e-01 -5.51327407e-01 4.99663323e-01 -6.63179278e-01
    4.08910841e-01 -3.05885702e-01 8.30705762e-02 -1.71619967e-01
    4.57184434e-01</data></vocabulary>
</opencv_storage>
