<?xml version="1.0"?>
<opencv_storage>
<vocabulary type_id="opencv-matrix">
  <rows>81</rows>
  <cols>1</cols>
  <dt>f</dt>
  <data>
    -8.39382744e+00 2.26763248e+01 -1.46097279e+01 2.65456696e+01
    -1.20248232e+01 -1.09720440e+01 5.65530539e+00 8.93862629e+00
    -8.49884701e+00 1.28632486e+00 -2.57456665e+01 1.56319046e+01
    -3.14476795e+01 1.13031816e+01 7.21135664e+00 -1.75120616e+00
    -1.56818638e+01 1.08935490e+01 8.11875439e+00 3.78190017e+00
    -7.83510923e+00 9.53546524e+00 -3.64408469e+00 8.53133488e+00
    -4.70181417e+00 6.90458441e+00 -1.42869532e+00 3.50417876e+00
    2.44630313e+00 1.29975071e+01 2.49533534e+00 3.00838614e+00
    -5.51845074e+00 -2.01000357e+00 4.87307119e+00 -4.80960178e+00
    -7.89840841e+00 3.08852375e-01 -7.02921247e+00 -3.97454739e+00
    -3.48980814e-01 -4.92316771e+00 -5.94518244e-01 -4.65246773e+00
    6.34609318e+00 5.09871387e+00 -1.15725260e+01 -8.65095425e+00
    -7.54162502e+00 2.03971124e+00 2.25903873e+01 9.66925049e+00
    -4.67799377e+00 -4.15757895e+00 -2.19088292e+00 1.09236889e+01
    1.25636301e+01 1.20725508e+01 -4.94435740e+00 -2.03219128e+01
    -1.15517797e+01 5.41558313e+00 3.39125943e+00 -1.42481959e+00
    2.64538264e+00 -8.50346565e+00 -5.52796602e+00 6.54608917e+00
    5.56238055e-01 6.50675297e+00 1.47696412e+00 -3.80874681e+00
    1.94226706e+00 -5.59664583e+00 3.93512893e+00 1.59249783e+00
    -4.49484253e+00 5.35380125e+00 -2.70711207e+00 -2.31069303e+00
    2.16445565e+00</data></vocabulary>
</opencv_storage>
