<?xml version="1.0"?>
<opencv_storage>
<vocabulary type_id="opencv-matrix">
  <rows>81</rows>
  <cols>1</cols>
  <dt>f</dt>
  <data>
    -5.28634489e-01 2.37565851e+00 -3.53571415e+00 3.72289824e+00
    -4.05465364e+00 4.53116512e+00 -4.05834627e+00 2.38088298e+00
    -6.40540123e-01 6.65330708e-01 -3.56784582e+00 6.89069939e+00
    -9.06680584e+00 8.15906620e+00 -6.50374603e+00 6.12966442e+00
    -5.54138517e+00 1.99936068e+00 -1.41618669e+00 5.56813574e+00
    -1.04720373e+01 1.42218056e+01 -1.05178976e+01 4.82919407e+00
    -4.51271915e+00 7.00342607e+00 -3.21128464e+00 1.14775896e+00
    -6.19100714e+00 1.10530863e+01 -1.28374939e+01 7.12709093e+00
    7.38655508e-01 -1.96066797e-02 -5.08831215e+00 3.11454630e+00
    -9.79282141e-01 6.30899668e+00 -1.03740330e+01 8.03373051e+00
    9.55950797e-01 -9.51960373e+00 6.65688848e+00 1.58967650e+00
    -2.54914927e+00 2.88058519e+00 -1.06665640e+01 1.50670567e+01
    -1.16673784e+01 2.24935246e+00 9.14209938e+00 -5.85966444e+00
    -4.34011745e+00 5.67581272e+00 -2.27407193e+00 9.87415123e+00
    -1.36871052e+01 1.12396040e+01 -6.12983882e-01 -1.07603865e+01
    6.14618111e+00 6.48901367e+00 -8.95692444e+00 -5.83791375e-01
    -2.71055007e+00 3.20518136e+00 -6.77761197e-01 -7.44572639e+00
    1.51968203e+01 -1.00414562e+01 -1.84762764e+00 6.02057076e+00
    7.83885241e-01 -3.58860232e-02 -2.95088720e-02 -7.54374266e-01
    3.82460237e+00 -7.07826614e+00 5.49446678e+00 -1.34639859e+00
    -9.38187718e-01</data></vocabulary>
</opencv_storage>
