<?xml version="1.0"?>
<opencv_storage>
<vocabulary type_id="opencv-matrix">
  <rows>81</rows>
  <cols>1</cols>
  <dt>f</dt>
  <data>
    1.38007414e+00 -3.37594557e+00 4.04081297e+00 -3.86279845e+00
    3.03078234e-01 5.71563292e+00 -5.80648994e+00 1.50718272e+00
    1.46777540e-01 -3.16713691e+00 7.73957586e+00 -9.24283791e+00
    8.20869064e+00 1.33026993e+00 -1.73927155e+01 1.72792168e+01
    -4.03961611e+00 -7.43135393e-01 3.11391306e+00 -6.42493439e+00
    5.37469769e+00 -1.43937159e+00 -7.90251780e+00 1.95259209e+01
    -1.59126720e+01 2.02304578e+00 1.41410172e+00 -8.26207042e-01
    -1.85073948e+00 8.71944714e+00 -1.63407326e+01 1.88118267e+01
    -1.23233404e+01 1.93785429e+00 4.19866276e+00 -2.11548829e+00
    1.46580112e+00 -3.00172001e-01 -8.11246014e+00 1.93627968e+01
    -1.90180416e+01 8.42715549e+00 3.16386938e+00 -7.11539125e+00
    3.14978576e+00 -5.39004517e+00 1.36942759e+01 -7.72392464e+00
    -8.39785862e+00 1.42800493e+01 -1.05216379e+01 2.72734380e+00
    4.78128242e+00 -3.43666601e+00 5.95458078e+00 -1.64554596e+01
    1.31434650e+01 9.47822809e-01 -7.44477940e+00 7.85270500e+00
    -3.69451308e+00 -2.86341476e+00 2.64525127e+00 -3.46133900e+00
    9.35220623e+00 -8.20146465e+00 2.07933545e+00 3.98090482e-02
    -3.87328804e-01 -5.82226396e-01 2.42376113e+00 -1.51661623e+00
    1.12226629e+00 -2.98286819e+00 2.60740995e+00 -9.12929475e-01
    8.79226089e-01 -9.62819040e-01 9.85904455e-01 -1.21312416e+00
    6.04959249e-01</data></vocabulary>
</opencv_storage>
