<?xml version="1.0"?>
<opencv_storage>
<vocabulary type_id="opencv-matrix">
  <rows>81</rows>
  <cols>1</cols>
  <dt>f</dt>
  <data>
    1.67622738e+01 -1.59546738e+01 -1.26907897e+00 2.30699863e+01
    -4.55871391e+01 3.43781090e+01 -1.37499294e+01 1.79957905e+01
    -1.83607178e+01 -5.77957268e+01 8.29957199e+01 -4.64644127e+01
    8.43588448e+00 4.11562729e+01 -4.40880661e+01 3.21724663e+01
    -5.46170502e+01 5.03863564e+01 3.89439468e+01 -5.64375839e+01
    3.82915993e+01 -2.36361933e+00 -2.51740818e+01 2.62946110e+01
    -3.36964302e+01 6.48220673e+01 -6.20727654e+01 1.15062933e+01
    -3.14928970e+01 -1.44948339e+01 -5.22379494e+00 -1.72877636e+01
    3.97728539e+01 -1.79247932e+01 -3.43338394e+01 4.75896187e+01
    -1.31888685e+01 5.48016281e+01 -1.92762184e+01 3.23383789e+01
    -1.57716284e+01 -4.12749252e+01 2.11596336e+01 2.73510361e+01
    -3.25149002e+01 2.64461994e+01 -3.58676376e+01 -1.38953590e+01
    9.02856445e+00 4.42615242e+01 3.02618179e+01 -5.37253714e+00
    -3.87936172e+01 3.49874840e+01 -5.28079987e+01 4.62130318e+01
    2.96234055e+01 -4.50465050e+01 -3.36273117e+01 -2.25228558e+01
    -3.36069908e+01 6.36576424e+01 -3.64822197e+01 5.54434929e+01
    -8.80262451e+01 5.51763000e+01 -2.21758022e+01 7.35906754e+01
    -7.60651922e+00 -4.05770636e+00 5.40947771e+00 1.80481219e+00
    -2.64808159e+01 4.37889404e+01 -2.08317947e+01 -6.17861128e+00
    -1.39089327e+01 -2.19114685e+01 5.47423859e+01 -5.53892479e+01
    2.13302956e+01</data></vocabulary>
</opencv_storage>
