<?xml version="1.0"?>
<opencv_storage>
<vocabulary type_id="opencv-matrix">
  <rows>81</rows>
  <cols>1</cols>
  <dt>f</dt>
  <data>
    -1.15796399e+00 8.83560753e+00 -1.99944401e+01 2.05408707e+01
    -1.28421450e+01 3.53766346e+00 2.59429383e+00 -2.97742915e+00
    8.68559361e-01 1.20109841e-01 -1.83715572e+01 4.83007431e+01
    -4.79270821e+01 2.70925884e+01 -8.28478718e+00 -1.75655186e+00
    2.46339917e+00 -7.99312070e-02 3.88111567e+00 1.73829079e+01
    -5.72178154e+01 5.31544418e+01 -2.34219551e+01 5.57940578e+00
    -1.71228814e+00 2.55137730e+00 -2.48334575e+00 -8.88937092e+00
    -2.95056391e+00 3.40004997e+01 -2.34068260e+01 -8.56078720e+00
    1.42456350e+01 1.53469235e-01 -7.28879309e+00 4.95768356e+00
    1.33379068e+01 -1.48231125e+01 -1.13394415e+00 -1.44849977e+01
    4.51080780e+01 -3.35161896e+01 -1.58380342e+00 1.44802065e+01
    -8.06441116e+00 -1.38709278e+01 2.17957897e+01 -1.44432278e+01
    2.52555981e+01 -4.27604980e+01 2.10205173e+01 2.21590576e+01
    -3.09797077e+01 1.33930054e+01 1.23758221e+01 -2.41078892e+01
    2.37414703e+01 -2.81694527e+01 3.23365555e+01 -3.22902560e+00
    -4.13061905e+01 4.40888863e+01 -1.71818562e+01 -8.00321007e+00
    1.81523857e+01 -2.17330933e+01 2.46783504e+01 -2.52283726e+01
    3.72478366e+00 2.70619373e+01 -2.91089687e+01 1.13026924e+01
    2.24824166e+00 -5.97375250e+00 8.40044498e+00 -9.98698044e+00
    1.03225327e+01 -3.99414682e+00 -4.99469328e+00 6.33243513e+00
    -2.57439590e+00</data></vocabulary>
</opencv_storage>
