<?xml version="1.0"?>
<opencv_storage>
<vocabulary type_id="opencv-matrix">
  <rows>81</rows>
  <cols>1</cols>
  <dt>f</dt>
  <data>
    -8.56635988e-01 3.64328599e+00 -6.59447050e+00 8.02818584e+00
    -6.79813385e+00 4.65622711e+00 -4.37351704e+00 3.82687473e+00
    -1.41913426e+00 3.54351091e+00 -1.01090593e+01 1.47704926e+01
    -1.62076435e+01 8.00090885e+00 4.88353491e+00 -2.80601668e+00
    -4.61861897e+00 2.58890510e+00 -8.73595047e+00 2.10808735e+01
    -2.60354919e+01 2.59699917e+01 -1.00529852e+01 -1.47832870e+01
    9.13715839e+00 9.29689980e+00 -6.17366838e+00 7.32463837e+00
    -1.68297882e+01 2.00175743e+01 -1.88138237e+01 -6.67956233e-01
    2.76566925e+01 -1.13113728e+01 -2.08101864e+01 1.33629856e+01
    -3.61934566e+00 7.73356009e+00 -1.09781723e+01 1.08853111e+01
    1.08890295e+01 -3.72066536e+01 1.04713163e+01 3.12446632e+01
    -1.86115036e+01 5.97920990e+00 -1.37060995e+01 2.18766327e+01
    -2.36973400e+01 7.02178812e+00 1.85548134e+01 1.77225554e+00
    -3.26596222e+01 1.69331684e+01 -1.04655371e+01 2.24416981e+01
    -3.40872841e+01 3.55782928e+01 -2.18677444e+01 -1.05751920e+00
    -6.11137533e+00 2.27631092e+01 -1.05984325e+01 4.81994867e+00
    -8.27156639e+00 1.21943274e+01 -9.31407166e+00 1.22302389e+00
    9.76506519e+00 -4.14962387e+00 -7.40285969e+00 3.45703626e+00
    2.11728883e+00 -6.44078112e+00 8.34282494e+00 -1.07532501e+01
    1.27368317e+01 -1.39447536e+01 8.67572594e+00 -1.41063309e+00
    8.07421058e-02</data></vocabulary>
</opencv_storage>
