<?xml version="1.0"?>
<opencv_storage>
<vocabulary type_id="opencv-matrix">
  <rows>81</rows>
  <cols>1</cols>
  <dt>f</dt>
  <data>
    3.74037862e-01 -9.01304364e-01 5.64846098e-01 3.87045234e-01
    -1.09808183e+00 1.32968867e+00 -7.28839457e-01 4.34743986e-02
    1.49763942e-01 -1.02167642e+00 2.40836477e+00 -1.61352313e+00
    -6.63835704e-01 2.24338984e+00 -2.65069747e+00 1.11933315e+00
    5.91090679e-01 -6.20497286e-01 1.57167840e+00 -3.61029530e+00
    2.82699823e+00 -1.30048886e-01 -1.77351260e+00 2.04083681e+00
    -4.18618679e-01 -1.87863624e+00 1.28276825e+00 -1.73164868e+00
    3.93027163e+00 -3.34084535e+00 9.06629145e-01 6.63785517e-01
    -7.23662615e-01 -5.95768809e-01 2.98254919e+00 -1.79476869e+00
    1.19438171e+00 -2.65589571e+00 2.13264966e+00 -8.07828605e-01
    1.33795321e+00 -3.68046612e-01 1.45926261e+00 -3.50116968e+00
    1.99651456e+00 -3.03852588e-01 5.88908017e-01 -6.13629460e-01
    8.04874718e-01 -1.18198609e+00 1.84093964e+00 -2.60465002e+00
    3.75822735e+00 -1.99668849e+00 -6.24694526e-01 1.59486914e+00
    -1.82522357e+00 1.52482855e+00 -8.03633988e-01 -2.02504560e-01
    1.24484324e+00 -2.45602846e+00 1.31659424e+00 1.17712533e+00
    -2.91216969e+00 3.41927338e+00 -3.31304383e+00 2.44590211e+00
    -1.48110902e+00 4.12795991e-01 6.95215225e-01 -4.09616083e-01
    -6.42036676e-01 1.59954762e+00 -1.86877358e+00 1.79017735e+00
    -1.28574955e+00 7.43904173e-01 -2.74673581e-01 -1.53409675e-01
    8.74131098e-02</data></vocabulary>
</opencv_storage>
