<?xml version="1.0"?>
<opencv_storage>
<vocabulary type_id="opencv-matrix">
  <rows>81</rows>
  <cols>1</cols>
  <dt>f</dt>
  <data>
    2.35971138e-01 -4.69629914e-01 5.69873929e-01 -4.74755764e-01
    9.94418383e-01 -1.60396636e+00 1.06661880e+00 -5.30957758e-01
    2.29155272e-01 -5.19620180e-01 1.14123785e+00 -2.01821876e+00
    2.16240692e+00 -2.21933722e+00 2.07755923e+00 -4.74275760e-02
    -7.60992646e-01 1.42819872e-02 3.52371842e-01 -1.08148849e+00
    1.89776409e+00 -1.70113921e+00 1.18273413e+00 -2.70000458e-01
    -2.69633365e+00 2.99736428e+00 -5.24726152e-01 1.11051226e+00
    -1.49792123e+00 1.46581936e+00 -1.96189439e+00 6.26258790e-01
    -4.57801521e-01 4.04105425e+00 -4.58529758e+00 1.44989121e+00
    -1.46961927e+00 1.89045203e+00 -1.58429885e+00 1.50352585e+00
    2.00589538e+00 -6.56987488e-01 -3.65967393e+00 4.93862295e+00
    -2.38519263e+00 5.36356211e-01 -3.41194630e-01 -2.29024559e-01
    2.52342314e-01 -2.46351814e+00 2.54487085e+00 6.09669030e-01
    -2.43526125e+00 1.72666192e+00 5.49758896e-02 -2.44769037e-01
    8.00891742e-02 7.67261982e-01 1.21367836e+00 -2.04165363e+00
    1.00938129e+00 -3.42996307e-02 -3.64552766e-01 -2.62070924e-01
    6.31340623e-01 -1.12589270e-01 -8.10072422e-01 -6.84755266e-01
    1.63683045e+00 -1.75953627e+00 1.71494937e+00 -8.90596688e-01
    3.20246071e-01 -8.08638990e-01 3.25590849e-01 2.21983433e-01
    3.15061301e-01 -9.05405283e-01 1.27432597e+00 -1.45901883e+00
    8.37873936e-01</data></vocabulary>
</opencv_storage>
