<?xml version="1.0"?>
<opencv_storage>
<vocabulary type_id="opencv-matrix">
  <rows>81</rows>
  <cols>1</cols>
  <dt>f</dt>
  <data>
    -1.11909099e-02 1.69750273e-01 -5.46344876e-01 8.46815646e-01
    -9.46792781e-01 8.66693556e-01 -7.49238014e-01 5.01787841e-01
    -1.36354923e-01 -3.47618461e-02 -1.68898508e-01 8.39823186e-01
    -1.25761628e+00 1.40145469e+00 -1.32781470e+00 1.22526038e+00
    -7.31028616e-01 1.12758957e-01 1.57744780e-01 -2.17946067e-01
    -3.52980793e-01 4.68081385e-01 -5.79631925e-01 6.64481759e-01
    -1.00904465e+00 4.24576193e-01 1.35740876e-01 -1.60862267e-01
    3.01334083e-01 1.91189453e-01 -5.67794815e-02 -1.21866912e-01
    -3.26003879e-01 1.50084925e+00 -8.62184823e-01 -2.85027083e-02
    1.07960559e-01 -3.05345029e-01 -1.66123897e-01 -8.72031972e-02
    1.49458146e+00 7.81320035e-01 -2.48635912e+00 1.49352050e+00
    -1.69522062e-01 -1.33391723e-01 6.92901492e-01 -8.21761131e-01
    7.27165341e-01 -2.69257188e-01 -1.09064865e+00 2.79373527e+00
    -1.77229786e+00 2.48220146e-01 2.94738799e-01 -1.21295130e+00
    1.71570194e+00 -1.28886545e+00 4.08955246e-01 1.02304637e+00
    -2.71372747e+00 1.85449255e+00 -3.04414958e-01 -2.40609512e-01
    1.01060534e+00 -1.56617093e+00 1.40708208e+00 -9.42996621e-01
    -1.53137788e-01 1.30385482e+00 -9.59460795e-01 1.45930648e-01
    8.98348168e-02 -4.31817561e-01 7.15221465e-01 -7.22780883e-01
    5.93268454e-01 -2.50711650e-01 -1.28933534e-01 1.41963407e-01
    -8.37672781e-03</data></vocabulary>
</opencv_storage>
