<?xml version="1.0"?>
<opencv_storage>
<vocabulary type_id="opencv-matrix">
  <rows>81</rows>
  <cols>1</cols>
  <dt>f</dt>
  <data>
    2.59331179e+00 -7.11881113e+00 4.95178795e+00 9.14640963e-01
    -1.55599797e+00 1.36916506e+00 -2.54675841e+00 1.88915575e+00
    -4.45582300e-01 -4.71742725e+00 1.32372322e+01 -9.58590508e+00
    -4.77059960e-01 -1.30475545e+00 3.77384400e+00 1.70950663e+00
    -4.10167742e+00 1.40861022e+00 1.74416566e+00 -5.30766630e+00
    -2.07070168e-02 8.70033169e+00 -9.88384545e-01 -8.67282295e+00
    1.11908567e+00 6.72153521e+00 -3.49314189e+00 1.53915775e+00
    -3.47866869e+00 1.00784111e+01 -1.64500484e+01 2.97933340e+00
    1.32070303e+01 -3.92632794e+00 -9.01854801e+00 5.41799212e+00
    -2.05084443e+00 4.32879925e+00 -1.06175375e+01 1.59968796e+01
    -1.61307049e+00 -1.14426956e+01 1.10362649e+00 1.14707203e+01
    -6.52301407e+00 1.25736630e+00 -1.80110037e+00 6.26647758e+00
    -1.07574177e+01 8.02512944e-01 7.79809427e+00 3.31036615e+00
    -1.35632401e+01 7.18361330e+00 4.70311105e-01 -2.46078110e+00
    1.38304663e+00 7.71860778e-01 5.24060774e+00 -9.05186272e+00
    -8.65526080e-01 9.40897369e+00 -5.21556330e+00 -1.70994902e+00
    5.35705233e+00 -6.87356472e+00 6.70877695e+00 -9.50163555e+00
    9.96992970e+00 -2.64193487e+00 -3.82043195e+00 2.49810028e+00
    9.44075644e-01 -2.91241097e+00 3.92678690e+00 -4.07985067e+00
    5.12924242e+00 -5.01370287e+00 1.82120180e+00 1.04855096e+00
    -8.24960768e-01</data></vocabulary>
</opencv_storage>
