<?xml version="1.0"?>
<opencv_storage>
<vocabulary type_id="opencv-matrix">
  <rows>81</rows>
  <cols>1</cols>
  <dt>f</dt>
  <data>
    -1.60770428e+00 4.04224634e+00 -5.97387791e+00 7.56899595e+00
    -7.68244600e+00 7.09134579e+00 -5.21012068e+00 2.84438491e+00
    -1.08276045e+00 9.42379832e-01 -2.02815127e+00 3.29538584e+00
    -5.22737312e+00 7.18064213e+00 -9.20986843e+00 8.03198433e+00
    -5.11468887e+00 2.10032272e+00 1.83962893e+00 -5.66764784e+00
    8.29253197e+00 -8.62382698e+00 4.54818296e+00 1.54813671e+00
    -4.02613115e+00 3.77634621e+00 -1.76730418e+00 -2.45848799e+00
    7.38445044e+00 -9.80639648e+00 8.70792198e+00 -2.66946769e+00
    -5.34455919e+00 7.67862463e+00 -5.88765764e+00 2.60544181e+00
    1.69687653e+00 -5.16470337e+00 4.26455212e+00 1.22249258e+00
    -7.67224503e+00 1.68563519e+01 -1.67062931e+01 1.06058664e+01
    -4.31538534e+00 -1.25454140e+00 3.62798214e+00 -1.32716429e+00
    -5.72472239e+00 1.34637499e+01 -2.02183857e+01 1.86846771e+01
    -1.12721596e+01 4.37197351e+00 5.85225880e-01 -1.40610945e+00
    -1.55793309e+00 8.14069271e+00 -1.47691622e+01 1.96561108e+01
    -1.71746292e+01 9.87902737e+00 -3.65247750e+00 3.28294814e-01
    -1.08751559e+00 3.80161524e+00 -8.40279198e+00 1.23227940e+01
    -1.49141417e+01 1.25663443e+01 -7.19219160e+00 2.68981147e+00
    -3.70206594e-01 1.07888496e+00 -2.24235702e+00 3.85110760e+00
    -4.89997435e+00 5.40980721e+00 -4.45154238e+00 2.59269714e+00
    -1.01151633e+00</data></vocabulary>
</opencv_storage>
