<?xml version="1.0"?>
<opencv_storage>
<vocabulary type_id="opencv-matrix">
  <rows>81</rows>
  <cols>1</cols>
  <dt>f</dt>
  <data>
    5.47441728e-02 -1.07211478e-01 2.93311656e-01 -6.09587550e-01
    6.33421481e-01 -3.38942260e-01 5.40452898e-02 2.03623995e-01
    -8.87223482e-02 -1.60059959e-01 3.31609309e-01 -8.18883359e-01
    1.51883495e+00 -1.39572930e+00 6.16792500e-01 1.26064375e-01
    -6.04541421e-01 2.51574636e-01 3.86480056e-02 1.57552194e-02
    4.42313045e-01 -1.15298092e+00 6.11940980e-01 -8.54613706e-02
    -7.58599281e-01 8.28815460e-01 -2.11127207e-01 1.77796558e-01
    -5.95375359e-01 4.30446774e-01 4.12233248e-02 4.31187183e-01
    -3.32583159e-01 1.17648137e+00 -9.14409697e-01 1.53521478e-01
    -2.08813980e-01 8.14726889e-01 -1.05245638e+00 8.48432660e-01
    -3.53363901e-01 1.57369590e+00 -1.85714984e+00 9.94194806e-01
    -1.52938917e-01 8.48212838e-02 -5.38255990e-01 4.72652227e-01
    -2.20057160e-01 1.36873472e+00 -1.93182385e+00 1.79957426e+00
    -7.65135825e-01 5.35094850e-02 1.95734099e-01 -2.40581036e-01
    2.91702211e-01 -2.20664650e-01 -7.37744987e-01 1.25309026e+00
    -1.10373402e+00 2.13602677e-01 1.85427994e-01 -2.66113818e-01
    5.96196353e-01 -7.20871031e-01 5.00801623e-01 9.68760401e-02
    -5.76925457e-01 4.08394873e-01 1.75664961e-01 -2.90513545e-01
    1.25389114e-01 -3.07082921e-01 3.57714474e-01 -2.20860392e-01
    -1.72468815e-02 2.05552652e-01 -1.18324310e-01 -9.76558030e-02
    1.23416319e-01</data></vocabulary>
</opencv_storage>
