<?xml version="1.0"?>
<opencv_storage>
<vocabulary type_id="opencv-matrix">
  <rows>81</rows>
  <cols>1</cols>
  <dt>f</dt>
  <data>
    5.36500156e-01 -9.83396411e-01 -8.25997055e-01 4.18441391e+00
    -5.82793283e+00 5.36887455e+00 -3.99379110e+00 2.58876348e+00
    -1.04986656e+00 -1.10959899e+00 1.99722207e+00 2.55122447e+00
    -1.07263079e+01 1.40458860e+01 -1.20592422e+01 8.81313324e+00
    -5.97910309e+00 2.53846097e+00 2.37107587e+00 -4.49947977e+00
    -3.01919317e+00 1.55961647e+01 -1.85919762e+01 1.21708202e+01
    -7.42095375e+00 6.01823568e+00 -3.01019454e+00 -4.32274246e+00
    8.88524246e+00 -5.52049130e-02 -1.50799780e+01 1.67646198e+01
    -6.14005852e+00 1.37338579e+00 -3.52501297e+00 2.57371950e+00
    5.24401140e+00 -1.13062363e+01 3.13410664e+00 1.12769747e+01
    -9.31889534e+00 -2.04154325e+00 5.04152298e+00 4.18481141e-01
    -1.61492264e+00 -4.69758511e+00 1.03872585e+01 -4.19932699e+00
    -7.03484011e+00 4.36562300e+00 7.80647278e+00 -8.87476158e+00
    1.32662439e+00 1.06508243e+00 2.95285606e+00 -6.61259604e+00
    2.54403973e+00 4.71288538e+00 -2.14737082e+00 -6.78657532e+00
    7.22833395e+00 -1.02425492e+00 -1.00489759e+00 -1.14617336e+00
    2.64894271e+00 -6.41848266e-01 -2.71383142e+00 7.71929145e-01
    3.94215250e+00 -4.01445150e+00 2.54914850e-01 8.83493423e-01
    3.74498636e-01 -9.21285808e-01 1.92767277e-01 1.01383340e+00
    -1.98831066e-01 -1.54094708e+00 1.47792840e+00 8.54701325e-02
    -4.66895193e-01</data></vocabulary>
</opencv_storage>
