<?xml version="1.0"?>
<opencv_storage>
<vocabulary type_id="opencv-matrix">
  <rows>81</rows>
  <cols>1</cols>
  <dt>f</dt>
  <data>
    8.10849369e-02 1.21430051e+00 -3.30567431e+00 2.99143457e+00
    -1.08505619e+00 -6.24958992e-01 2.27682519e+00 -2.20432329e+00
    8.55673671e-01 -3.44353527e-01 -2.37094593e+00 6.96646738e+00
    -6.36510229e+00 2.45403314e+00 1.43468058e+00 -5.31680441e+00
    5.10711527e+00 -1.93818033e+00 1.19050825e+00 1.47315156e+00
    -7.37739372e+00 7.69955301e+00 -4.70592546e+00 6.75343037e-01
    3.60065198e+00 -4.34697866e+00 1.78795159e+00 -2.23252225e+00
    6.74684703e-01 5.01582527e+00 -6.30119658e+00 5.40191221e+00
    -2.81549144e+00 -5.30038834e-01 2.23988104e+00 -1.17348421e+00
    2.76138902e+00 -2.54758263e+00 -1.72850895e+00 3.22413063e+00
    -2.48541498e+00 3.16622424e+00 -1.83047593e+00 4.34186049e-02
    3.47604662e-01 -2.90130806e+00 3.79247332e+00 -1.17389095e+00
    -7.52530992e-01 2.59804344e+00 -3.91730618e+00 4.28073168e+00
    -2.54585171e+00 5.98459542e-01 2.38466597e+00 -4.06322575e+00
    3.45140290e+00 -2.52546740e+00 8.34357500e-01 1.28803825e+00
    -2.76682234e+00 1.87678516e+00 -4.75678653e-01 -1.51847482e+00
    3.62283015e+00 -4.91512108e+00 5.60656738e+00 -5.35333490e+00
    3.39920735e+00 -1.20438921e+00 5.14472246e-01 -2.02183872e-01
    6.52324557e-01 -1.86303735e+00 2.88230276e+00 -3.54239225e+00
    3.66262269e+00 -2.75752234e+00 1.56457198e+00 -8.65918458e-01
    2.81103790e-01</data></vocabulary>
</opencv_storage>
