<?xml version="1.0"?>
<opencv_storage>
<vocabulary type_id="opencv-matrix">
  <rows>81</rows>
  <cols>1</cols>
  <dt>f</dt>
  <data>
    -6.87099770e-02 6.79569781e-01 -1.23524141e+00 1.37777472e+00
    -1.95675349e+00 1.06387162e+00 6.55340493e-01 -7.01075554e-01
    2.54618406e-01 -6.71437457e-02 -8.62737596e-01 2.23413873e+00
    -2.93871498e+00 3.44804549e+00 -7.12652981e-01 -2.99330926e+00
    2.56776142e+00 -8.04327130e-01 -1.22579738e-01 3.40410411e-01
    1.76571116e-01 -1.55883923e-01 -5.07710159e-01 -2.88636303e+00
    6.53570747e+00 -4.64277220e+00 1.33541894e+00 9.60045218e-01
    -1.72813699e-01 -4.60403633e+00 6.87718391e+00 -6.15608788e+00
    8.69928932e+00 -1.05602541e+01 6.63862658e+00 -1.76775730e+00
    -2.07533383e+00 2.86422920e+00 1.38486516e+00 -4.95178080e+00
    7.78510284e+00 -9.45010185e+00 1.03430243e+01 -6.53653145e+00
    1.61697495e+00 3.69377184e+00 -8.57807636e+00 8.88444996e+00
    -5.35395288e+00 9.14007053e-02 5.42312956e+00 -7.41984558e+00
    5.27905130e+00 -1.38283646e+00 -3.49780297e+00 9.01995659e+00
    -1.18777761e+01 9.70161819e+00 -4.27227354e+00 -1.38422668e+00
    3.98545980e+00 -3.33407283e+00 9.46930766e-01 1.04330587e+00
    -2.85815310e+00 4.61353636e+00 -4.18495703e+00 1.64620137e+00
    6.99356437e-01 -1.89339590e+00 1.60792005e+00 -5.38746834e-01
    1.33186832e-01 -2.87674904e-01 -2.10463732e-01 2.50086188e-01
    5.88449895e-01 -9.19761658e-01 8.17674518e-01 -5.64960480e-01
    2.28569448e-01</data></vocabulary>
</opencv_storage>
