<?xml version="1.0"?>
<opencv_storage>
<vocabulary type_id="opencv-matrix">
  <rows>81</rows>
  <cols>1</cols>
  <dt>f</dt>
  <data>
    -1.75175846e-01 1.76292747e-01 7.60661587e-02 -8.20040517e-03
    -4.73442018e-01 3.56206924e-01 2.64277875e-01 -3.85638475e-01
    1.98183998e-01 3.51131320e-01 -3.74998868e-01 -1.09938726e-01
    -1.00273490e-01 1.29659295e+00 -1.26343310e+00 6.32730722e-02
    4.05521542e-01 -3.09090853e-01 -3.84057999e-01 4.10297543e-01
    2.24553809e-01 1.54044807e-01 -1.65568793e+00 1.47516286e+00
    -6.13938272e-01 -1.81845665e-01 3.07770997e-01 3.71769339e-01
    -3.90601337e-01 -3.15568656e-01 7.73314480e-03 1.26659608e+00
    -1.05209517e+00 9.47771549e-01 -9.48300809e-02 -2.63778239e-01
    -3.63465935e-01 5.46379268e-01 -1.73026979e-01 -4.65318352e-01
    1.39642262e+00 -3.15488756e-01 1.51017174e-01 -6.09287560e-01
    4.46996748e-01 4.26583916e-01 -8.08381736e-01 4.82180327e-01
    7.91878581e-01 -1.29754472e+00 1.62425375e+00 -1.46152329e+00
    1.26550937e+00 -5.97243845e-01 -2.50463217e-01 6.29984498e-01
    -5.31699419e-01 -5.14869571e-01 1.38068092e+00 -1.89465475e+00
    1.81033278e+00 -1.38064218e+00 5.17831743e-01 1.44127494e-04
    -2.26585865e-01 3.07426155e-01 2.89661080e-01 -1.23053491e+00
    1.58052063e+00 -1.55184209e+00 1.05690706e+00 -2.75242567e-01
    4.58375439e-02 1.36857759e-02 -5.08479066e-02 -2.35305265e-01
    6.78279340e-01 -7.82686710e-01 7.69457459e-01 -5.08490562e-01
    1.11882865e-01</data></vocabulary>
</opencv_storage>
