<?xml version="1.0"?>
<opencv_storage>
<vocabulary type_id="opencv-matrix">
  <rows>81</rows>
  <cols>1</cols>
  <dt>f</dt>
  <data>
    3.41513492e-02 -2.28891566e-01 1.83319032e-01 1.15014210e-01
    8.52679163e-02 -6.06696904e-01 1.08184481e+00 -8.43817890e-01
    2.00084955e-01 -2.78470535e-02 6.98826194e-01 -1.39474654e+00
    1.11916721e+00 -9.54692483e-01 7.30203748e-01 -3.21480811e-01
    2.32413039e-01 -1.35469913e-01 8.13139379e-02 -9.59087610e-01
    1.72465444e+00 -1.34806418e+00 1.08885276e+00 -4.03695881e-01
    -3.43294799e-01 -3.60859819e-02 1.67230129e-01 -3.35839778e-01
    8.64610553e-01 -1.11087525e+00 1.56016207e+00 -1.56095660e+00
    -1.18561827e-01 6.28737986e-01 3.36927235e-01 -3.39348644e-01
    6.83864176e-01 -8.47617805e-01 -1.45905733e-01 -1.55202854e+00
    3.17609859e+00 7.61859894e-01 -9.50836241e-01 -1.73749328e-01
    1.97593972e-01 -2.27909386e-01 7.09607184e-01 -2.66242355e-01
    1.89522612e+00 -1.40935254e+00 -1.36854792e+00 1.40051472e+00
    -2.56497711e-01 -1.04191728e-01 6.21621497e-02 -8.98469269e-01
    1.16037405e+00 -2.19138908e+00 1.10260665e+00 1.31836963e+00
    -1.87256896e+00 8.05770338e-01 -6.31041005e-02 -3.55677933e-01
    5.95088601e-01 -2.55378455e-01 5.54084837e-01 -3.45751867e-02
    -1.07574677e+00 1.15991855e+00 -6.04091108e-01 1.97278246e-01
    3.23563546e-01 -4.15431380e-01 4.04123925e-02 1.85264170e-01
    -3.19534600e-01 4.57899332e-01 -3.95061642e-01 2.81785280e-01
    -1.49172112e-01</data></vocabulary>
</opencv_storage>
