<?xml version="1.0"?>
<opencv_storage>
<vocabulary type_id="opencv-matrix">
  <rows>81</rows>
  <cols>1</cols>
  <dt>f</dt>
  <data>
    3.44830640e-02 1.04421580e+00 -2.44810534e+00 2.20693159e+00
    1.66901648e+00 -2.36274028e+00 5.50936997e-01 -7.31545508e-01
    8.08630645e-01 -9.48496908e-02 -3.02523470e+00 6.91066647e+00
    -6.60686445e+00 1.62410215e-01 -1.38992012e+00 4.80886841e+00
    -4.37007576e-01 -1.81663036e+00 2.22222829e+00 -9.68430340e-01
    -3.49857759e+00 3.79953313e+00 3.65796715e-01 3.63875127e+00
    -8.02602959e+00 4.96568114e-01 2.99512839e+00 -4.21103811e+00
    5.38375044e+00 -1.00813472e+00 6.10113703e-02 -3.32786322e+00
    -5.82150102e-01 6.19624186e+00 4.45565552e-01 -3.49557900e+00
    2.59156632e+00 -1.24249101e+00 -4.76011467e+00 6.39860725e+00
    -1.44095266e+00 4.09700012e+00 -8.58727646e+00 3.05358434e+00
    1.32798350e+00 -1.11027443e+00 -2.10551023e+00 7.13013554e+00
    -6.74285650e+00 2.31072497e+00 -1.29708683e+00 5.24142170e+00
    -4.99480009e+00 1.25015438e+00 1.66537464e+00 -8.50859761e-01
    -1.32801473e+00 5.62863238e-02 3.10988379e+00 -3.33037758e+00
    -1.12956560e+00 4.27243996e+00 -2.36015630e+00 -1.94554126e+00
    4.01181555e+00 -3.71264195e+00 2.84598088e+00 -2.86409807e+00
    5.74204803e-01 2.69841361e+00 -4.05644703e+00 2.51178360e+00
    8.10177445e-01 -2.10623598e+00 2.00073862e+00 -8.57776821e-01
    1.41633451e-01 1.38590133e+00 -2.37567806e+00 2.22749424e+00
    -1.28804827e+00</data></vocabulary>
</opencv_storage>
