<?xml version="1.0"?>
<opencv_storage>
<vocabulary type_id="opencv-matrix">
  <rows>81</rows>
  <cols>1</cols>
  <dt>f</dt>
  <data>
    1.05872011e+00 -2.05124927e+00 -2.09699392e+00 4.34862614e+00
    3.12207270e+00 -4.57853764e-01 -2.42432117e-01 -2.35326195e+00
    -2.12119937e+00 1.56169847e-01 -3.13392639e+00 6.53888655e+00
    -8.55245113e-01 -3.35524273e+00 -5.39539480e+00 -4.85366154e+00
    5.92148352e+00 5.25528479e+00 -1.03324509e+00 2.17540994e-01
    1.07262123e+00 -1.89139330e+00 6.81019276e-02 -8.40858102e-01
    -3.51774156e-01 4.85050058e+00 -1.78416395e+00 5.78008853e-02
    -9.40403640e-01 2.79310822e+00 -1.95482880e-01 4.82408524e+00
    -4.72427070e-01 -9.62553406e+00 1.17181860e-01 2.42687273e+00
    1.90027905e+00 3.09365749e-01 -1.77618158e+00 -2.46291265e-01
    1.52343225e+00 5.93350124e+00 -1.62522888e+00 -1.52969825e+00
    -3.71297836e+00 -2.26215434e+00 1.82631767e+00 1.08330476e+00
    -4.63758326e+00 4.37178087e+00 -1.22365761e+00 -6.48985684e-01
    1.28106940e+00 -1.79683685e-01 1.31573725e+00 8.15637186e-02
    1.02983320e+00 -4.41481382e-01 1.31555319e+00 6.24557137e-01
    -4.68819082e-01 1.66409755e+00 -2.65238094e+00 -1.05003190e+00
    -1.90910363e+00 -2.59053111e+00 3.80296922e+00 -2.02394295e+00
    2.70316958e-01 1.69028890e+00 -4.59986925e+00 8.91180992e+00
    5.26582897e-01 1.97837579e+00 -6.04568362e-01 -6.44085109e-01
    -3.73789382e+00 1.10648799e+00 -3.03338408e-01 -3.91891336e+00
    2.48170304e+00</data></vocabulary>
</opencv_storage>
