<?xml version="1.0"?>
<opencv_storage>
<vocabulary type_id="opencv-matrix">
  <rows>81</rows>
  <cols>1</cols>
  <dt>f</dt>
  <data>
    -1.24130559e+00 1.07439983e+00 3.23888540e-01 -1.05628765e+00
    7.04706609e-01 -1.18927407e+00 2.22242689e+00 -2.20849085e+00
    8.91450763e-01 3.02411509e+00 -2.42864871e+00 -1.44428170e+00
    3.50671649e+00 -2.86651134e+00 4.04212570e+00 -6.24965048e+00
    5.70294428e+00 -2.23301339e+00 -4.69774151e+00 4.76702690e+00
    2.24986717e-01 -3.39022470e+00 3.27115488e+00 -5.43408346e+00
    8.41187859e+00 -7.67995310e+00 2.97250652e+00 6.37311935e+00
    -7.75652027e+00 2.55446410e+00 1.28135753e+00 -1.71142471e+00
    4.72195292e+00 -8.35662651e+00 7.93628407e+00 -3.08039546e+00
    -7.02281713e+00 9.66519642e+00 -5.56541729e+00 1.51592791e+00
    1.10510993e+00 -2.97786474e+00 6.53453159e+00 -6.49904108e+00
    2.51915479e+00 6.91070414e+00 -1.04184055e+01 7.57169819e+00
    -3.75191903e+00 1.34839392e+00 1.74261296e+00 -5.00310469e+00
    4.93297529e+00 -1.84812188e+00 -5.15220451e+00 7.60875273e+00
    -4.99996424e+00 1.17899990e+00 1.87586725e+00 -4.52837706e+00
    6.57973671e+00 -5.49040842e+00 1.86218452e+00 2.84498215e+00
    -3.50365233e+00 6.90253198e-01 2.85220098e+00 -6.04045725e+00
    7.87439203e+00 -8.57026482e+00 6.28364897e+00 -1.95147264e+00
    -1.05746233e+00 1.08036149e+00 3.60770166e-01 -2.05238843e+00
    3.64177847e+00 -4.50506210e+00 4.71416378e+00 -3.35430288e+00
    1.01411927e+00</data></vocabulary>
</opencv_storage>
