<?xml version="1.0"?>
<opencv_storage>
<vocabulary type_id="opencv-matrix">
  <rows>81</rows>
  <cols>1</cols>
  <dt>f</dt>
  <data>
    -5.90524785e-02 -3.83717678e-02 1.33139610e-01 -2.16931745e-01
    4.17222828e-01 -4.63058859e-01 3.57697189e-01 -1.02784954e-01
    -5.76001480e-02 3.15947980e-01 -4.84048426e-01 5.82875967e-01
    -3.59316766e-01 1.51184555e-02 2.25582153e-01 -1.96416423e-01
    -2.07236186e-01 2.75734991e-01 -5.19146800e-01 9.96789813e-01
    -1.32147551e+00 5.50711155e-01 1.29564270e-01 -2.87774056e-01
    -2.20622361e-01 7.34779835e-01 -4.89213437e-01 4.57163393e-01
    -1.21713173e+00 1.74662888e+00 -6.31782174e-01 -4.12235796e-01
    2.55024612e-01 5.24174452e-01 -1.08914089e+00 7.17193902e-01
    -3.52477163e-01 1.40932786e+00 -2.35504436e+00 1.06292081e+00
    1.56011283e+00 6.40346631e-02 -1.04048634e+00 1.44084597e+00
    -9.40820396e-01 1.87203273e-01 -7.24604487e-01 1.16093051e+00
    -3.99667621e-01 -1.97524250e-01 -2.12610379e-01 1.09553003e+00
    -1.45166540e+00 8.45694721e-01 -6.18013777e-02 -1.15231723e-02
    1.79804668e-01 -2.98397481e-01 -2.25331143e-01 5.97320795e-01
    -8.99488449e-01 1.07397103e+00 -5.80439806e-01 3.15394322e-03
    2.63343126e-01 -5.60315311e-01 4.18238372e-01 1.14797227e-01
    -5.53899944e-01 6.81211174e-01 -7.80946195e-01 4.26069200e-01
    6.84323609e-02 -3.64016891e-01 6.39743328e-01 -5.79744220e-01
    3.31334114e-01 -8.95231664e-02 -5.02255931e-03 1.35880888e-01
    -1.36468515e-01</data></vocabulary>
</opencv_storage>
