<?xml version="1.0"?>
<opencv_storage>
<vocabulary type_id="opencv-matrix">
  <rows>81</rows>
  <cols>1</cols>
  <dt>f</dt>
  <data>
    2.50499225e+00 -3.98622036e+00 2.40426946e+00 -1.94017327e+00
    1.76804304e+00 -2.96772575e+00 4.44226933e+00 -2.97378278e+00
    7.14271665e-01 -3.72420835e+00 5.44792032e+00 -2.85150099e+00
    3.35648060e+00 -1.98037064e+00 2.41854000e+00 -3.95405173e+00
    2.16655803e+00 -9.35430676e-02 2.34493160e+00 -1.39615071e+00
    -2.66866159e+00 1.69900811e+00 -8.76894760e+00 1.09958296e+01
    -9.94318581e+00 9.60115719e+00 -3.89203048e+00 -4.64778662e+00
    8.11735821e+00 -1.05455637e+01 1.42930145e+01 -2.37685823e+00
    2.12918997e+00 -6.65890741e+00 -4.69536036e-02 2.22063279e+00
    8.08456707e+00 -1.13860474e+01 1.24956007e+01 -2.01152096e+01
    5.77111006e+00 -8.76349735e+00 2.00698414e+01 -1.22645197e+01
    -1.60158408e+00 -1.00170736e+01 1.21813421e+01 -1.39050350e+01
    2.41723862e+01 -1.37212050e+00 3.66946101e+00 -1.45491543e+01
    1.05014076e+01 4.14069748e+00 6.53598356e+00 -8.78454018e+00
    1.39084520e+01 -2.58115444e+01 7.76089287e+00 -3.74916697e+00
    1.03043613e+01 -1.10596714e+01 3.01894993e-02 -2.66594362e+00
    6.28392887e+00 -1.05409670e+01 1.75899372e+01 -7.59145069e+00
    5.85488617e-01 -5.78895664e+00 1.10568991e+01 -3.58232021e+00
    7.65760243e-01 -3.69737196e+00 5.30231667e+00 -3.58998942e+00
    -3.41419077e+00 7.60064507e+00 -4.42074633e+00 -1.25001085e+00
    8.81264448e-01</data></vocabulary>
</opencv_storage>
