<?xml version="1.0"?>
<opencv_storage>
<vocabulary type_id="opencv-matrix">
  <rows>81</rows>
  <cols>1</cols>
  <dt>f</dt>
  <data>
    -3.05703618e-02 8.03077295e-02 -1.93271041e-01 2.64576852e-01
    -6.51017576e-02 -6.01148745e-03 3.81590724e-02 -5.91665804e-02
    1.14346649e-02 2.01623365e-02 8.08651969e-02 2.82615796e-02
    -2.24319309e-01 1.66386589e-01 6.65498301e-02 -3.66329849e-01
    3.39333087e-01 -1.04791440e-01 3.04663870e-02 -1.48172587e-01
    -2.15091959e-01 6.37066543e-01 -1.13242674e+00 6.62627101e-01
    1.64654955e-01 -4.24168080e-01 2.08063632e-01 -2.99605690e-02
    3.27571072e-02 3.27229202e-01 -3.81589890e-01 5.86932838e-01
    -3.48880261e-01 -4.83059697e-02 1.93167120e-01 -1.14805587e-01
    -7.36189028e-03 7.13527948e-02 -3.60242248e-01 -3.16340059e-01
    1.84993804e+00 -3.65492135e-01 2.28227556e-01 -2.43130386e-01
    3.56321745e-02 7.71739557e-02 8.47374147e-04 -1.47507876e-01
    7.84513295e-01 -8.36843491e-01 3.64125431e-01 -1.04099743e-01
    -2.94734561e-03 9.25100446e-02 -1.02217652e-01 -5.13524152e-02
    3.97010088e-01 -7.35994279e-01 4.42628771e-01 -2.24175267e-02
    -2.80468941e-01 4.52862978e-01 -2.84189582e-01 8.36841986e-02
    2.48700310e-03 -3.20952594e-01 6.38851643e-01 -5.04959404e-01
    8.66419896e-02 1.17736109e-01 -3.10564637e-01 2.27928326e-01
    -1.98653992e-02 -5.87663502e-02 2.31665567e-01 -3.41591477e-01
    2.97988832e-01 -2.21190929e-01 2.06614479e-01 -7.72533417e-02
    -2.04449613e-02</data></vocabulary>
</opencv_storage>
