<?xml version="1.0"?>
<opencv_storage>
<vocabulary type_id="opencv-matrix">
  <rows>81</rows>
  <cols>1</cols>
  <dt>f</dt>
  <data>
    6.82515240e+00 -1.42223454e+01 6.14745617e+00 3.31257486e+00
    -4.92108250e+00 7.65695286e+00 -1.09493179e+01 9.34878540e+00
    -3.30113935e+00 -1.90624561e+01 3.69739876e+01 -1.28769321e+01
    -1.30037832e+01 1.18828611e+01 -1.19976788e+01 1.63679714e+01
    -1.35450735e+01 4.65462637e+00 2.96070652e+01 -5.54442825e+01
    1.60564671e+01 2.29708672e+01 -1.75821266e+01 1.79964371e+01
    -2.55128822e+01 2.02162170e+01 -6.47223759e+00 -4.42141380e+01
    8.65283508e+01 -2.93872166e+01 -4.02609673e+01 3.25472717e+01
    -1.77136707e+01 2.35090446e+01 -2.26116257e+01 8.01369476e+00
    4.86549377e+01 -9.29354935e+01 2.46073170e+01 6.37347221e+01
    -5.03627472e+01 2.15829849e+01 -2.12154846e+01 1.94848022e+01
    -7.11745119e+00 -2.83782444e+01 4.09036636e+01 2.45896187e+01
    -9.07071686e+01 6.75686722e+01 -3.33851280e+01 2.64754925e+01
    -1.83664055e+01 5.78813505e+00 8.71920967e+00 5.42200756e+00
    -5.17704697e+01 7.53668594e+01 -5.27004662e+01 3.79636993e+01
    -3.27315445e+01 1.84633598e+01 -3.57615280e+00 -4.07485771e+00
    -9.22907639e+00 3.12993622e+01 -3.18986511e+01 1.93626614e+01
    -1.90179081e+01 1.85068302e+01 -1.03489132e+01 1.47487724e+00
    2.81922758e-01 6.82658434e+00 -1.19726915e+01 8.18014908e+00
    -4.87471867e+00 6.13138294e+00 -5.44398880e+00 2.25917506e+00
    -5.05843982e-02</data></vocabulary>
</opencv_storage>
