<?xml version="1.0"?>
<opencv_storage>
<vocabulary type_id="opencv-matrix">
  <rows>81</rows>
  <cols>1</cols>
  <dt>f</dt>
  <data>
    -4.20200042e-02 -5.27687930e-02 1.68243095e-01 -3.06587577e-01
    4.66307372e-01 -4.35224205e-01 3.90400589e-01 -2.50335544e-01
    7.21262246e-02 7.28786141e-02 3.00448313e-02 -2.05552548e-01
    5.10067880e-01 -8.72448325e-01 5.84416151e-01 -3.62280130e-01
    3.01464349e-01 -1.46232069e-01 -2.96167866e-03 2.31501441e-02
    2.72305701e-02 -5.58778942e-01 1.23052263e+00 -5.46216905e-01
    -3.12352061e-01 5.03398404e-02 1.69078141e-01 9.47751626e-02
    -2.54085422e-01 2.06405431e-01 8.35456967e-01 -2.09855890e+00
    9.53832030e-01 4.30817306e-01 -1.69449925e-01 -1.89388961e-01
    -3.52924556e-01 5.49435437e-01 -5.13610482e-01 -7.85227835e-01
    3.33694077e+00 -6.99694753e-01 -7.26129413e-01 3.35562855e-01
    1.31221816e-01 5.53454459e-01 -7.67121553e-01 5.75404346e-01
    3.14043254e-01 -1.08941031e+00 2.89916217e-01 5.49745083e-01
    -1.87237471e-01 -1.79673001e-01 -5.74291468e-01 7.32204437e-01
    -4.79593515e-01 4.13286202e-02 3.63382548e-01 -2.01729625e-01
    -1.04935095e-01 -1.96057618e-01 2.89129674e-01 3.55404556e-01
    -4.32727158e-01 1.90121695e-01 -6.04843860e-03 -2.76250899e-01
    1.32602245e-01 -1.14416681e-01 3.06388736e-01 -2.35975161e-01
    -4.21182774e-02 4.16420735e-02 6.06440678e-02 -1.41828611e-01
    2.35878065e-01 -1.36795208e-01 9.47324783e-02 -1.11495458e-01
    6.37453943e-02</data></vocabulary>
</opencv_storage>
