<?xml version="1.0"?>
<opencv_storage>
<vocabulary type_id="opencv-matrix">
  <rows>81</rows>
  <cols>1</cols>
  <dt>f</dt>
  <data>
    -1.32846713e+00 2.66227388e+00 -1.57136858e+00 8.34647417e-01
    -2.46288204e+00 2.69070172e+00 2.35645723e+00 -6.57845449e+00
    3.53301024e+00 4.84676218e+00 -9.50124741e+00 9.15825272e+00
    -1.32896433e+01 2.85350189e+01 -3.68899155e+01 1.19278336e+01
    1.55529680e+01 -1.05923252e+01 -1.00678892e+01 2.00963802e+01
    -2.24460945e+01 3.49762802e+01 -6.86889648e+01 8.82721481e+01
    -3.87289162e+01 -1.98970585e+01 1.63590069e+01 1.29104328e+01
    -2.55929985e+01 2.67121544e+01 -4.02595406e+01 8.48392639e+01
    -1.12941498e+02 4.79714050e+01 2.97946625e+01 -2.38583679e+01
    -1.25707960e+01 2.34393425e+01 -1.81226387e+01 2.49816990e+01
    -7.11961899e+01 1.04543449e+02 -3.22459908e+01 -5.13366547e+01
    3.53425865e+01 1.36027870e+01 -2.60895538e+01 1.59825220e+01
    -1.09702492e+01 4.66516037e+01 -7.20518417e+01 7.52613258e+00
    6.38599014e+01 -4.05149384e+01 -1.80380669e+01 3.88198700e+01
    -3.25898666e+01 2.20576744e+01 -4.20787735e+01 5.47711487e+01
    7.07300544e-01 -5.97790375e+01 3.76135445e+01 1.54027605e+01
    -3.51539497e+01 3.62141647e+01 -3.21403885e+01 4.26663208e+01
    -4.73400002e+01 9.50847626e+00 3.17329082e+01 -2.16090832e+01
    -6.47664738e+00 1.55526934e+01 -1.90046101e+01 2.05956383e+01
    -2.37361069e+01 2.36764030e+01 -1.03439722e+01 -4.93655300e+00
    4.74268723e+00</data></vocabulary>
</opencv_storage>
