<?xml version="1.0"?>
<opencv_storage>
<vocabulary type_id="opencv-matrix">
  <rows>81</rows>
  <cols>1</cols>
  <dt>f</dt>
  <data>
    6.19570851e-01 -1.33137262e+00 1.27285600e+00 -1.05447268e+00
    -7.03730881e-02 1.73859346e+00 -2.01226425e+00 1.45001757e+00
    -5.44835508e-01 -1.32270312e+00 2.74167609e+00 -2.43661594e+00
    1.79113412e+00 9.12081718e-01 -4.67744350e+00 5.26812744e+00
    -3.88306952e+00 1.48507679e+00 1.08255553e+00 -1.80067611e+00
    1.03546059e+00 -3.75433147e-01 -3.09362745e+00 6.96609163e+00
    -7.66194677e+00 6.06093216e+00 -2.54062128e+00 -3.55377674e-01
    -2.29867950e-01 1.45045841e+00 -1.77604139e+00 4.76485729e+00
    -7.57211637e+00 8.48019123e+00 -7.40810204e+00 3.34248638e+00
    -6.22292519e-01 2.62975144e+00 -4.09405518e+00 3.74909973e+00
    -3.89954948e+00 6.19626951e+00 -6.96656895e+00 6.59875870e+00
    -3.08014655e+00 1.43402314e+00 -4.41841745e+00 5.61294270e+00
    -4.67341709e+00 4.56227398e+00 -4.07243347e+00 4.55426741e+00
    -5.02380371e+00 2.44180369e+00 -1.26035500e+00 3.64701629e+00
    -4.54246187e+00 3.87380099e+00 -3.35136986e+00 2.31903911e+00
    -2.63419104e+00 3.38924479e+00 -1.74531758e+00 7.34980702e-01
    -1.98015416e+00 2.38023186e+00 -2.12442684e+00 1.56788588e+00
    -7.71161377e-01 9.90780771e-01 -1.74529338e+00 1.01963806e+00
    -2.40466908e-01 6.51151299e-01 -7.36147821e-01 6.46052241e-01
    -3.69182378e-01 -2.48102285e-02 -1.14611261e-01 5.45820713e-01
    -3.69541436e-01</data></vocabulary>
</opencv_storage>
