<?xml version="1.0"?>
<opencv_storage>
<vocabulary type_id="opencv-matrix">
  <rows>81</rows>
  <cols>1</cols>
  <dt>f</dt>
  <data>
    -1.50913680e+00 3.36641932e+00 -2.90644336e+00 1.86792624e+00
    -7.83043742e-01 -3.15889329e-01 6.86888456e-01 -5.49279511e-01
    4.59807128e-01 2.93866849e+00 -6.23750496e+00 5.10359335e+00
    -2.84341168e+00 2.91766107e-01 2.11116433e+00 -2.40896726e+00
    1.04691517e+00 -6.17449820e-01 -3.05465078e+00 6.36993027e+00
    -6.18005085e+00 4.42977953e+00 -1.47390580e+00 -1.87442839e+00
    2.19760942e+00 -2.54866958e-01 2.06361152e-02 3.21317434e+00
    -6.72768688e+00 8.25734329e+00 -7.72489929e+00 4.42129230e+00
    -3.30964029e-01 -8.62687603e-02 -1.57529378e+00 8.15197408e-01
    -2.11242270e+00 4.07070589e+00 -5.42658424e+00 4.48497725e+00
    6.50519490e-01 -3.61940002e+00 2.31833720e+00 1.01884842e+00
    -7.96106696e-01 5.58225691e-01 -7.06896186e-01 1.84508991e+00
    -8.79999518e-01 -3.31819963e+00 7.38878012e+00 -4.90152502e+00
    6.85075596e-02 6.43092752e-01 -7.72453845e-02 2.38132998e-01
    -2.33399463e+00 2.43529916e+00 8.14816058e-01 -3.66543579e+00
    2.71372199e+00 -2.30200458e-02 -6.47684038e-01 -4.34189141e-01
    7.32617438e-01 4.77503091e-01 -5.64271748e-01 -6.18057430e-01
    1.02399576e+00 -9.02282357e-01 -2.18994871e-01 7.10699677e-01
    3.09615791e-01 -6.19248092e-01 1.45418823e-01 4.04935777e-02
    1.09260425e-01 5.17611876e-02 4.68174517e-02 2.34156176e-01
    -4.05744433e-01</data></vocabulary>
</opencv_storage>
