<?xml version="1.0"?>
<opencv_storage>
<vocabulary type_id="opencv-matrix">
  <rows>81</rows>
  <cols>1</cols>
  <dt>f</dt>
  <data>
    -3.16310138e-01 3.92300040e-01 -2.65526146e-01 1.31716454e+00
    -5.45345306e-01 -2.82465965e-01 1.17366838e+00 -7.25476265e-01
    -2.30291814e-01 5.61059058e-01 -1.68199944e+00 1.13501251e+00
    -6.47411525e-01 -1.87592244e+00 2.87805885e-01 3.59957159e-01
    -8.05581927e-01 1.70270479e+00 1.01829171e+00 -1.19637513e+00
    6.67052209e-01 -4.01751548e-01 1.10933721e+00 1.91626370e+00
    -1.38212240e+00 2.13488936e-01 -1.39601886e+00 -1.33650407e-01
    1.60745037e+00 -5.68991363e-01 -2.77260810e-01 -3.94088417e-01
    -8.49325299e-01 -6.29138589e-01 1.23884356e+00 5.12418866e-01
    -5.55153489e-01 4.67758775e-02 -3.22193056e-02 4.40167964e-01
    1.35704553e+00 7.39852428e-01 -1.21619272e+00 6.54623389e-01
    -3.26182008e-01 -8.04931521e-01 -1.69782317e+00 1.27997899e+00
    -1.31197858e+00 9.25150961e-02 5.13160825e-01 1.64080560e+00
    -9.72532392e-01 -1.10224652e+00 4.51355547e-01 1.94202483e+00
    3.68922167e-02 9.13194358e-01 -1.29120028e+00 -3.63576144e-01
    1.80030659e-01 8.30906868e-01 -8.03200543e-01 2.65537500e-01
    -4.51174647e-01 -6.38593674e-01 -7.72172570e-01 -1.75172433e-01
    5.97920179e-01 1.07717335e+00 -2.15445113e+00 1.95871627e+00
    -1.04223990e+00 1.12217557e+00 -7.17053354e-01 7.24966109e-01
    3.04344505e-01 -8.97626221e-01 9.10215020e-01 -4.64503318e-01
    1.31320447e-01</data></vocabulary>
</opencv_storage>
