<?xml version="1.0"?>
<opencv_storage>
<vocabulary type_id="opencv-matrix">
  <rows>81</rows>
  <cols>1</cols>
  <dt>f</dt>
  <data>
    3.10840607e-02 -3.49639893e-01 5.90183496e-01 -1.12161255e+00
    2.38910913e+00 -2.63629389e+00 2.24793744e+00 -1.45029855e+00
    4.62201089e-01 2.88558602e-01 -7.69451678e-01 1.32134306e+00
    -4.14514691e-01 -2.18881106e+00 3.19869494e+00 -2.93879557e+00
    2.01436710e+00 -7.13019431e-01 -5.66376805e-01 2.42465019e+00
    -4.83564520e+00 4.73472738e+00 -2.22040558e+00 1.48332924e-01
    2.64822066e-01 -3.72270674e-01 3.05401772e-01 4.09913838e-01
    -2.09117413e+00 4.32454729e+00 -4.35227442e+00 2.98802423e+00
    -1.88672829e+00 2.10700583e+00 -1.47737038e+00 2.40892947e-01
    -7.30638579e-02 9.01653230e-01 -2.27012706e+00 2.16987848e+00
    -5.63439429e-01 2.27441120e+00 -4.09129000e+00 3.28598261e+00
    -8.38603437e-01 -3.33733141e-01 1.80384129e-01 6.21128201e-01
    -1.16990697e+00 1.69804299e+00 -2.79481769e+00 4.95167732e+00
    -3.99479151e+00 1.11512196e+00 6.01898193e-01 -9.25208092e-01
    6.19928956e-01 8.51100683e-02 -1.18715501e+00 2.72304010e+00
    -4.59881830e+00 3.53317666e+00 -1.03571546e+00 -4.24556524e-01
    7.60144174e-01 -7.20434904e-01 5.59460819e-01 -3.16161692e-01
    -7.75928557e-01 2.20303202e+00 -1.86919630e+00 5.71106553e-01
    1.28333464e-01 -2.49508977e-01 2.58622974e-01 -3.59839112e-01
    4.48400676e-01 -1.37024924e-01 -2.64977902e-01 2.54470468e-01
    -5.75715899e-02</data></vocabulary>
</opencv_storage>
