<?xml version="1.0"?>
<opencv_storage>
<vocabulary type_id="opencv-matrix">
  <rows>81</rows>
  <cols>1</cols>
  <dt>f</dt>
  <data>
    2.08300209e+00 -4.84632969e+00 8.22818279e+00 -1.32813807e+01
    1.39441309e+01 -1.14057112e+01 7.52688074e+00 -3.37166286e+00
    8.92525852e-01 -4.50130796e+00 9.34652710e+00 -1.29044867e+01
    1.81580009e+01 -1.65458755e+01 9.33427143e+00 -6.04262161e+00
    6.59048319e+00 -3.56922555e+00 2.02134371e+00 -1.59299052e+00
    -7.00386941e-01 1.64095187e+00 -7.29047346e+00 1.77122498e+01
    -1.28882437e+01 -4.66407013e+00 6.30076933e+00 -9.56031561e-01
    -4.95207042e-01 4.65524006e+00 -6.81433153e+00 1.41970844e+01
    -2.62543182e+01 1.81045322e+01 3.40464830e+00 -6.66462374e+00
    2.03534913e+00 -3.05782056e+00 2.67898798e+00 -6.37046909e+00
    1.99537396e-01 1.51789351e+01 -8.62294960e+00 -5.80663633e+00
    6.55537081e+00 -4.65590763e+00 9.94581318e+00 -1.56653852e+01
    2.38062935e+01 -1.33367310e+01 -9.22880363e+00 7.60170126e+00
    4.09494686e+00 -5.11980057e+00 5.58999252e+00 -1.25809364e+01
    2.11501236e+01 -3.00543213e+01 1.79231319e+01 9.27995968e+00
    -1.08839130e+01 -2.30468369e+00 4.34016228e+00 -3.44102836e+00
    7.78985929e+00 -1.49045963e+01 2.30820122e+01 -1.65856113e+01
    -1.19793272e+00 3.82221532e+00 3.68635869e+00 -3.50636911e+00
    1.29203713e+00 -2.89387727e+00 5.52436018e+00 -8.92967701e+00
    7.14243841e+00 -8.25791538e-01 -9.51381147e-01 -1.16654766e+00
    1.00648820e+00</data></vocabulary>
</opencv_storage>
