<?xml version="1.0"?>
<opencv_storage>
<vocabulary type_id="opencv-matrix">
  <rows>81</rows>
  <cols>1</cols>
  <dt>f</dt>
  <data>
    3.07828021e+00 -5.89406681e+00 3.41937423e+00 -1.47641003e-01
    -1.38087547e+00 1.28721511e+00 -1.41751373e+00 1.94754434e+00
    -1.15465486e+00 -9.03626823e+00 1.76425915e+01 -1.13798141e+01
    2.38517046e+00 2.45897651e+00 -3.88722277e+00 6.28600121e+00
    -7.45470047e+00 3.70982599e+00 1.56072102e+01 -2.91260033e+01
    1.86675529e+01 -6.55654669e+00 2.47660136e+00 1.77153909e+00
    -1.04053230e+01 1.31646490e+01 -6.00733709e+00 -2.15550251e+01
    3.77874985e+01 -2.15892200e+01 8.47393513e+00 -9.51290035e+00
    2.29509711e+00 1.53417864e+01 -1.96629639e+01 8.15477562e+00
    2.09283447e+01 -3.42906647e+01 1.39363270e+01 -1.36897528e+00
    6.73171568e+00 3.19156861e+00 -2.44937172e+01 2.66123753e+01
    -1.03608265e+01 -1.50197411e+01 2.39185696e+01 -7.04473162e+00
    -2.58118820e+00 -4.04347926e-02 -1.07818556e+01 3.17848797e+01
    -3.07233620e+01 1.15809355e+01 9.19910622e+00 -1.46960182e+01
    3.64480042e+00 2.04662657e+00 -5.10333121e-01 9.48422527e+00
    -2.44640675e+01 2.28418903e+01 -8.40013409e+00 -3.79582667e+00
    6.95068645e+00 -3.78737903e+00 1.95152795e+00 -1.77331483e+00
    -2.06048322e+00 6.47212458e+00 -6.50290155e+00 2.36879539e+00
    7.32516587e-01 -1.78048718e+00 1.98295927e+00 -1.58253133e+00
    5.53276062e-01 2.71910369e-01 6.02864847e-02 4.64973636e-02
    -2.98016947e-02</data></vocabulary>
</opencv_storage>
