<?xml version="1.0"?>
<opencv_storage>
<vocabulary type_id="opencv-matrix">
  <rows>81</rows>
  <cols>1</cols>
  <dt>f</dt>
  <data>
    -3.76139021e+00 3.51754212e+00 2.50149393e+00 -5.28945255e+00
    -5.16616964e+00 8.13799381e+00 -1.93845987e-01 -2.81555325e-01
    1.43201065e+00 8.75243187e+00 -6.45310593e+00 -3.90685737e-01
    6.15794754e+00 7.64906406e+00 -1.04455118e+01 -2.36156321e+00
    -8.88407612e+00 1.22936738e+00 -1.07740183e+01 5.55474949e+00
    -9.04266930e+00 1.39254427e+00 3.25115561e-01 -5.27975178e+00
    1.30595360e+01 2.24130421e+01 -6.86411905e+00 9.17827606e+00
    -6.44652987e+00 1.31653118e+01 -5.49803925e+00 -3.47576427e+00
    6.58316851e+00 -1.17963753e+01 -1.84729176e+01 -2.00282884e+00
    -4.19274092e+00 7.62496662e+00 -1.09025736e+01 7.63625717e+00
    -2.27773952e+00 1.40631275e+01 -8.56138706e+00 3.88395834e+00
    2.18000622e+01 3.40127182e+00 -2.76761198e+00 2.02954674e+00
    -2.44766045e+00 2.88396883e+00 -1.12396793e+01 8.51279163e+00
    -6.47813737e-01 -2.31284771e+01 -6.84630108e+00 -6.03298903e+00
    1.08301144e+01 -8.58911133e+00 5.87336636e+00 -1.64524536e+01
    1.34921255e+01 5.89625740e+00 7.86619616e+00 6.35747671e+00
    6.99597979e+00 -1.09146528e+01 7.61235857e+00 -5.01699114e+00
    2.02033253e+01 -1.70630875e+01 -6.29295492e+00 -3.35010707e-01
    -2.20384049e+00 -1.80427229e+00 2.29617405e+00 -3.91446412e-01
    -4.95623022e-01 -4.78732586e+00 4.52285004e+00 2.39472675e+00
    4.33295257e-02</data></vocabulary>
</opencv_storage>
