<?xml version="1.0"?>
<opencv_storage>
<vocabulary type_id="opencv-matrix">
  <rows>81</rows>
  <cols>1</cols>
  <dt>f</dt>
  <data>
    -2.15215888e-03 2.01296750e-02 -1.01434797e-01 7.59980455e-02
    2.67457254e-02 -1.64246678e-01 1.00356810e-01 6.01010621e-02
    -1.88499372e-02 3.75962257e-02 -1.50107786e-01 3.57986271e-01
    -3.31004977e-01 1.99634492e-01 2.02842668e-01 -4.85869110e-01
    1.79588839e-01 6.82731420e-02 -2.41628848e-02 2.33721778e-01
    -4.71892506e-01 2.91252375e-01 1.44546255e-01 -8.36182237e-01
    1.10851514e+00 -7.19298422e-01 -6.04620576e-02 6.26932308e-02
    -2.80536592e-01 4.67348814e-01 -1.10173799e-01 -6.12232387e-01
    1.14790273e+00 -1.34858048e+00 1.01097453e+00 2.08765864e-02
    -1.64455444e-01 5.93751967e-01 -1.04503417e+00 2.31559560e-01
    1.66642892e+00 -5.94420314e-01 1.35339296e+00 -1.15351140e+00
    -1.74687169e-02 1.42600536e-01 -5.52849114e-01 8.60911071e-01
    -8.01256597e-02 -1.20673567e-01 2.87505627e-01 -1.35116029e+00
    1.05282152e+00 -6.47193342e-02 -1.23434901e-01 3.44473839e-01
    -3.99654865e-01 -1.54255792e-01 1.97622180e-01 -5.81476033e-01
    1.30150175e+00 -9.08266068e-01 2.03824028e-01 1.96476262e-02
    7.84042627e-02 -3.19311887e-01 6.75989687e-01 -7.40901887e-01
    7.57609069e-01 -1.02163029e+00 6.82724178e-01 -1.86836734e-01
    2.80784722e-02 -2.01870441e-01 4.14658874e-01 -4.53243583e-01
    3.68894160e-01 -2.93417305e-01 3.66196632e-01 -3.07084888e-01
    1.08465627e-01</data></vocabulary>
</opencv_storage>
