<?xml version="1.0"?>
<opencv_storage>
<vocabulary type_id="opencv-matrix">
  <rows>81</rows>
  <cols>1</cols>
  <dt>f</dt>
  <data>
    1.95341575e+00 2.06224728e+01 -9.12235546e+00 1.43142664e+00
    1.19235001e+01 3.82676035e-01 -3.41938477e+01 7.60004091e+00
    -1.01815729e+01 -7.21489763e+00 -2.52098751e+01 9.68256187e+00
    -1.01015959e+01 -2.17539520e+01 -1.08053589e+00 3.76334991e+01
    -9.30723858e+00 5.71104240e+00 1.09462862e+01 -4.89507765e-01
    1.81929541e+00 3.20458183e+01 6.34407282e+00 1.32464390e+01
    1.05574226e+01 6.36620140e+00 1.98823929e+01 -1.10409594e+01
    6.43748569e+00 -6.69063568e+00 -3.17829876e+01 3.81003523e+00
    -2.22343483e+01 -1.93198013e+01 -5.94967484e-01 -3.57351532e+01
    9.13714790e+00 4.30300903e+00 6.97655058e+00 5.29778051e+00
    8.44559193e-01 1.84580879e+01 -1.12284136e+00 -1.42102709e+01
    4.38812828e+01 -9.63526344e+00 -7.97598982e+00 1.06215763e+01
    3.85319161e+00 -4.35882807e+00 -2.02192192e+01 1.45100021e+01
    9.06602573e+00 -3.51716385e+01 1.31967678e+01 1.64421558e+00
    -4.10592461e+01 1.99665999e+00 1.17438555e+01 2.49549160e+01
    -1.91465683e+01 1.28763361e+01 1.24466209e+01 -1.07526445e+01
    3.39747787e+00 3.45915337e+01 3.98239493e+00 -1.75443039e+01
    -1.51504879e+01 1.12028084e+01 -1.37248163e+01 -2.41135359e+00
    3.31556726e+00 -2.62672281e+00 -6.89548588e+00 -5.91186523e+00
    9.27607918e+00 2.03203726e+00 -9.16668713e-01 2.16918802e+00
    1.65687895e+00</data></vocabulary>
</opencv_storage>
