<?xml version="1.0"?>
<opencv_storage>
<vocabulary type_id="opencv-matrix">
  <rows>81</rows>
  <cols>1</cols>
  <dt>f</dt>
  <data>
    6.88836515e-01 -2.81900764e+00 5.31295156e+00 -7.69175434e+00
    9.58156490e+00 -8.08853531e+00 4.20842505e+00 -1.12263620e+00
    -2.29858145e-01 -9.40797091e-01 6.23222208e+00 -1.42808552e+01
    2.14312210e+01 -2.65184250e+01 2.27220116e+01 -1.30708199e+01
    4.76299238e+00 -5.09533584e-01 1.05210161e+00 -9.86642838e+00
    2.47420597e+01 -3.68750687e+01 4.42792702e+01 -3.57687569e+01
    1.80658569e+01 -5.63028431e+00 9.63177145e-01 2.29861403e+00
    2.42956972e+00 -1.62686443e+01 3.05875549e+01 -4.02137184e+01
    3.07052555e+01 -1.19202499e+01 1.04724395e+00 5.15303016e-01
    -7.86056566e+00 1.14191961e+01 -4.61632109e+00 -9.21843243e+00
    2.30148106e+01 -1.48509855e+01 -4.15354013e-01 6.26742887e+00
    -2.93573189e+00 8.87817860e+00 -1.15856628e+01 2.77286315e+00
    1.20508490e+01 -2.51291580e+01 1.78065929e+01 -1.63281488e+00
    -5.40587091e+00 2.95209217e+00 -5.29734612e+00 2.40222644e-02
    1.68410931e+01 -3.31481628e+01 4.31945801e+01 -3.19935970e+01
    1.19196367e+01 -7.24216223e-01 -1.08698368e+00 2.89842010e+00
    3.04373193e+00 -1.80519810e+01 3.02748013e+01 -3.60379219e+01
    2.64683113e+01 -1.09200544e+01 1.89674211e+00 3.46478581e-01
    -1.15323186e+00 -3.54451299e-01 5.04645538e+00 -9.03916264e+00
    1.09030561e+01 -7.57605410e+00 2.38653445e+00 6.19867481e-02
    -2.47546792e-01</data></vocabulary>
</opencv_storage>
