<?xml version="1.0"?>
<opencv_storage>
<vocabulary type_id="opencv-matrix">
  <rows>81</rows>
  <cols>1</cols>
  <dt>f</dt>
  <data>
    1.59638792e-01 -3.48959613e+00 1.06069298e+01 -2.04621048e+01
    3.07148590e+01 -3.21196976e+01 2.70865593e+01 -1.85861721e+01
    6.50557899e+00 2.43499994e-01 6.20725679e+00 -2.08721008e+01
    4.05383492e+01 -6.10917702e+01 6.29493256e+01 -5.07970047e+01
    3.40796394e+01 -1.21453028e+01 -1.68404627e+00 5.36124170e-01
    7.76524830e+00 -2.49793129e+01 4.61361160e+01 -4.96008911e+01
    3.97406883e+01 -2.78991680e+01 1.02237024e+01 3.41187191e+00
    -8.77799702e+00 9.66347885e+00 2.32190514e+00 -2.19614983e+01
    2.65005054e+01 -1.98066635e+01 1.54584885e+01 -6.11282873e+00
    -3.41221714e+00 1.12870407e+01 -1.77227268e+01 8.07756329e+00
    1.20751028e+01 -1.59984417e+01 1.07375002e+01 -1.03081694e+01
    5.16630411e+00 2.59598875e+00 -1.05014000e+01 1.93561611e+01
    -1.02735662e+01 -9.46110916e+00 1.67038231e+01 -1.30975008e+01
    1.21512642e+01 -6.14132452e+00 -2.03253293e+00 9.51744080e+00
    -1.91737633e+01 1.31416941e+01 2.08793569e+00 -8.88812351e+00
    8.82882214e+00 -8.71098900e+00 4.06998062e+00 1.33254588e+00
    -7.92915916e+00 1.71235943e+01 -1.53754768e+01 7.75805521e+00
    -2.94952798e+00 -3.48352581e-01 1.76190019e+00 -5.63939214e-01
    -4.98592049e-01 3.56734276e+00 -8.21616173e+00 8.58460903e+00
    -6.61817789e+00 4.77153301e+00 -2.59327531e+00 1.22256875e+00
    -5.70128262e-01</data></vocabulary>
</opencv_storage>
