<?xml version="1.0"?>
<opencv_storage>
<vocabulary type_id="opencv-matrix">
  <rows>81</rows>
  <cols>1</cols>
  <dt>f</dt>
  <data>
    9.85222459e-01 -4.28851986e+00 -1.84765816e+00 1.02631893e+01
    -2.18188324e+01 8.88459873e+00 1.32163167e+00 -4.85237360e+00
    2.90523553e+00 -7.09710121e+00 1.93447742e+01 -1.28610783e+01
    3.32198405e+00 1.19022589e+01 6.30499184e-01 -5.96177530e+00
    4.52701473e+00 -8.11141908e-01 6.03240252e+00 -9.94289494e+00
    7.34153652e+00 -1.63857231e+01 1.66997280e+01 -1.25348425e+01
    2.16383860e-02 6.25189972e+00 -5.27643013e+00 8.41624355e+00
    -1.62604256e+01 2.43875828e+01 -7.14052200e+00 -5.39999866e+00
    6.81749249e+00 8.65696812e+00 -1.91731491e+01 1.17135029e+01
    -1.22754068e+01 -7.96306801e+00 6.54438066e+00 -1.26546164e+01
    2.02730541e+01 -2.11449738e+01 6.05111599e-01 1.88192101e+01
    -1.22203426e+01 1.19281588e+01 1.43132830e+01 -8.54868126e+00
    -7.82609820e-01 -4.82476616e+00 1.20591326e+01 -6.16856861e+00
    -1.04132357e+01 3.41113234e+00 -6.80256796e+00 -1.72428823e+00
    -8.88220310e+00 1.58043976e+01 -3.57784128e+00 3.11189246e+00
    7.53199577e+00 6.19402981e+00 2.35118628e+00 -5.45308971e+00
    1.84175777e+01 -1.27754030e+01 1.79948962e+00 -4.70189095e+00
    -7.98547316e+00 -1.03598845e+00 -1.35451984e+00 -6.36518526e+00
    3.98892570e+00 -1.09696035e+01 6.16767883e+00 5.78973961e+00
    -7.98573828e+00 1.11207447e+01 -5.64825106e+00 -5.02645135e-01
    4.76631641e+00</data></vocabulary>
</opencv_storage>
