<?xml version="1.0"?>
<opencv_storage>
<vocabulary type_id="opencv-matrix">
  <rows>81</rows>
  <cols>1</cols>
  <dt>f</dt>
  <data>
    -4.46294832e+00 1.30020456e+01 -1.44365416e+01 9.41805649e+00
    -4.16761160e+00 -1.75811648e+00 7.10546160e+00 -8.98508835e+00
    4.80907393e+00 -2.04153371e+00 6.38236380e+00 3.76020074e+00
    -2.84141769e+01 2.37479267e+01 8.60448551e+00 -2.49604549e+01
    1.71214123e+01 -5.65718412e+00 2.08852291e+01 -6.23347893e+01
    4.15867653e+01 3.85784607e+01 -4.23455544e+01 -2.51090946e+01
    5.32031975e+01 -2.93906116e+01 7.07341671e+00 -2.32930126e+01
    6.72099304e+01 -4.63331528e+01 -3.62045593e+01 3.57472496e+01
    3.55773392e+01 -6.45710068e+01 3.92060356e+01 -1.14661226e+01
    1.27440205e+01 -2.82782822e+01 1.01168680e+01 3.54699631e+01
    -2.66642361e+01 -1.37843351e+01 3.73440895e+01 -3.49900360e+01
    1.56265106e+01 -5.50115395e+00 2.89285362e-01 2.13556557e+01
    -4.79438286e+01 4.20635643e+01 -2.17278404e+01 -2.04192781e+00
    2.31678677e+01 -1.60350475e+01 3.15354288e-01 1.69698009e+01
    -4.34428749e+01 6.65077286e+01 -6.26871185e+01 4.58509445e+01
    -2.08407173e+01 -9.60196400e+00 1.13699036e+01 2.65340948e+00
    -1.81152802e+01 3.70089340e+01 -5.04736595e+01 4.27122650e+01
    -2.23562603e+01 5.71858120e+00 7.12281084e+00 -5.93614674e+00
    -8.26785755e+00 2.58532581e+01 -3.60168037e+01 3.56697693e+01
    -3.10900288e+01 2.50338936e+01 -1.58627338e+01 3.70270824e+00
    8.78383994e-01</data></vocabulary>
</opencv_storage>
