<?xml version="1.0"?>
<opencv_storage>
<vocabulary type_id="opencv-matrix">
  <rows>81</rows>
  <cols>1</cols>
  <dt>f</dt>
  <data>
    -1.09680891e+00 6.69349813e+00 -6.73865843e+00 -1.48679471e+00
    1.37467790e+00 1.13793087e+00 -1.49912745e-01 1.20239866e+00
    -1.04011190e+00 1.44530368e+00 -1.42282658e+01 1.64210205e+01
    -8.75648975e-01 1.26433635e+00 -2.89104724e+00 1.96206367e+00
    -8.52244186e+00 5.58484268e+00 -6.39330864e-01 1.41353598e+01
    -1.79211559e+01 2.07913446e+00 -1.71456194e+00 -1.63064671e+00
    6.46459043e-01 7.47051382e+00 -3.58253741e+00 -3.25178194e+00
    -1.46834087e+00 5.78721476e+00 4.73617029e+00 -2.12546682e+00
    6.46223021e+00 -6.70996761e+00 6.23758650e+00 -6.56406355e+00
    3.94352698e+00 -5.38628435e+00 1.24299717e+00 -1.03217220e+01
    2.30745244e+00 -1.97920179e+00 1.74558616e+00 -4.95829201e+00
    7.01027632e+00 -1.54071653e+00 4.28092098e+00 1.68599993e-01
    1.18519106e+01 -2.61610460e+00 7.28472376e+00 -5.25785017e+00
    1.63638055e+00 -2.99098539e+00 2.50651741e+00 -6.42976761e+00
    5.05178547e+00 -1.58324089e+01 8.99814034e+00 -1.21404085e+01
    8.79886913e+00 -3.83821297e+00 2.29747462e+00 -2.44227862e+00
    2.71024752e+00 -9.34596598e-01 3.56650257e+00 -1.70566857e+00
    -5.07955253e-01 1.84698999e+00 -1.16756499e-01 1.85090005e-01
    -2.64232218e-01 2.68296409e+00 -4.31445694e+00 4.43668032e+00
    -3.60342908e+00 5.73332500e+00 -5.67163038e+00 3.19257355e+00
    -1.63490343e+00</data></vocabulary>
</opencv_storage>
