<?xml version="1.0"?>
<opencv_storage>
<vocabulary type_id="opencv-matrix">
  <rows>81</rows>
  <cols>1</cols>
  <dt>f</dt>
  <data>
    2.64299564e+01 -4.54123611e+01 4.02611732e+01 -3.86015663e+01
    5.20562248e+01 -6.34188232e+01 6.03120079e+01 -5.94469452e+01
    3.09726391e+01 -6.26539078e+01 1.02737755e+02 -8.06778946e+01
    6.67766495e+01 -9.44487457e+01 1.20297905e+02 -1.14102509e+02
    1.11409767e+02 -5.74047089e+01 7.78197632e+01 -1.04709274e+02
    5.28395920e+01 -3.96485176e+01 5.62760277e+01 -3.22235413e+01
    3.31425858e+01 -8.90456619e+01 5.73639030e+01 -8.45158234e+01
    8.22400436e+01 4.18760920e+00 -8.82487583e+00 1.71596642e+01
    -1.34085510e+02 1.13241043e+02 5.72546921e+01 -6.35812378e+01
    9.10197830e+01 -8.64978638e+01 -2.58140945e+00 -4.03822184e+00
    -1.27977333e+01 1.58804199e+02 -1.51637253e+02 -2.89734879e+01
    4.83785820e+01 -8.77395554e+01 9.45279007e+01 -2.69802036e+01
    5.85806732e+01 -7.15907898e+01 -1.76198483e+01 4.71008720e+01
    4.74670296e+01 -3.46877975e+01 4.30419044e+01 -1.46333570e+01
    -4.13563843e+01 7.53652430e+00 3.09144268e+01 -1.60756505e+00
    -2.73261242e+01 -2.86262722e+01 2.30267563e+01 4.56643438e+00
    -5.26553497e+01 8.38324890e+01 -7.51316757e+01 5.05900955e+01
    -6.20191879e+01 7.15730515e+01 -1.70744057e+01 -1.28530884e+01
    -1.47453880e+01 4.49861259e+01 -5.45938225e+01 5.44047966e+01
    -4.30133934e+01 4.62803955e+01 -5.24536400e+01 2.68831577e+01
    7.84931898e-01</data></vocabulary>
</opencv_storage>
