<?xml version="1.0"?>
<opencv_storage>
<vocabulary type_id="opencv-matrix">
  <rows>81</rows>
  <cols>1</cols>
  <dt>f</dt>
  <data>
    -5.31332158e-02 -2.50962764e-01 7.28462577e-01 6.69611096e-01
    -2.25765920e+00 -4.22165871e-01 4.20238733e+00 -3.57501888e+00
    8.42610657e-01 4.98123407e-01 -8.55437815e-01 4.11787599e-01
    -1.61253476e+00 2.75283647e+00 1.32059562e+00 -5.63906717e+00
    3.57458758e+00 -4.82861370e-01 -7.96593308e-01 9.09144342e-01
    2.82485574e-01 2.31420517e+00 -4.66741180e+00 -2.31046021e-01
    4.19899082e+00 -1.10741949e+00 -3.69647056e-01 5.99015534e-01
    3.20841879e-01 -2.90945411e+00 -3.45349669e-01 3.11073160e+00
    1.20637143e+00 -2.68312120e+00 -1.32911026e+00 1.46668017e+00
    -5.69036841e-01 -1.85985053e+00 5.92983770e+00 -2.01007676e+00
    -4.02218282e-01 -1.48930037e+00 3.01063776e-01 3.75781798e+00
    -2.52262664e+00 1.00648320e+00 1.62272608e+00 -5.85870361e+00
    3.50638986e+00 -1.98476419e-01 2.00793886e+00 -6.60622835e-01
    -2.81483150e+00 1.68841755e+00 -1.22248685e+00 -4.56912398e-01
    3.09845495e+00 -2.78769708e+00 1.46461821e+00 -2.49205494e+00
    1.51186311e+00 1.09980106e+00 -4.96181786e-01 7.37761974e-01
    -1.49538741e-01 -1.16547430e+00 9.46476460e-01 6.21634461e-02
    -4.28647064e-02 3.26741397e-01 -1.08237898e+00 3.40010285e-01
    -1.63317829e-01 3.35805625e-01 -2.59668499e-01 1.94028422e-01
    -2.70062774e-01 5.35167515e-01 -7.06813633e-01 5.22990048e-01
    -1.38654709e-01</data></vocabulary>
</opencv_storage>
