<?xml version="1.0"?>
<opencv_storage>
<vocabulary type_id="opencv-matrix">
  <rows>81</rows>
  <cols>1</cols>
  <dt>f</dt>
  <data>
    5.49601555e-01 -1.65453589e+00 2.16781545e+00 -8.52579415e-01
    3.21981370e-01 -1.33252883e+00 2.01056266e+00 -2.07658601e+00
    9.00410831e-01 -1.47893310e+00 3.90598321e+00 -4.94288158e+00
    2.18317676e+00 -6.18925095e-01 2.49585748e+00 -4.67990208e+00
    5.07102013e+00 -2.04748750e+00 1.80362642e+00 -3.76040697e+00
    3.63014054e+00 -1.07935476e+00 7.63548315e-02 -2.40153551e+00
    4.58389807e+00 -5.00631475e+00 1.93277895e+00 -1.60232711e+00
    2.31701565e+00 -5.95634878e-01 -1.20024180e+00 6.84064329e-01
    1.89604485e+00 -2.91833806e+00 3.21920252e+00 -1.24095058e+00
    7.22103179e-01 -1.43900573e-01 -2.17087293e+00 2.45080709e+00
    9.63678181e-01 -1.72340167e+00 1.34905970e+00 -1.53592789e+00
    7.01263249e-01 2.43760079e-01 -1.68645763e+00 3.90774870e+00
    -2.91001725e+00 -7.12457001e-01 1.89619517e+00 -4.31883186e-01
    4.11491930e-01 -4.00591731e-01 -1.25946611e-01 9.55756366e-01
    -2.54941034e+00 1.55516958e+00 1.31551933e+00 -1.66498959e+00
    2.41264835e-01 -3.15120518e-01 3.78981262e-01 -4.11737561e-01
    7.34895170e-01 -2.23733634e-01 1.05534089e+00 -2.73848963e+00
    2.23237109e+00 -7.09702015e-01 3.95166218e-01 -3.48089010e-01
    3.66766483e-01 -8.28241229e-01 8.68079841e-01 -1.30002296e+00
    1.80459559e+00 -1.31793392e+00 6.18852735e-01 -4.40095544e-01
    2.61562854e-01</data></vocabulary>
</opencv_storage>
