<?xml version="1.0"?>
<opencv_storage>
<vocabulary type_id="opencv-matrix">
  <rows>81</rows>
  <cols>1</cols>
  <dt>f</dt>
  <data>
    5.68670988e-01 -1.32294285e+00 8.33742797e-01 2.60307997e-01
    -1.24835753e+00 1.69921327e+00 -1.10469353e+00 2.52112206e-02
    2.92103767e-01 -1.55824697e+00 3.69991446e+00 -2.72675014e+00
    8.05311054e-02 1.78651500e+00 -2.35557652e+00 1.40000343e+00
    5.79845071e-01 -9.59021986e-01 4.49680954e-01 3.24652165e-01
    -3.20789027e+00 5.57167482e+00 -6.94085121e+00 7.01816416e+00
    -3.89767647e+00 -1.00988650e+00 1.89357841e+00 1.80800796e+00
    -7.80815744e+00 1.38157616e+01 -1.46203814e+01 1.35839901e+01
    -1.31573715e+01 8.15289021e+00 4.60044950e-01 -2.73771572e+00
    -1.17086136e+00 7.20475340e+00 -1.23208933e+01 1.07202921e+01
    -7.07806206e+00 9.00224304e+00 -5.64197350e+00 -2.81738329e+00
    4.20242023e+00 -2.00069499e+00 1.90691262e-01 -4.20791544e-02
    5.50094414e+00 -7.45713472e+00 2.71213245e+00 -1.21325195e+00
    5.98642540e+00 -5.46494865e+00 2.64205551e+00 -2.64288092e+00
    3.42878389e+00 -8.39923382e+00 9.60833740e+00 -4.72889376e+00
    2.64627719e+00 -5.55256701e+00 4.79726648e+00 -1.40317297e+00
    1.79107654e+00 -9.01651457e-02 8.17261264e-02 -1.07674944e+00
    8.45414773e-02 -7.22318947e-01 3.01219344e+00 -2.73179960e+00
    6.53342187e-01 -1.01432049e+00 -7.79862344e-01 2.11905313e+00
    -1.83095646e+00 1.69026482e+00 -3.73269200e-01 -1.21187866e+00
    1.03805363e+00</data></vocabulary>
</opencv_storage>
