<?xml version="1.0"?>
<opencv_storage>
<vocabulary type_id="opencv-matrix">
  <rows>81</rows>
  <cols>1</cols>
  <dt>f</dt>
  <data>
    2.21848679e+00 -2.69654799e+00 2.48958054e-03 9.51421380e-01
    4.70112056e-01 -1.83164644e+00 3.08487803e-01 7.94462860e-01
    -4.90569890e-01 -5.04568720e+00 6.47112846e+00 -7.74194658e-01
    -2.24957633e+00 2.97215790e-01 2.89080071e+00 -2.66228586e-01
    -2.49613929e+00 1.47988200e+00 5.57936668e+00 -7.35276747e+00
    7.80066967e-01 3.40515280e+00 -3.47015309e+00 -1.58960700e-01
    -1.02506697e+00 3.76387334e+00 -2.32411718e+00 -5.44955015e+00
    7.14997292e+00 2.90581733e-01 -4.40652990e+00 4.39831591e+00
    -2.34542713e-01 1.03079951e+00 -4.13289547e+00 2.88964176e+00
    4.94836426e+00 -7.25843716e+00 9.01753962e-01 3.26950884e+00
    -2.08595228e+00 -5.08853793e-01 2.26671189e-01 2.61844587e+00
    -2.24291325e+00 -4.43038797e+00 7.05114174e+00 -2.05684710e+00
    -2.95435166e+00 4.21295786e+00 -1.09179735e+00 1.56413302e-01
    -2.06515384e+00 1.69099224e+00 4.07579803e+00 -6.16413498e+00
    1.77733386e+00 3.31260753e+00 -5.33674860e+00 2.00889730e+00
    1.18761992e+00 1.23965278e-01 -1.02937675e+00 -3.14804316e+00
    4.44864035e+00 -1.33807814e+00 -2.85225773e+00 5.62954140e+00
    -2.59294796e+00 -2.65653205e+00 2.07032347e+00 2.34159276e-01
    1.40030980e+00 -1.97390890e+00 5.53075433e-01 1.62573171e+00
    -3.22428823e+00 1.64426816e+00 1.26126134e+00 -1.12693679e+00
    -5.98410442e-02</data></vocabulary>
</opencv_storage>
