<?xml version="1.0"?>
<opencv_storage>
<vocabulary type_id="opencv-matrix">
  <rows>81</rows>
  <cols>1</cols>
  <dt>f</dt>
  <data>
    -5.08528566e+00 1.19760323e+00 -1.02524767e+01 2.62229729e+01
    -3.24418869e+01 1.41683664e+01 2.14728031e+01 -3.71450958e+01
    1.92656555e+01 1.43268270e+01 -1.41252649e+00 9.22425556e+00
    -1.47543764e+01 -1.56057405e+01 1.16148014e+01 -2.95011177e+01
    4.40850601e+01 -9.85182858e+00 -1.22565260e+01 -8.63990211e+00
    6.29377890e+00 -7.71285677e+00 6.16585503e+01 -2.69940262e+01
    1.87036953e+01 -4.52218857e+01 -1.90870512e+00 1.20192993e+00
    2.29188671e+01 -2.45656700e+01 1.66104870e+01 -4.83690643e+01
    3.19746094e+01 -1.81432018e+01 4.26069260e+01 2.04341722e+00
    -1.59874706e+01 1.63129578e+01 -8.53396416e+00 1.87214928e+01
    3.04625535e+00 -6.74312592e+00 -1.90050924e+00 -1.58252554e+01
    -1.82800484e+01 5.39000130e+00 -1.84865856e+01 2.24051685e+01
    -3.02205257e+01 1.69207897e+01 -2.50568752e+01 1.96161995e+01
    -9.15017545e-01 3.57742805e+01 1.79986000e+01 -1.21899576e+01
    6.74348879e+00 -4.76829958e+00 -1.38944596e-01 7.74068213e+00
    1.75305481e+01 -5.68323994e+00 -2.77984791e+01 -6.86055660e+00
    -2.49222374e+00 -7.87202835e+00 7.21571064e+00 1.04172573e+01
    -1.72243919e+01 3.43443465e+00 -4.76250935e+00 1.20922589e+00
    5.04022360e-01 5.09425354e+00 5.38434446e-01 1.26425594e-01
    -1.03810291e+01 1.58348522e+01 -8.45552444e+00 -3.85442019e+00
    7.10351086e+00</data></vocabulary>
</opencv_storage>
