<?xml version="1.0"?>
<opencv_storage>
<vocabulary type_id="opencv-matrix">
  <rows>81</rows>
  <cols>1</cols>
  <dt>f</dt>
  <data>
    6.68079197e-01 -1.19643688e-01 -2.18055201e+00 2.74660230e+00
    -1.47308111e+00 -3.85499686e-01 2.20009923e+00 -2.01308966e+00
    6.69008732e-01 -1.76041663e+00 7.45495260e-01 4.41858959e+00
    -5.75923824e+00 2.93592978e+00 1.42397678e+00 -5.61870718e+00
    5.06576538e+00 -1.65717363e+00 3.21674418e+00 -2.61380911e+00
    -4.37826395e+00 7.69161320e+00 -5.99809122e+00 -2.24357005e-02
    6.37527037e+00 -6.43333149e+00 2.13794136e+00 -4.58173943e+00
    4.72898340e+00 3.36985970e+00 -8.89906693e+00 9.05394554e+00
    -2.07758045e+00 -5.91725969e+00 6.79737043e+00 -2.30666900e+00
    4.98639631e+00 -6.39812994e+00 -6.13253117e-02 5.67063332e+00
    -6.67008114e+00 2.36825180e+00 5.69210434e+00 -6.96099901e+00
    2.34925175e+00 -4.86117315e+00 7.57207680e+00 -4.12459612e+00
    -5.28851092e-01 4.05542183e+00 -4.19019580e-01 -6.50833750e+00
    7.14984894e+00 -2.33265376e+00 3.75515604e+00 -6.44957209e+00
    4.99021196e+00 -1.78401971e+00 -1.19671202e+00 -7.27859676e-01
    5.03395557e+00 -5.26059055e+00 1.71831930e+00 -2.16163325e+00
    4.03321266e+00 -3.81123805e+00 1.94894826e+00 1.30020142e-01
    1.04660466e-01 -1.82060194e+00 2.11697221e+00 -7.44478822e-01
    8.12296271e-01 -1.50934124e+00 1.42303407e+00 -5.93170404e-01
    -4.19083089e-01 5.44941783e-01 1.03467572e-02 -3.35165113e-01
    1.62581831e-01</data></vocabulary>
</opencv_storage>
