<?xml version="1.0"?>
<opencv_storage>
<vocabulary type_id="opencv-matrix">
  <rows>81</rows>
  <cols>1</cols>
  <dt>f</dt>
  <data>
    -1.00720155e+00 1.07193594e+01 -2.43143024e+01 2.64972820e+01
    5.91317444e+01 -9.64123383e+01 5.82593632e+00 3.13654041e+01
    -1.14465818e+01 -3.41589012e+01 7.82772064e+01 -4.99503708e+01
    2.02197456e+01 -6.00462189e+01 8.78251190e+01 -8.10335236e+01
    5.16265831e+01 -1.25050306e+01 -2.97901249e+01 5.77669830e+01
    -7.91487122e+01 5.94838409e+01 -1.80124359e+01 1.74371207e+00
    3.48643379e+01 -2.72347946e+01 -2.57936567e-01 8.25743179e+01
    -1.04640579e+02 4.68500862e+01 -9.45311260e+00 -3.14565983e+01
    2.40446072e+01 -1.10132217e+01 -2.01811790e+01 2.12673187e+01
    -4.88076973e+01 1.66216259e+01 2.81711369e+01 1.23697424e+01
    5.98315964e+01 -8.56083603e+01 -7.45922327e+00 7.85784683e+01
    -4.80956650e+01 3.70837631e+01 -3.00145702e+01 2.34185925e+01
    -4.18731003e+01 -5.92401838e+00 5.61937752e+01 -9.52147751e+01
    3.59443016e+01 1.75929470e+01 -1.38447618e+01 -2.61344700e+01
    6.00569839e+01 -8.30165482e+01 -1.58711643e+01 8.59537735e+01
    4.04878693e+01 -2.35000572e+01 -2.57891426e+01 5.29556084e+00
    6.27668476e+00 -5.98187981e+01 1.59415482e+02 -3.06226768e+01
    -1.06260223e+02 1.73418579e+01 -1.90787868e+01 3.11126976e+01
    -2.89167309e+01 8.71536789e+01 -6.31631889e+01 -4.79389877e+01
    4.69285240e+01 -1.92400131e+01 7.22512131e+01 -6.24031105e+01
    1.34227600e+01</data></vocabulary>
</opencv_storage>
