<?xml version="1.0"?>
<opencv_storage>
<vocabulary type_id="opencv-matrix">
  <rows>81</rows>
  <cols>1</cols>
  <dt>f</dt>
  <data>
    -6.46604449e-02 1.86648577e-01 -2.08575800e-02 -4.63176966e-01
    1.02747726e+00 -1.45397082e-01 4.25270438e-01 -9.18898642e-01
    1.04221471e-01 3.91054571e-01 1.11294270e+00 -4.40046740e+00
    5.81403971e+00 -6.26092625e+00 2.39622664e+00 1.52463698e+00
    -1.81476402e+00 9.47471857e-01 -1.50669217e+00 -1.94412482e+00
    9.02122116e+00 -1.03602018e+01 7.32861090e+00 1.20902739e-01
    -7.67260075e+00 7.74163055e+00 -2.82960820e+00 3.89312053e+00
    -2.12533665e+00 -3.85794377e+00 4.63293266e+00 -1.68028426e+00
    -1.95580482e+00 2.85910463e+00 -2.01855540e+00 7.97448099e-01
    -5.77903986e+00 6.37509871e+00 -2.25221944e+00 -1.71724688e-02
    2.54451537e+00 -4.36454773e+00 1.16609478e+01 -1.14614544e+01
    3.70866704e+00 4.95826244e+00 -5.98804188e+00 2.30607343e+00
    -2.13091969e-01 -1.88506708e-01 2.72166204e+00 -9.01054287e+00
    9.04262543e+00 -2.83927751e+00 -3.56643152e+00 4.42409754e+00
    -7.42158890e-01 -3.06789905e-01 -2.50255132e+00 3.33256173e+00
    -1.74559700e+00 8.23274672e-01 -5.84708095e-01 2.10042214e+00
    -2.67447305e+00 1.22159347e-01 7.90429115e-01 1.11024570e+00
    -2.63469338e+00 3.26393414e+00 -2.53942537e+00 1.01117623e+00
    -3.77904415e-01 5.38255930e-01 -2.15363204e-01 2.74568379e-01
    -6.76876843e-01 9.98242915e-01 -1.40489399e+00 9.31801975e-01
    -2.39460036e-01</data></vocabulary>
</opencv_storage>
