<?xml version="1.0"?>
<opencv_storage>
<vocabulary type_id="opencv-matrix">
  <rows>81</rows>
  <cols>1</cols>
  <dt>f</dt>
  <data>
    -2.13211689e+01 1.00835228e+02 -2.09581497e+02 1.95025085e+02
    -8.60315323e+01 8.15727844e+01 -1.75659790e+02 1.79026245e+02
    -6.06563492e+01 8.24004211e+01 -2.70257751e+02 5.01757446e+02
    -4.70486847e+02 2.08704727e+02 -1.16927650e+02 1.76513290e+02
    -1.85284470e+02 5.46774597e+01 -1.56478714e+02 4.11918854e+02
    -6.75503174e+02 6.16810791e+02 -2.83436310e+02 8.28446426e+01
    2.96543999e+01 -1.89552002e+01 1.77664070e+01 2.44123688e+02
    -4.80542633e+02 5.99777100e+02 -4.57597534e+02 1.17827026e+02
    1.21384071e+02 -3.20262421e+02 2.37382858e+02 -7.15793839e+01
    -3.67158569e+02 5.68014587e+02 -4.66268707e+02 2.72249481e+02
    -2.29193649e+01 -2.02406052e+02 4.86085846e+02 -3.66092316e+02
    1.00532433e+02 3.82546173e+02 -5.91941895e+02 4.38571991e+02
    -2.97117493e+02 2.01454514e+02 2.11801815e+00 -3.81128540e+02
    3.14860901e+02 -9.15576401e+01 -3.09072418e+02 4.95325531e+02
    -3.37437927e+02 2.61050171e+02 -3.25169098e+02 1.27809402e+02
    3.49094818e+02 -3.37664581e+02 1.30345276e+02 2.16202606e+02
    -3.53410950e+02 2.32134628e+02 -1.84776413e+02 2.69097534e+02
    -1.07563896e+02 -3.13913910e+02 3.24610382e+02 -1.37393585e+02
    -7.33212585e+01 1.21505455e+02 -8.38337631e+01 6.00022392e+01
    -6.60706635e+01 1.19493847e+01 1.21916634e+02 -1.19377312e+02
    5.04720001e+01</data></vocabulary>
</opencv_storage>
