<?xml version="1.0"?>
<opencv_storage>
<vocabulary type_id="opencv-matrix">
  <rows>81</rows>
  <cols>1</cols>
  <dt>f</dt>
  <data>
    6.21701241e-01 -1.47151208e+00 1.96163654e+00 -2.64304852e+00
    3.41029453e+00 -3.72550464e+00 2.81364012e+00 -1.18042350e+00
    2.77743578e-01 -2.35844031e-01 7.90398479e-01 -1.51803815e+00
    2.90501285e+00 -3.78824687e+00 4.18135786e+00 -3.77760649e+00
    2.30572772e+00 -1.16894853e+00 -1.11694443e+00 2.32068300e+00
    -2.91954851e+00 2.19793296e+00 -2.24378085e+00 1.91317213e+00
    2.55283892e-01 -1.89807916e+00 1.93083346e+00 2.47012377e+00
    -5.88053417e+00 6.49820185e+00 -4.94580841e+00 5.01371336e+00
    -4.68445826e+00 1.06190395e+00 2.65129209e+00 -2.98514247e+00
    -2.89658928e+00 7.51633358e+00 -7.57244253e+00 5.26604891e+00
    -3.89727592e+00 4.48545313e+00 -1.69363976e-01 -5.11906099e+00
    4.81161785e+00 1.66078484e+00 -4.59286499e+00 4.05571699e+00
    -2.34121919e+00 3.71533537e+00 -4.31822824e+00 -5.21605849e-01
    6.76524973e+00 -6.00984526e+00 -2.11138159e-01 9.16202962e-01
    -2.23022968e-01 -7.82647789e-01 -1.74061489e+00 3.59892559e+00
    1.15212631e+00 -7.20941353e+00 6.15361738e+00 -5.59734464e-01
    8.16770613e-01 -1.31683636e+00 1.87590599e+00 -2.59593546e-01
    -1.14513814e+00 -1.89947009e+00 5.59648466e+00 -4.37148333e+00
    3.94400924e-01 -6.52357459e-01 7.22015440e-01 -7.56697536e-01
    2.43410245e-01 1.44798309e-01 8.76707613e-01 -2.00486684e+00
    1.39958823e+00</data></vocabulary>
</opencv_storage>
