<?xml version="1.0"?>
<opencv_storage>
<vocabulary type_id="opencv-matrix">
  <rows>81</rows>
  <cols>1</cols>
  <dt>f</dt>
  <data>
    2.63250422e+00 -9.67017937e+00 1.67351475e+01 -1.91391411e+01
    1.74085274e+01 -1.14703970e+01 4.12922335e+00 -3.73624861e-01
    -1.70646980e-01 -4.43725920e+00 1.44835291e+01 -2.36307278e+01
    2.54069729e+01 -2.02044888e+01 8.19206333e+00 6.50837898e+00
    -1.02782612e+01 4.34738541e+00 4.18677044e+00 -8.83139515e+00
    9.65130138e+00 -3.93281984e+00 -7.47159672e+00 2.11570244e+01
    -3.55798302e+01 3.15475388e+01 -1.18121881e+01 -4.76289177e+00
    9.83277988e+00 -1.12660904e+01 3.01699018e+00 1.59118280e+01
    -3.44293060e+01 4.87468643e+01 -4.12455139e+01 1.50499859e+01
    5.77375078e+00 -1.59307814e+01 2.33643150e+01 -1.40785103e+01
    -1.27129660e+01 3.88269730e+01 -5.34206963e+01 4.49539375e+01
    -1.61313972e+01 -5.15235376e+00 1.77891579e+01 -3.20695686e+01
    2.43537292e+01 7.96144390e+00 -3.69196167e+01 5.45230331e+01
    -4.68583946e+01 1.64802284e+01 3.70346761e+00 -1.96875172e+01
    4.64132881e+01 -4.64222527e+01 1.55899696e+01 1.79330750e+01
    -4.51591949e+01 4.27964554e+01 -1.47092762e+01 -2.88732862e+00
    1.75834332e+01 -4.37530022e+01 4.76966400e+01 -2.60999489e+01
    -9.94205892e-01 2.67059860e+01 -2.86398735e+01 9.80776691e+00
    1.13611984e+00 -6.37546253e+00 1.55777273e+01 -1.71409721e+01
    9.94154072e+00 -8.62537205e-01 -8.07718754e+00 8.95781803e+00
    -3.02545142e+00</data></vocabulary>
</opencv_storage>
