<?xml version="1.0"?>
<opencv_storage>
<vocabulary type_id="opencv-matrix">
  <rows>81</rows>
  <cols>1</cols>
  <dt>f</dt>
  <data>
    -1.86722308e-01 4.45123941e-01 2.55743951e-01 -8.27808976e-01
    7.68263936e-01 -7.08896756e-01 9.73231554e-01 -1.13169098e+00
    5.64687371e-01 3.37339014e-01 -7.15579212e-01 -1.09482324e+00
    2.86104083e+00 -2.48812699e+00 1.72643852e+00 -2.16098571e+00
    2.58894086e+00 -1.29932582e+00 -5.26662648e-01 1.40227675e+00
    5.09412825e-01 -3.31434917e+00 2.22513509e+00 -6.96570933e-01
    1.67748415e+00 -2.88563704e+00 1.50465989e+00 8.07748318e-01
    -2.39637375e+00 8.58499348e-01 2.56100321e+00 -8.32117558e-01
    -1.62107146e+00 5.34333056e-04 2.36653328e+00 -1.42306066e+00
    -1.33027852e+00 3.56695890e+00 -2.52177954e+00 -6.95385635e-01
    7.65125871e-01 2.58436251e+00 -1.03070354e+00 -1.82879329e+00
    1.28328764e+00 1.69877326e+00 -4.18732023e+00 2.80753565e+00
    3.83048862e-01 2.75669515e-01 -2.16991925e+00 1.21153343e+00
    1.20216560e+00 -9.65570033e-01 -1.29417920e+00 3.05965161e+00
    -1.75504827e+00 -7.58711934e-01 -1.00323357e-01 1.99943447e+00
    -1.35019958e+00 -4.58820581e-01 4.74297017e-01 5.05989492e-01
    -1.08901691e+00 2.14186236e-01 1.14705145e+00 -4.68206942e-01
    -1.03518879e+00 7.07665205e-01 1.41245008e-01 -1.47343352e-01
    -1.61346331e-01 3.14183682e-01 1.13083996e-01 -6.54210746e-01
    2.90254742e-01 3.98748100e-01 -2.57766187e-01 -5.16884103e-02
    4.37672362e-02</data></vocabulary>
</opencv_storage>
